1184.0,362.0,34,92
1157.0587229566333,356.3837145194757,38.00909522442862,88.12980301671269
1131.4550151795288,351.61063118468724,40.722873693676824,85.60872420289111
1109.6779895073928,346.25353515305255,42.16744322642515,84.18700623198077
1088.1639734411815,342.22300068538414,43.28345753658239,83.14021078743484
1068.6448678258512,339.6888655907852,43.971967839508366,82.14208998542176
1051.027748262166,336.23176281744793,44.51420562410576,81.80187048326819
1034.464870558036,333.3478975794533,44.81296518275605,81.15413465066378
1022.3001337707876,332.3536424242645,45.32055460197933,80.97064789072886
1010.0584339468036,329.765423963364,45.26617348822887,81.07211838186578
998.3337408841164,328.3101423823938,44.97193778743118,81.00746181724364
991.8788625552666,326.93602693783924,45.170314440248255,81.34642146611843
984.7675850688378,326.24070265909387,45.44775527736353,81.4527835245857
979.5981152719303,325.1723540963647,45.318372117272276,81.69438482484874
975.4298656917077,322.62091605280267,45.449045472053314,82.2245222645118
970.5675696902825,321.6475682963378,45.69087990654429,82.62060437412129
965.9200109316142,321.66255761964794,45.44200633501381,82.95866771968852
960.6714243106583,321.04317456055423,44.88278309255063,83.14010656736804
954.58253348782,320.39959061997945,44.38273881049272,83.33608792508011
947.944088393199,318.625225567141,43.25470651438331,83.70979972021021
938.6984986419834,315.9533741251632,42.390951324431725,84.33533243815016
926.6286817585084,315.39756920881035,41.9326389243895,84.1299256692934
914.8587665718642,313.43031232186877,40.777126280099694,84.08520665509062
901.0256306066258,312.80407159865297,39.50122902112348,83.47738231538938
884.3353210448366,311.89201455579183,38.16721801774871,82.23646344212725
866.0392119411562,308.6376666881683,37.92984638135952,82.2699394508119
848.7821081683553,308.8782104281904,37.30356625606281,81.3483612481113
830.6426273613198,303.94398526249336,37.130806678727524,81.32188360098988
813.4444970064983,305.87356473751066,37.13877698309726,80.03940006599427
795.6379677784524,302.00745226569404,38.9176374411419,80.34955164536974
783.2153122828653,302.3500467772263,39.84014264618358,79.61135358910211
774.6414361354531,305.28171295291,41.02117435995322,78.19083129632838
766.4403003010182,303.3773169048617,41.77114805519033,77.56291684945637
761.6349258625964,302.93605508242223,42.05946346035389,76.96977826288992
757.10214045892,304.5119002305375,42.75087350110543,76.31747761509692
754.165469884004,306.13252419372554,43.1335835474218,75.25010359008803
750.635293427269,307.1723580121373,43.19115936128236,74.02707963002233
748.0234875640751,311.25105875669897,42.957022674584195,70.79997599246138
744.4195430639576,311.12873699981736,42.675531792006694,69.89540380798246
739.8702967602948,310.07217531555955,42.41245213370734,69.88271846067774
736.4537109765657,304.06648727081046,41.48160087401704,72.66353424744156
729.4242831188776,302.06055015015835,40.17339115970573,74.31913102292546
722.6720807514656,301.7324272394906,38.89482165136572,75.44188380226878
715.10383279891,299.671092796802,37.52609905061731,76.31453742885697
705.7411566905382,298.27498943273514,36.04329086697043,77.12783180347508
693.3429705364888,299.0432320101397,34.95263924928794,76.96941366526747
678.6250554511055,298.40667205468105,34.652232847789136,76.97207154005199
662.007709539537,299.47982597105306,35.14746849416804,77.21818924441737
643.2493916901066,299.0202236440476,35.45780536490399,77.05661386913137
623.4771373712451,303.6534432346276,35.53161087762693,74.94671460496352
604.5602709712662,302.70378587627476,35.86070500570983,74.39317897987229
583.055824437034,302.4922315845536,36.158874197221174,74.08208040999429
562.0809191360219,304.68577529048423,36.969188949636006,73.10673616219559
541.4036481933878,306.2093048794569,37.253982910099374,72.15188584655496
519.8684669493856,306.09397561678384,37.486698913728816,72.62390789729172
498.45167638448595,307.10094115525703,37.65684315387961,72.84021668850941
477.41922790639967,311.00436935570696,38.14201293720062,71.13515166944549
459.9772304151877,311.4419228810828,37.94965293915589,71.41563849076408
445.2791963323872,309.47853395347727,37.8160122424522,72.44620662917822
435.1159689308597,311.3772936394183,37.25982239218689,72.6004542250696
428.78966957032634,313.56884220257774,36.52864730954259,71.55401176183666
423.25177471093093,312.1715435829701,35.536443864270964,71.62837889851289
419.7402471966361,311.98518478769216,34.652180777626256,72.3420541306704
416.8674357591636,313.3365747738773,34.4520639064775,72.37563280087821
414.7024055972687,312.0327972792074,34.055226036907875,73.39604484588207
411.8214537472662,312.77289662651947,34.12058127499883,74.65922383680481
411.8305258361758,311.3647233409674,33.81154354249212,76.08068820576061
410.460143129964,310.92995495568107,33.73318664046259,77.36334143141131
410.74110564070884,310.7933402293245,33.78875429475423,78.243641806976
410.724223412375,310.77541740388995,34.58297102192965,78.48200210628261
410.6162608213771,310.64081422884857,35.217399011542625,78.86978450617009
412.5128514714115,312.2965020533783,37.09287310698165,78.79788029265757
414.1830490968501,314.60709950925917,38.619451733057645,77.85402302738012
412.6829060575732,313.5350166611538,39.180299945400556,77.3476302519112
414.645437718399,316.31922917206373,40.81270122335822,76.41517629942724
412.69939649878467,315.4623804704749,40.81170199754785,76.15077006490958
414.89476334741227,316.0707774691295,41.2854855122067,76.00763024240504
414.4472671046467,312.74455462911504,41.00166024871439,77.18711449665273
415.6424127645868,313.41852165218677,40.59569815246703,77.7114643860562
416.8285824795,316.26789433663254,40.415405841781194,76.58545766462554
416.42707946406364,315.26889511107964,39.92143006113051,76.82315643311414
419.2333018043253,316.643627897272,39.436335234122794,76.54129645154978
420.4218421297862,316.9064023569536,38.78917401679475,76.90272568160059
421.46947468467977,318.2051052870657,37.69792196853113,76.18669799520457
423.62475068564726,315.7103237172155,35.976115083783654,76.85449904994397
425.58627777576174,316.1959971187108,34.69171751976557,76.8533365731252
427.7753835310687,313.5459109111618,33.58552444176887,77.48639473041075
428.95711024782247,311.70119952671666,32.50400765376912,78.581090936801
430.39542919785845,313.89165187364574,32.27606665311125,79.23656319606785
432.2319414476941,314.31307160753653,32.24815323742432,79.17373776637221
433.1202198223948,316.4634004642954,32.60187602903858,78.77727011633115
434.5068208282503,322.44444783510187,33.68777435912443,75.43202718135873
436.5015864753869,317.62330157852153,34.882904930085616,75.13836083221474
438.70724230205894,322.3281732151651,36.24318446326497,73.33210266634946
439.4998922248553,322.94456187162154,37.269044895992614,72.50208109074134
440.4190355516271,323.62136206056533,37.95753741725371,71.92400866695525
439.4400648874694,325.2468029441404,38.59199241744401,70.98513861855507
439.3009521505943,329.00908146234724,39.023797603108235,68.80420951182901
438.121835306422,328.0822645498699,39.31142887446073,68.61385224791651
435.0069918515526,330.15250830527043,38.68735601857447,67.64723863848263
432.1392585889877,326.6430962942797,37.82176358374343,69.2248242571437
426.7309042637078,330.44566905381544,35.879927312428094,68.16983437772075
421.5911152288931,326.71587479263917,34.409291759010635,69.70495390593258
416.6972318566323,329.3978561667282,33.12915689220416,69.56784357474666
412.4482241974631,324.70480031711327,32.81854794296443,72.24947224175008
406.7813683553212,325.74198144132185,32.36717967119348,73.89190686833285
402.8999720830323,326.2527540632729,32.39030241596668,74.77632170743861
398.73695670501303,329.4425566981281,33.22619034973961,74.1721070627282
393.9118207937779,325.05695036030335,35.237469862639514,75.56421512411984
390.04864238722166,327.67304462843504,36.99391700778325,75.64664755953623
389.9708167784311,332.78172012226463,38.564775134544114,73.26590545859577
389.4150024120001,337.48442015818415,39.85198675314829,70.24746827738173
388.1587342760155,336.8550000333508,40.858572097383046,68.6739568424781
385.5935917637089,333.0762458921939,41.3605459647697,70.30890347928406
387.45704045983797,337.576190454913,42.66633289868342,68.74884894857249
386.45233551461126,337.47674783254377,42.833793326246195,68.05956585835001
387.6696912390079,340.926910902886,43.30678146241394,66.28098959559517
388.33772240598387,341.17824340631347,43.00575330814946,65.28404663463873
391.20516142516595,338.6763623119084,41.95314150513679,65.60152952657387
393.7056484267762,337.82674911898573,40.92602919625234,65.78981536066138
396.2327397818492,337.02855872492023,39.682576466575064,65.87937547008146
399.7896252597891,340.97600249223797,37.93770199507024,64.05153505458661
401.73394261450505,339.74040748274666,36.2886913090758,62.7090348880223
403.98641846903007,341.77485345150166,34.90095761760387,61.52014783332481
406.66092354122407,342.1705369147661,34.10423934333318,60.53836647808495
408.2297980800098,345.1588119069991,33.91924905482418,59.20946053658766
409.9673549737387,348.3662051003168,35.173169691194474,56.6973078169445
411.9963761998996,347.9354305530335,36.57023588145077,54.95279306873777
414.1345004835275,350.8936329205187,38.108394662827806,52.30125039431414
415.73455658419516,351.28279621629963,39.8642913726253,50.78940329493981
416.1611298249537,352.4055933071679,40.88286425145975,49.72004812687513
416.85078074973643,350.13321369345226,42.110999535683405,50.18257774004865
417.6259034015353,353.556573317983,42.9538053795466,49.00492587379965
417.42532190738063,350.0973898876169,43.36804515008248,49.78295765152403
419.7244692483342,350.0088002454848,43.2573755902457,50.24921469457728
421.54199200602733,348.76580188225364,42.27476537759381,50.85323815443809
424.7017827545435,344.9332466074378,40.282393353217635,53.26270295211654
428.2148763031384,341.12334501203645,38.012950640793484,55.57542301303641
431.3959411703953,336.3684191114258,36.14766233694374,58.399682162890585
434.63215259240013,337.6198504527939,34.558311392348145,59.203490622732446
436.2520692584275,333.0288991804413,33.98925442748091,61.817644144000326
437.51570087425847,334.6153866339015,33.62458885206901,63.16215580934546
440.0672547824294,330.7406168711099,33.69022798396932,64.72321877242861
442.2358149269425,329.1270061480308,34.97816873009931,66.26985245003215
444.3049651564191,326.036866725527,36.73513194302123,68.29963385851636
445.0797192291933,327.5649032908957,38.12580934434783,68.4577178322711
444.41625364657654,322.3891648251821,39.18768008477657,70.68839093069052
445.74093673190816,327.07667873857855,40.593810129933715,69.74601080897575
445.12411995491044,323.2451094371236,41.64883955795251,71.4037630593466
446.3311451585813,326.7675841906969,42.35243441428273,69.93403938227814
445.4888340812732,326.8919582999379,42.698708180227094,68.24293886887418
449.08582552652194,323.4552197085394,41.89673883953428,68.64263065128063
449.48295846301806,321.39953766052076,41.100229924549765,69.91288451782567
451.77172620542996,319.97664286340665,38.93405613406201,70.19484659740547
455.2252805586458,315.8021546217792,37.26120035731775,71.50848372519161
457.46394999358546,319.12750971909526,35.57010111146191,70.45179818876264
458.7590579945151,316.8342711411526,34.37580490940725,70.31807575968696
460.4802507762005,315.05205265271013,33.552437900724044,70.88875358129852
461.75531818057266,318.5217652258142,33.167250601745316,69.58928204837163
463.39583073245666,313.3033625047902,33.827524936453884,69.96425887713836
464.97173150666663,312.7292882077565,35.328173949557424,70.71941735890104
465.22493001438124,312.17700168674185,37.33415181205781,70.81843620171156
466.79369074419714,313.5864550278151,39.92775523035576,70.56863657522923
467.46037713461465,309.5522316190301,41.73027722491135,71.67927394455698
467.58455793749613,311.19355910762835,43.07943454004682,71.50449860603233
468.10777469785796,312.26925328889604,44.2812004822138,70.41823475521568
467.4629508900683,308.6068890878596,44.59654389857426,71.69425710260109
467.81336440435757,309.3224432110025,45.02775117175355,71.80303533092469
469.2691779753658,307.95670466530083,44.61520850239347,71.79237069869521
470.49327308692995,306.7402731551325,43.50811324996818,72.07557551590683
474.5764834144629,307.3035086974645,41.998766569511666,71.68499005135999
477.2371913500279,310.6931327934037,40.06051415053016,69.70257108311442
480.8454361496181,307.11854964782424,38.38786305232637,69.46529328247655
482.8753417209147,298.50325098744025,37.33342300348311,72.7540723659398
486.0656223313217,296.41594196505054,36.676723477005,75.73339316950826
487.01911326549964,292.9718910941667,36.82592446997733,78.3417097550259
488.83734327434684,291.5014928378385,36.94939792396259,80.05722550596359
490.37587014653553,290.2981148472628,37.27323834462427,81.61354813750569
492.3074702499031,289.4996810442632,37.701694632029735,82.53895273080954
493.29664607263067,289.2619109161962,38.48104867505123,83.32151508167013
493.67834041846584,288.32532957831,39.40520575974803,83.38071291369253
495.23348839256766,288.0991082494464,40.00072035841936,83.32369512220104
494.28915164842215,287.04349500374013,40.53413871975721,83.36706577865256
495.1245319493127,285.0020344965131,40.68224103301522,84.15610251576292
497.5385933719161,284.2553850753767,40.58367141046469,85.19050853577008
498.56873226722536,282.47029513439827,40.17379950363526,85.77735101538318
499.65997291226006,281.97343636308597,39.61300705633924,86.35764692714841
502.19395027542646,283.62228523573106,38.57273177336583,84.96604659396755
503.616625576605,279.6919790204854,37.82039874913385,85.25398141215425
505.1011872471936,284.9023151839444,37.258517229245655,82.94805517898621
506.82699807056684,281.0818846540346,37.08327802878818,82.89525168802459
508.07853888351013,280.9185324137926,37.390895865792224,82.79501525053978
508.9525168759601,280.3985024314525,37.31835491995485,83.06575758826679
509.628420803071,278.08559702491044,37.43865399932679,83.48595621873378
511.2880612137908,278.09895956713575,38.170917367340266,83.49074053369723
512.1103055957676,279.0549214145814,39.48902931139448,83.3912252860716
513.2939505474652,277.71224824229995,40.7037096228431,83.35669248024386
514.0248343360074,276.29112741984017,41.82916128403974,83.60579447672588
514.1250886167893,274.91978816014375,42.295507580874634,83.41696970022033
514.3936287218891,277.87393074444367,43.0827834497765,82.33960189001887
513.8559372505302,275.66223578642257,43.24364612882228,82.51711167910798
516.0051981182122,275.2680214121958,42.96810412978658,82.51797328888958
516.218688191674,273.9569088071991,42.71452486176928,82.5389869510315
518.5965882902616,272.61315686158105,41.392669366742396,82.50140844480666
520.6031901270196,271.56400848800257,40.072443598499724,82.69774291169014
521.7462677113385,270.08113558485024,38.66101377165896,83.15440973850266
524.1588099026839,269.5264073461374,37.61275434014015,83.43561914561582
526.15383526773,268.4073612620972,36.6661759000869,83.93230201193848
527.4865050374564,268.6373824337959,35.933926570595176,84.40396132869733
528.245781045484,268.09967836613635,35.484313763524234,84.81829768667265
530.0174229467914,267.2501384308621,35.421803886690775,84.99111718124459
529.6910056014473,266.35344804920015,35.28792593089446,85.104215351795
529.8503270018958,265.7205406957878,35.6381063721848,85.15111221194006
530.9152225748802,264.799361997181,35.84551920570834,85.12670935524734
531.9089107188742,265.06824879285193,36.64825827416584,85.24201193578048
531.6724010984586,263.79843113837705,37.340012256207686,84.99935964707404
530.4552692535987,263.9677337263847,38.004164861943224,85.02763679527743
531.5258443605736,264.04267008310717,38.03003735307159,85.15011820780906
531.3943860987192,261.9797795118062,37.911835102366304,85.45418304181732
530.9800316527784,261.0004369085683,37.63141313487293,85.74154256469927
532.610520790027,262.03231751649474,36.78606901564926,85.98921323361205
533.4569042637914,259.2448942005402,35.86460333765149,85.83876384501335
534.7865841674193,259.0362974258705,35.13560241711461,85.56128576349339
536.061879265931,257.9335078122159,34.637792371458396,85.17070410213071
536.7227617707268,256.7736852586056,34.5199153013197,84.7921222806404
536.394544488358,257.62885254935486,34.79419349398712,84.46496641007933
536.1641089881937,258.7295191305311,35.02029276580015,84.65213727604709
535.7533404616879,256.65088730625905,35.20051817330387,84.18322599783342
536.1082946378145,257.8917543488316,35.665338214605235,83.56881674178989
538.1827194920526,259.4331935730497,37.37580247097303,82.82891009511145
539.1984847507919,259.09643443204754,38.83211069861157,82.63325723453768
539.9129224704478,257.9454885635395,40.41229898000288,82.68467594909286
538.5006668644246,258.4373377891504,41.593270763338374,82.52684419708987
538.9750300554856,259.3340460378868,41.87156464488806,82.50802486758576
540.9106890168619,259.69784243704726,41.64639540377634,82.2402709364523
541.3606719408067,258.37640154507443,41.09684764670687,82.45464014715583
542.7036037324426,257.63039986316625,40.435947442341295,82.7508427297222
543.7630750621302,257.9094776948473,39.45163307886476,82.61993316011007
546.0128561893117,257.5423228281507,38.292830101845375,82.3840127909642
547.9293152623471,256.7202859404769,36.73022140401663,82.14924135146805
550.0345411759884,258.19416523355056,35.62891569489822,81.53272055828947
552.7108589617135,257.81159358969177,34.64479513809641,81.47439277667117
553.9744561220025,256.62680182025315,34.01423778040896,81.50016528039208
555.8197882807203,258.6490467704037,33.59499680281712,81.29986788497388
556.5104049789214,257.0111985066769,33.505740335125786,81.68846419270082
558.331765506796,256.68840084921135,33.58169298543139,82.06802252032729
559.4305432285583,255.497890308985,34.174634368078685,82.44347414277215
560.4737369050662,256.0384050513719,35.14429254728948,82.33841206522494
560.0187450809077,255.4540975641672,35.997132030567315,82.45664251814999
560.9934764308974,256.59651432727014,36.79315272902538,82.64168814233477
561.9978141428528,257.6072322106818,37.77367408245854,82.2445352124255
563.5950378978333,254.80102528528425,37.79855640648185,82.42768880931433
564.6879245463821,255.25237498612597,37.72264639063423,82.55295876798245
566.7386591665223,255.0860537398322,37.15076394234599,82.65391180744497
568.4664328092867,254.5301501928391,36.56495237459063,82.55946584967337
569.9010995913859,253.50381974254225,35.641892614103156,82.25438444069678
571.4223371953253,253.30700777478248,34.87071867575565,82.10093501195848
573.1944686520194,252.84302107643663,34.47197883365661,82.18050447798609
575.7936235164755,251.42159533164158,34.21858487622866,81.98310328202935
576.4443310845277,251.77846489970887,34.3653814100463,81.51318433632444
576.9835462759179,251.65612362022927,34.3482455829299,81.82434943922897
578.9854510063377,252.2309930185479,34.37289376369173,81.81497624317764
580.1007808110519,251.6049463373413,34.699088402310316,81.35361440539558
582.449179842697,254.44839480546847,36.30883941128562,81.31700128261774
584.1494295973648,252.43875108849676,38.12800542929375,81.15916469312364
586.284344161567,252.69426246431868,40.36942202842859,80.81363876765172
586.7275337893183,251.8490796401602,41.92859941355089,80.88861745307801
586.472568201603,252.54063583134672,42.536202097770385,81.14442108632997
587.4946691733467,251.2800627332848,41.57680850389264,81.01659572483662
589.2762574552484,252.13637156144793,40.7937222721204,80.50304423061978
591.7576603115948,252.31100051570195,39.43310466977911,80.32511200570546
594.0037294343915,253.04823954967597,38.33877831383409,80.04751809303089
595.9904625865929,251.2509856712365,36.86822643814238,80.07688607940199
599.2998518005568,252.55565430515105,35.70490760494124,79.50371214165101
601.8126970566558,251.3026793486794,34.64920305465725,78.91240253310998
605.2735951869689,251.02318248874917,34.27275591512471,78.7311771367595
607.3901855973024,252.06753606732414,33.84642934250455,78.5269609464064
608.4799635460527,250.26897583911818,34.152026643246266,78.61716917137304
610.1976146490756,250.2655356174757,34.54616169305981,78.71720452188451
612.1110264231024,250.7975080026219,35.295128550279614,78.66243028381868
613.0753780339159,250.59291768147418,35.94136124173853,78.81562948080166
614.5629703478344,250.43712224560247,36.622136696909436,78.93175526465443
615.8563951125454,249.9557531658141,37.3650143403387,79.2063830726687
616.4560554587047,249.5990527122826,38.2015975786843,79.27152958520041
617.2386610915697,249.95726644264676,38.55784932564967,78.98814655806584
618.4261536206892,250.3616411473324,38.677981454910565,78.69715837916333
620.373344594714,249.50814247399637,38.56964076662662,78.61101912915566
621.4871835746108,248.78354250242768,38.28417777265352,79.03998591799618
622.9197050480325,247.5764382269101,37.66649505530233,79.12594739871881
623.7351036731321,246.78622401439594,36.661064016040356,79.13789437843465
625.033021981818,247.587664585356,35.59949863890304,79.0098514933505
626.3390665494616,246.08102979073504,34.41711226240504,78.93085118513144
628.2754452728026,246.56628288255246,33.6650670959965,78.31801101712166
629.1633234584053,245.87581038876232,33.09344280486895,78.18699311407693
630.7784842551096,247.26751345762577,32.962089717319955,78.27492486697503
631.6717248603251,246.082492095173,33.17444883892025,78.2240691543806
633.1062470887749,245.72966971937976,33.47880526092672,77.94504898897486
634.2557160097368,247.31851009666036,34.32220140337781,77.41569892289021
636.5570754007307,246.41776997252393,35.93548603935883,77.53578268678807
638.0185373023752,247.81338517913537,38.15108152317938,77.26754726868238
638.6499437802577,248.0318766030827,39.473687268586225,77.17434493836583
639.0908153522805,247.23610568333606,39.73925247414982,77.04629754446069
639.3473142635341,247.11830881944874,39.48031348953337,76.73223917262595
640.1854154788042,246.83293039214007,38.95251804141494,76.71203838564173
642.4023904653072,246.73442872217774,38.126020460987164,77.09718259470702
644.6703359471294,245.69151351068334,37.17328989773348,77.2422628956255
646.5172728490272,245.04747115393633,35.90435811053939,77.43334748704925
649.7696340667771,245.46937769320655,34.78311956175817,77.40868724054002
651.9194507662022,243.80942101667355,33.608516680486225,76.90352735141852
654.5097000546467,245.3068753102167,33.38807059383166,76.44124205534787
656.4777215158517,244.72408789489788,33.55627571829666,76.06220018676673
658.1967056043385,244.94401710531545,33.78357548565887,76.10215438800192
658.7858692271614,244.83820246091088,34.39040449001324,76.23828318852982
660.6791138962275,244.34703920956457,35.193865713404506,76.21813776739432
661.2370724444421,244.60491877544877,36.3029242029126,76.58870065711031
663.3047807343805,244.32588610382226,37.506420586902905,76.48123865661333
663.1439829224283,244.25409551142687,38.43031113268237,76.59282216074
664.3772778086461,244.0903784205033,39.12363346962185,76.84959289043873
665.7050786373312,243.89855757464986,39.03411762768122,76.52618807335654
666.838761672329,243.71788981161652,38.82186630377935,76.48618692950136
668.1431853283069,244.31179424392786,38.62148151623778,76.66289527679271
669.5084143010845,242.61713677342345,38.11784547009657,77.05298841604375
670.2919473312546,241.75703632009362,37.397367544522055,76.96892906879714
671.537463681465,242.59081272504636,36.389916387069974,76.64851371006353
672.5617533593204,241.74035799871305,35.451398676866994,76.4618346617536
673.391396613752,240.99396200717717,34.777112778355445,76.04700335380969
674.0826174102863,241.6102709357287,34.089129193099424,75.91629894885509
674.7977647574806,241.70830927877623,33.75516323406211,75.68526437701784
676.9427728132422,241.99157915336374,33.67030154148441,75.55877284561628
678.4002406512494,241.01003845214905,33.70127345824345,75.11795410156128
679.4660270209041,240.39096150625076,34.034086705262126,74.7772353126938
681.332593334816,241.95489636482233,35.1462452151337,74.3653232371522
683.9253580428885,242.85822013287225,37.37673142398854,74.57211869421641
684.0612909387344,242.6682853991981,38.89380606198434,74.42935937738503
686.3844518122964,243.87978790646576,40.39837847989921,74.28569701421694
687.2980535561886,243.14684778445508,41.26721991398989,74.49703013909763
688.2225957523436,243.8882707804894,40.62121474531264,74.27756610503687
689.9927185392665,242.34867411620598,39.846777276935725,74.04519021973644
693.1374127164671,242.7548937642924,38.522095343433065,73.98850348704019
695.7106232126149,243.13543217824176,37.33633719293426,74.07961476949305
697.4491962075598,244.21978994371432,36.09187247745854,74.24813373561824
700.7741313708746,243.750590479177,34.9109962914541,73.71012275258352
704.2600586279913,243.4324936928702,34.1611418992909,73.14586161328306
706.0474365271626,243.41716775664236,33.33035887926854,72.78456097109026
708.6055442627533,243.67263555073075,33.00876010730601,72.66759205771821
709.9874054980709,243.32257044695012,33.16564615717866,72.41362070277941
710.6092724451654,242.324611842808,33.41591555888802,72.52538263762618
712.7951543189376,242.51705180785098,33.58608296368729,72.58787514406369
714.471224063784,243.68566620754024,34.04465819567412,72.77310728218515
715.2474689560402,243.2471904419267,34.361324294950805,72.93437583001379
715.2288800813706,243.62216214976374,34.91034286460257,73.26759281473034
716.3879667110384,243.09902158104046,35.27580913163407,73.48736638381754
717.4250814718488,243.75851158043548,35.25509218325545,73.4908503742853
718.2991485614281,243.12836271604436,35.2546844445266,73.40871035892688
719.0641115882347,243.79920249525424,35.07827401591338,73.49980057589775
719.6371652715908,243.03239698568967,34.74735219607616,73.84134921709719
720.3921586216588,243.70451557990586,34.237701189299486,73.93545126206328
721.6584423808742,243.63809452049216,33.31453918844679,74.05773429885943
722.1768081290742,242.63498888696228,32.77030036782831,73.85944727490359
722.4928059222468,241.3981712540342,32.180525850818796,73.90733180833784
724.2965788697435,242.86137576558397,31.937283544692615,73.7971764473477
725.1881096090901,241.72653044980132,31.52813869197608,73.52792664922546
726.3467060647948,242.47036803220578,31.27848118095723,73.33042787601812
726.4660087167246,242.24546356871863,31.34386147280086,73.32340391725025
727.4146404206036,243.66354996649767,31.56135941758182,73.03752409044215
728.642306173172,242.1152058503971,31.48082954818723,72.62910062830733
729.3413968897257,242.25054079872783,31.879629926603222,72.41047846113811
730.2776915632226,243.12116816147176,32.59157427101589,72.38284678252522
731.268044078714,244.6584183106363,33.646330665814205,71.95005485821957
733.0022784844507,246.04889717523653,35.40018241098131,71.49349898448787
733.5999025183349,244.5415720631267,35.57499049555657,71.30946451632471
733.8454928839186,244.15106584114125,35.435570628647056,71.08159634506123
734.1344691604703,245.29514403642077,35.642820101911056,71.00623902676784
735.552093235511,244.35576923688137,35.082993094407655,71.02788718541697
736.97337042428,245.1956959457373,34.186514156322815,71.32207856750976
738.902584176891,244.18439721544235,33.320457256569654,71.63961316188875
741.235356889884,243.73314855230478,32.404225185075795,71.92390064929666
743.1944741977576,244.0320334874658,31.635892913078482,72.21118632096685
745.1608565384586,244.68942528758225,31.094561947496814,71.55242383889801
747.0562759348469,244.73805857250167,31.088253794368626,71.26127909523103
748.6151320515751,243.71816073623182,31.360174739623226,70.81961419648164
749.0869517309974,243.91511803928967,31.86927891105217,70.38819348685038
749.9257808917495,244.33887781017035,32.35182261591513,70.2933137155968
751.2368734700602,245.55561403165729,32.59818299152017,70.12983028629483
751.7566021715727,243.85828150731217,33.02384399669839,70.46512338674285
754.0358271157139,244.9693717746746,33.1967326093925,70.13455967330702
754.9708938344892,245.28697191373251,33.69468694039669,70.36747768132403
755.5403899521739,245.40698133532936,33.82507336713651,70.35383823266162
756.3488547644153,245.76723133102195,34.035048039528824,70.50034263580767
757.4998325758193,245.20571995612772,33.784255136447435,70.54797170883829
757.5878155395199,245.13158544072388,33.35117861334311,70.52084095937252
758.8555469393791,245.27501277477464,33.19073107241377,70.71457711158354
759.7047302002597,244.80391896039094,32.73777165514447,70.78486227453064
760.0250787906615,244.02154035027624,32.34921070480988,70.60381566175221
760.572200576704,244.0070607727297,32.108894745029595,70.45980118403281
761.4074602977744,244.57643219567234,31.86652166519351,70.53936583326468
763.0750333887763,242.6939795003256,31.50274999490828,70.14263487141906
763.7967281926153,241.5533153958888,31.30565250148809,70.17106391037085
765.2126330012703,242.09837474296017,31.2186243783188,69.77152749161874
765.843797558177,242.16080742192662,31.186611426614718,69.47809829091237
766.6172540377917,241.88930151030775,31.276844463479108,69.3525767889548
767.9253862410905,242.56438930982625,31.93737449047538,68.94167120944905
769.0217440334899,243.23317273532106,33.088881928137525,68.87014134576411
770.4952899084518,242.8945262239526,34.510717180166594,69.03452543295415
770.0407536281449,243.14352431686996,35.47528595660083,69.43595856840852
770.2036220824093,242.7545034345075,35.78764108908773,69.4939533360631
770.3221506625977,242.711335993287,35.426835149414146,69.4443476667463
772.0238933111219,242.1387680313429,34.10622033576386,69.3185790496189
774.251645771012,242.14178702704646,32.902683799772895,69.01502518907111
776.3470486088752,242.40494020030934,31.75225287990598,68.73453793434228
777.638832033605,242.14078412073465,30.76406872087596,68.07432775462445
779.9077226956925,243.36150837702857,29.89768937423989,67.47859762582569
782.3363206911673,242.17574707475632,29.593319311024665,67.40817992275296
783.9654390331094,242.8559292172982,29.31246910175001,67.441812830052
784.9505808246846,241.67911960881355,29.297904512740132,67.37789054311511
786.4659888142687,243.01903858359415,29.349302889040754,67.20310325273357
788.4171318990179,242.42589210532725,29.52794933672983,67.01349594071267
789.5822527961349,242.6195113297755,29.7309869614411,66.90100724767555
790.8250262286507,242.00475926502077,30.005526155979798,66.95878896507567
791.471702245899,242.00779234685052,30.09796208535049,67.10203005239268
792.0767593782256,241.91668591161704,30.106567303119206,67.33139258106279
792.5941130903806,241.8256863488711,30.11188368252011,67.09171507081251
793.8133276355871,241.9002830125056,29.84481079327882,66.9312760160044
793.8835230031174,241.81182742651214,29.569135634390257,66.70863579638981
794.933796033849,241.18830261847538,29.197883396169026,66.61443785386955
794.7630144908177,241.20442140214607,29.008089670708486,66.64705014004383
795.3620400245346,239.3814446786573,28.777873075930714,66.54436161924794
796.2086865241544,240.46116581718658,28.68829406594905,66.22682302871276
796.1962311359858,238.9386623416109,28.771813851075244,66.45473708435634
797.3311813419243,239.3409142168385,28.601477037831053,66.19690996964329
797.579140383696,240.42865262746852,28.735533319522098,66.43454960346138
799.730003489602,239.2057546605294,28.91300937821789,66.47797126976151
799.3561863727396,238.70515785615922,29.1823873863568,66.39699629940031
800.1816962740469,238.66861719705122,29.326655669679646,66.06063853070222
801.5919862183107,239.61511938313552,29.677569311425557,65.68782153646332
802.7896715259933,239.48214614908008,30.504259853286758,65.81212066570704
802.9529933608503,239.40519658830996,31.65549093943227,66.03404346888789
803.5157576610599,239.9548748091231,32.45569781264598,66.36849440030848
803.9633080218103,239.26582282695563,32.56982865852784,66.46437180214345
804.823707308397,239.0051264359721,32.15679986074507,66.37721355871986
806.1092008804114,239.124408683871,31.430295138591227,66.27231605510958
807.2905118908861,238.9970130326429,30.97471657467299,66.3561478849095
808.9150363579797,238.11672209860023,30.45642630747807,66.19728090045575
811.0052602406585,238.13131942976003,29.847832179815903,65.99261016391742
812.8711895376414,237.74876035154833,29.149375075107802,65.70909855959866
815.7035817242783,236.61023087451244,28.26674097038871,65.50451383691264
817.0795087469885,237.34133517783067,27.288431236491835,65.48075127519806
818.8283848995497,236.0063944326078,26.648238135470894,65.47486677443285
820.0621024789533,236.3853417257069,26.185777341898056,65.16789992260964
820.6614874118271,236.95237498835243,25.706444121658144,65.18672646372482
821.1775147690174,235.72214462379657,25.405346438527616,65.40972991744593
823.0209178736444,236.96332475528385,25.30998615212514,65.33456569939325
823.5108815520714,235.66449835735457,25.38421223765402,65.14263719642366
824.3221970416554,236.04273631390112,25.374389486025198,65.00777383215868
824.1690213742171,236.89159445956315,25.31924484922201,64.89395036310025
825.5329775094641,237.06957959178052,25.26268877990001,64.76060583108739
825.8258697577126,238.25461350046598,25.227792344926524,64.60522917582587
826.5184974146107,237.34148421371066,25.19477091784882,64.44009370636776
827.3665554082093,236.38967450817688,25.277539818347176,64.40137608130246
827.5511853478394,236.62565055829316,25.43602041760248,64.35041397130433
827.8894239312997,236.68821207956086,25.574484656931794,64.27991739361265
827.5132795767934,236.82946992165176,25.725302418678837,64.12090634810272
828.473147317729,237.03270929322218,25.891443401651504,63.8469044116025
828.8823567066999,236.9751850444703,26.20014559538935,63.76943276750474
828.8582102522467,236.84219561854374,26.50861611660035,63.5536458722875
828.8542666703661,236.95198454483037,26.884774154385003,63.37976809295645
829.4311327023227,237.48557799002668,27.293175879534314,63.51430239397008
830.1218523795196,237.18984028753363,27.558877028070043,63.47911459094837
831.0640783193768,237.34876605236815,27.88539316593399,63.087135864013675
831.448239972958,237.8106194093672,28.188511509161927,62.77742756310154
833.0698640220287,237.64877731166155,28.50895359656755,62.645087588590954
833.6926545863327,238.78483509437234,29.298009919131555,62.68798972336472
834.0627458476096,238.5563125463064,30.136776371187135,62.81761172379346
834.3295301666355,239.47893151583276,30.88526644895543,62.91312390681104
834.7724333803727,239.4189972243614,31.027978698238947,62.93655694287877
835.7456262191458,240.65323935147478,30.997700198427037,62.996698176933265
836.9582672742341,240.1076891890782,30.396972531609887,62.6035913484061
838.366773537474,240.2762979252159,30.094440595950374,62.20359921792753
839.2603398892978,241.04942511447268,29.488399200896623,61.97105028374992
841.1533321990045,241.36334235891348,28.891806671326904,61.734298558540246
842.0787048410416,242.30999698750688,28.54922483940117,61.507996747642515
843.9305787977829,241.5716503718357,28.347048581191977,61.255472449688014
845.9527679913905,242.78875425030262,27.752865506476894,61.089132734746315
846.9927195656455,243.0958235717175,27.12389009234169,60.93121662609629
848.7011246673646,242.72845737544438,26.67882061155975,60.585931928798736
849.2322198712742,242.54693041823933,26.47092402698284,60.537761477974456
850.1875708097394,244.29270861014862,26.310069562161686,60.4671645668121
851.8263274031722,243.50082594565265,25.97138388994468,60.66753756181972
852.0622878884533,244.55184249945484,25.86356814399185,60.5791915880044
853.4456618236145,244.49191160844492,25.953189292224042,60.64735659268045
854.5365469411911,244.45312522997432,26.201396474063138,60.872649686535766
854.4907845271083,244.96348569401388,26.229551551252154,60.951705980136296
855.1540824698286,245.11767241158665,26.287675514444388,60.88980776471733
856.2454241416253,245.08002417929373,25.936290998975856,61.00782883867815
856.9831512831292,245.51524122555753,25.611395187647865,60.9346969922443
857.9381409589366,245.59353560104697,25.786620914157936,60.69259798735921
858.4982059476689,244.7408187476721,25.901079559740396,60.457251054460485
859.1101616292236,244.02365102428936,25.965269392919893,60.963958937749375
860.1023908381919,243.76232916697316,25.978751038459826,60.99206529886617
860.2928089077275,244.60692653127558,26.1104881415762,61.05708199604259
861.5422801180204,243.14385594827095,26.561435857709213,61.77486439740343
863.1305251817922,243.20396359660364,26.31281743426707,62.029511771636486
863.961287801587,242.06588940702306,26.627641071630734,62.39800634220387
865.0468395923241,241.65550699500278,27.286310439375185,62.70682353440847
866.5599691878876,242.18309087009095,28.529124734576335,63.002119651419676
868.4014274789914,240.1486827215229,30.922944602563987,65.10781644171985
869.0818144152626,240.7115557780371,33.13150666752186,66.54331910798825
869.1970528929041,240.55595030751033,34.68209660676975,67.23691530294806
870.3651872340105,241.1244720352533,35.875246869869585,67.42157289726686
870.5689709905386,242.1249670031698,36.33054861950892,67.30536384522296
871.3556640140425,243.26581694146353,36.29813242113373,66.72649905164327
872.6547041283475,242.7161722119995,35.954172065570674,66.99101067854009
873.1395401411813,242.43039179620487,35.340670694199936,67.01723764782463
874.648687032388,243.12482533785504,34.21634358659106,66.94483784968054
877.1064965424032,243.79381798652915,33.08830696402164,66.55932142440265
878.771366101344,242.26682005138645,31.51161960395263,66.83972720679743
880.3223831849318,245.10756181211593,29.99494310279261,65.46207669315093
882.6405069441811,244.10920090605936,28.752952176090904,65.28699979920938
883.6937797095217,242.93017518136546,27.64451455556594,66.49417234234723
885.4146189041882,239.66286359729767,27.181061874240758,68.56128147239684
887.3429979000543,237.42476724669913,26.81264616766466,70.73802043824236
888.7780781917813,238.48087587919045,26.59972740549972,71.52102106876755
889.5345058075511,244.61541386111463,26.258670880014954,69.51999625238011
889.7023082690948,241.69984076777553,26.257111367083855,69.82479051034738
892.5715031541024,242.73733052360524,26.15193082558419,69.07625753189106
892.3923131745926,244.94250863042802,26.08515514495546,67.93306745594084
893.463376173014,245.38187995077737,26.134252292643822,67.07085008379684
893.4331185562253,246.091169752837,26.19705634458073,66.53483883905254
893.6224944559684,245.62655897783293,26.180243021656857,65.96712740566224
894.9339398617078,245.02762189713022,26.297845984592293,65.6203238326927
894.872587550055,245.01112663030744,26.598956369616708,65.36962296008826
896.0410887978153,245.02658511068537,26.833807511791235,64.91481683917611
896.4509668913208,247.0360382287652,27.138013727123976,64.58197627684461
897.3428697586739,247.4151300265336,27.243917465073892,63.43078731021403
898.867850046318,248.7283232735555,27.041323222793622,63.177905454842126
900.240689995372,249.55282589952895,26.713306898904523,62.260604914809264
900.7371122958053,249.66289390097526,26.940204119326868,61.907717447072905
900.9299829894858,249.69421276669982,27.481510461458235,61.3168356970691
902.330262596538,252.0353654405734,27.595486769814677,60.30494050557198
904.0385190220286,252.39904921550118,27.499377971567924,59.54485811196639
904.6610827621888,252.9269590887313,28.23209472952857,58.9626101428499
905.975596218711,254.69156105298043,28.598001898515566,58.139064173336024
907.3751357666085,255.13285987054772,28.536227490220497,57.79610887218579
907.2361891582369,255.885329961436,28.547427591729246,57.33686876365141
908.886382403482,256.5096809040358,28.416077966473495,56.751374886264344
910.2215972711562,256.44728126039774,29.404339637375077,56.76624985713417
911.9381225475984,256.6369333314455,29.973898337420394,56.92556571015587
913.6110234969346,254.61088048333298,30.57456860671674,57.89606740247465
914.3191744512729,254.26728221787684,31.066012059368155,58.634197771277556
914.8694561349313,254.27181675885305,31.157709434239035,58.42909902623923
917.9266946356382,253.96442724132734,30.752079478723648,58.79244373511875
918.8084161726327,253.83762819586607,30.30150261567196,59.37070308092409
919.6895099121413,252.8531372887381,29.559151562436163,59.96288435807065
921.6628795907211,252.59714425179246,29.07394479804993,60.370378244461975
922.1780095136467,252.69649836574504,28.644942276417723,60.89708810737709
922.1853888470815,253.1205689203739,28.373256119313535,61.3110319590569
923.7610582939262,254.22848329922854,28.052224232459977,60.98831538396479
923.642225740487,255.91117487943666,28.158511165510394,61.12674692081416
923.5725742137548,256.8648036560473,28.31937488792013,60.87041405021016
923.8334838282514,256.9654924398531,28.185785029044066,60.60743675115315
923.7191335122147,258.518693094013,28.070811955062776,60.65511869478657
923.9642217392894,259.64783613349886,28.008476687436676,60.17451205917416
924.9939292399224,260.0425185142381,27.933100992811337,60.481735432461235
925.1122412898508,260.18550880360954,27.962239222056255,60.547561494343405
925.702160524965,261.64436849516153,28.040411616085507,60.9714101044035
926.0745300179941,261.6302024538509,28.027713035300764,60.659593261243444
926.4022709728035,263.01739435715456,28.121468186228903,60.34166087065179
927.1622597186773,263.9003774884006,28.17606039662976,60.19828371948795
927.1660772031897,265.6236541884893,28.174818860222214,59.61948239450577
927.8223937014401,268.92759687760304,28.442126659619753,58.88295016569242
927.4200225001877,269.0213124017951,28.645993207632415,58.1064077891832
927.9466642975091,272.3012143789595,28.885617327833383,56.82129255555755
928.479317656163,272.806257189339,28.9765148341584,56.69107448850943
928.8520360940203,275.0107198232078,29.050490189889253,56.741255666084434
929.5923888869332,274.2432510879671,29.194830380430325,57.739816183440766
929.3358895314936,275.0218862077655,29.572697255372155,57.85580949364876
931.6178591707493,276.88805215879785,29.348266033501403,57.91995586306839
931.425723704404,277.97303308269073,29.252892190801305,58.1611573453607
932.693410588828,280.7485477328483,29.200184437578457,57.72380602356118
933.1813041661477,283.1478355174008,29.316545110087443,57.05384678746404
933.8560196948583,285.1738186532515,29.63308390129901,56.44081484193447
935.1767620767279,287.40626971309746,29.731009537950616,55.60338464607075
936.0143055639254,291.00616623961434,30.149992998125697,54.21296354127908
937.094379527293,289.805087991402,30.155051980570402,54.74750529161004
937.9673050222599,288.9817030388583,30.433676088292685,55.871493824627095
939.1941801565723,290.78515831826167,30.72507352474607,55.52653089765636
939.4930923265681,291.57915954965983,31.036611977723172,55.45575560771164
941.8615617078619,295.1934538314875,30.330953732713716,54.337106619251614
942.9937381838506,296.3405071244124,30.167079906712853,54.46948318769862
944.6613928485932,295.81039256306224,29.456190743243226,54.77045022543798
945.1548042032714,295.80410724932887,28.99781041669938,53.80481040368605
947.6096150446073,296.97164649969864,28.13611659047303,54.10985336290746
949.1843935897272,295.40595805767794,27.423037161366075,52.86627602331595
950.4509446001265,298.4690487447071,26.965527181582857,50.93412541097644
951.9278682703015,302.13936578510004,26.46433181877206,49.28509594444833
951.5490270617323,305.591619051444,26.84216194098844,50.2177476148854
953.7663432522237,304.8680076394835,26.263669696724453,51.321311991540824
953.2015135948171,306.9345515544931,26.257617341615685,53.87326749648251
954.2457578456101,308.49534531258786,25.631287043154686,55.81089934064463
954.4016627067748,309.74781041803624,25.584736109887793,57.53718556041193
954.435252763236,314.59972851322044,26.090447232317068,57.13504614738719
954.2565194715581,312.4644464837006,26.70618407934466,57.82255661755975
954.8695470148391,304.8952123149988,26.6406667125094,59.691402152229
955.8998769123,303.52123443779504,26.880391439071786,59.85676208144116
956.6599347435032,304.57450908336665,27.115646870415397,60.231047751235415
956.19313734229,306.23832887779554,27.154023777334,61.55508052565897
957.0380286093704,311.01343692516133,27.623176790048394,59.95823357155232
956.8813785799924,314.73939733415773,27.872267864429283,58.542689706684584
959.6940910480654,310.5841147884247,27.513719148986404,57.9382920295959
962.5402026829041,307.0450277977908,26.95728384317608,57.55883966809027
965.5591438520619,309.36095270116255,26.049558975563833,59.17859203419833
968.8471347740658,312.93813221212827,25.931432356165367,57.49188437945442
974.5397764211465,314.6009026112437,26.042547987785085,56.68622578337195
980.3782842424307,314.6296556801567,25.82289928857615,57.03413041214759
988.9383828720675,316.9980700618749,26.224384768560398,57.09216248855485
996.8015957797983,317.1035526874262,26.152469451145738,57.492693209132
1008.1496490447713,321.13017634486374,26.474368292293395,56.35118905831938
1021.1505694330409,324.73350049724934,26.5868616221995,56.11667820472013
1037.9429068134093,326.4375043760128,26.558796968884586,56.41672403606041
1059.4117495899056,333.16436854932925,27.092669033079396,55.969785850560285
1085.8029272775907,337.9617324177866,27.478343442865405,55.860592781614294
1113.4945151123839,347.6572616228429,27.632475512536885,55.19306037247823
1143.8665228446853,354.36993048354486,27.618532069418684,54.872977778027476
1173.2574799407223,361.55040054774133,27.46447127089933,55.48914946604078
1205.6546854770586,369.30864166793646,27.12118629685952,56.22326231842393
1235.1019508223092,380.77696726890775,27.297288540928434,56.62233499343447
