740.0,324.0,47,85
739.2416336815764,322.0343201072748,47.87381881848778,83.11861564482533
735.2541419181185,320.8644759288661,47.34964157880198,82.48280961687715
733.4521019381018,319.1801593982426,47.28117515211662,83.3605063988273
733.1597788163623,316.8389279864038,47.198218856533316,80.75790452523923
731.4722653725596,317.0280748578658,45.538623551755755,78.95762897079183
730.5563014101601,314.748302334473,44.9272073603438,76.75234247460864
730.3693625583321,314.5356315450263,43.12396104056227,75.39824984940047
731.3484681141144,311.5815060436748,41.26262798075551,74.01528686284574
735.388036073534,309.5852046215027,40.41000878554924,72.46559234390867
734.7412203281224,307.0321933342831,39.836635881841076,68.9566094251839
737.9622324993517,304.4860648737569,38.85448092414827,67.02358253275968
741.532910684957,303.3921045055097,38.416844645710995,67.07161069112907
742.2389374093668,302.12466567690086,37.67686456114926,68.12939179072949
742.2936986058932,298.5719883993643,37.74713647962,69.23387659482613
744.3001355247442,299.7443582365822,38.24875849152717,69.33615840476537
745.9867927022394,299.9865242721613,39.42221232501325,69.23099198302117
744.1357939545883,298.4805744517793,39.770205914065514,69.0662101052304
745.590339342336,298.2350907484408,42.00393740419517,68.87451454804025
745.9306531263929,299.31243738945,44.14142507045623,68.19920664199842
745.9110630989751,298.85851351692804,46.43001003251846,66.69579950422983
746.4325623630643,299.9415073356723,48.66060159223059,63.756145484905346
745.605520910455,296.6126874877087,50.846666919324406,62.30334206559823
744.819261373158,294.2326796359817,52.20748555446517,61.14441245655226
744.5969114997923,294.9273363796036,53.33782372893087,60.188494355050594
744.8603612097746,291.3596583061932,54.51536156482565,59.886579383707414
746.5036505351034,291.8437371600624,55.88501765537918,59.40499394159398
746.5025022631228,290.11011718101537,58.64334142102001,59.50817445144581
741.3587845577148,287.5961216570187,58.81741928789075,59.38575961565005
738.8927620095594,288.59932522626843,56.548567167404585,57.88620367343967
739.8707710439439,290.4905026441255,53.67175747265907,56.12238826643645
742.039458801703,288.35947460854476,51.672745604601864,57.032149415722934
742.2726966689247,285.6109388331067,51.14906466996305,57.40171852519288
744.7686885419811,286.6230736208139,52.27623680763942,57.066047582591
746.7825964054745,288.4343652421083,55.44727361971516,56.97384458902563
747.8291807226138,288.47234195238457,57.585535039147345,58.07931817042615
747.98430890078,286.7107091907248,59.335276241408806,58.2257526390582
746.6461244247176,285.4318712789656,60.47616850896313,57.79627636296723
745.3510380523059,284.0036327079683,61.250469061403834,56.57475057527433
744.5240002331185,286.25551124538106,61.63817201911448,55.27117355415971
746.5553192544779,285.88041181320926,61.74042045100504,53.28936253080804
746.481283081315,283.470448763118,60.34602758736992,51.59309905579531
748.9208758335275,286.31724988221237,58.93113651653876,51.48644139768466
750.0485352696912,283.80561465602244,58.61391273698473,49.68593560494728
754.2015185649991,285.07127460151764,57.77613157117369,49.61956627548037
752.0215218588394,282.97212891838086,57.84869517392289,49.133363623199244
753.8844672905461,284.8080124299467,58.400117542931156,49.8457060971378
754.1831561791926,283.9155580585236,58.1239983105601,50.08860739369507
755.3066699057307,285.37121974697584,56.736712068421326,50.135825886907696
756.2514581637222,285.51940387646204,58.11836052802437,49.10317527930245
756.7032708099389,284.8849108829166,59.671262945552016,48.98219239432306
757.2903738236871,284.205564598917,61.51744266024304,49.20869807267372
756.6420187510739,284.8250858600715,61.48901852812556,49.13478616559912
757.7778756875535,283.8928239322963,61.866581388564846,48.227489952790194
756.1309181917536,282.4456822989778,62.00371232254744,47.25232741864598
758.0064943506278,284.09403234642747,62.534099921791196,46.400329472184076
758.9687823699552,282.45716840589074,62.830089679034835,46.44552646946852
758.0098018330041,280.30026343993705,60.043003145515186,46.78256027832899
761.9263326583634,282.7257974451644,58.26189767155442,45.81950801494467
760.8061599155453,281.19391595238045,54.24433910445629,45.631989262231265
759.991461432466,281.144746238127,50.05195872686481,45.74987519952715
758.058032656473,281.70342835952175,48.20699376908529,45.60666256806586
757.7893923365751,281.9893999738746,45.83231762177153,45.53897654150861
758.292157479818,283.7539360287011,45.59316001594999,44.3970199103712
760.1094316223985,285.51899863775384,45.8966763059844,44.000683754765795
760.3567375371651,282.05200695788335,46.58687892957596,45.1715598147021
762.8402338430257,282.70520961970544,46.76045028269877,45.204891429534435
760.2421064203907,282.73619121986235,47.05579570414053,45.43838416183786
758.7143063230931,283.2753415242186,46.23262697783724,45.76386162929717
758.6254487093456,280.96857129589637,45.40173624830103,45.205160875004175
757.4505905006878,281.707960527244,44.43715212850732,44.1584808009808
757.8966818995978,282.6460758541439,44.18068100060912,43.41504738839194
757.7387594526044,281.80062252181636,42.66876710553333,43.314038159492235
753.7666882383496,280.18402688531245,41.035639026230385,43.6212193006642
752.3428070045238,279.17717374855425,40.008920292710144,44.32379886519616
756.7409525429675,280.13656419025114,37.999967472658724,45.911975989614916
757.6594030208466,277.5397394197047,35.543651233697396,45.72450675629376
761.545158661565,273.38765083492206,34.10839788683086,47.15807845710903
750.3258983886825,291.8228124241674,38.54542307126778,46.48119094756363
751.5277223035091,288.6979068981122,41.10661899161449,47.76333537369754
741.2460618184988,289.36401200828544,41.75963112374459,48.26338528518693
732.8538877954006,291.5048358451979,42.09085416994099,49.23724603421366
735.1409160764701,284.71135391775886,42.626721924208155,51.00639983049793
727.2805291378493,270.3705973671122,39.06894660711405,50.68214510952558
717.3594551908392,266.47540847874126,41.2232282901966,48.18443694876745
735.7354930364853,275.6603538631219,38.09760218386525,46.449479651685884
736.134498689375,278.13409023549286,38.02903728921858,45.27848090596736
735.4908985085927,278.6712797610157,39.35052414980664,45.263107592226405
732.3914945026553,275.5995125795462,41.6382298667598,46.31948375204048
730.4396648057581,277.8504802805015,44.345401833796444,44.958448008332944
728.1187439736204,278.2277958929724,46.742172086938865,44.29015101190677
725.2384056701782,280.3843739887432,48.66869647214372,43.634846993216655
717.7596405975207,278.02805217356536,46.09013958132578,44.46904213724426
716.3117585297896,275.3999819398723,45.09389016698336,44.827187609513196
715.4748570539181,277.82925538895773,44.29877527204657,44.39524593595168
714.8207632323513,277.0398177853896,44.219664331195794,45.148834277853645
716.9271753278123,279.01488844279453,45.29210320179733,44.7749563907781
716.0413381402705,274.3679381602553,45.665416370826286,47.36629653105192
714.6856897768018,272.46878248372457,44.65533858604469,48.82114780110557
712.7958678637166,272.251241028389,44.0986939600669,49.28349816783139
712.6661847678512,269.36103864579087,43.18650558636799,49.87409885587918
709.4485112102166,272.78649445502515,43.4412038979262,49.52196653428558
708.9168660071444,273.2684292975672,42.39182340563288,49.049582444904715
706.5185754696549,273.16470764120385,41.86066095033864,49.19124511798289
703.430338733864,275.48392635709166,41.43898989067045,47.640087959644816
705.0021558670119,273.0555210829448,43.372549838241966,47.90948090539956
704.7104832366556,269.3665833091626,41.497368487626375,49.153521614096675
709.0922174606142,273.6198005232634,38.22971913150599,48.843788235699755
716.1595049524933,272.91425492526594,35.65227305399778,48.89405484673378
724.3347483612916,265.2035574477453,33.37002354108848,48.5186510957203
709.5780030443754,268.52591803898406,36.98239112804615,47.20184129019595
694.9133901798498,271.8957114381609,33.42297549967554,48.82133957485003
703.7422512848642,270.8063916497399,33.194803460545,49.07917226692648
711.0145068180823,273.74236297657654,35.57552432770268,49.06178283590941
715.2040927720963,274.4644901867686,38.758593020260555,49.40306613525181
719.191193018657,274.3235283274896,40.499571970498394,49.789924546192665
720.7479651296616,273.3546767409853,41.14792960395802,50.82723709420118
720.4278566104042,273.8756700437916,43.50901761415246,52.0461910403465
721.6595686672803,274.9354002785428,45.07849144961905,52.062243876508205
726.3497550469119,277.46249728181294,45.77947855363705,51.19248285336635
727.7004111228428,276.84162164569955,47.61179677286914,50.4266199898509
730.9279739277449,279.2818053934657,50.00911867283037,49.20343328045146
732.5396618229452,275.9684016005664,52.90056527012527,49.7938181367579
733.7229337238047,280.45868801424626,54.02872666860161,49.480557931468454
735.2588707808026,278.70790623572157,54.001042007730774,49.51862051195527
733.2265672924318,279.53974102998933,54.009435605566104,49.074814815021355
731.5509174753472,279.4222834617208,51.40738135789941,48.97917880409749
733.3233401706219,279.9911778569206,49.60183955621713,49.3032735586197
735.8617179532903,282.3142389545441,49.11347815591934,49.450486324310155
737.4202384497934,280.0422121415532,48.60384377912423,49.35591385165924
741.7225883834635,283.8055929481365,47.37611229557291,49.28189576876608
745.3918026669944,283.87880585265214,44.04114747362839,49.23634581422698
744.0601594525747,284.84926745187323,42.6273007237569,49.301053108948814
745.3527232943056,283.5803402252284,40.981763494396446,49.663843475324505
742.2167214803624,282.1606751542024,41.033308137908165,49.62757852460297
738.918463746503,283.34514486915594,41.811738888829865,50.137087581024
735.9588705176317,282.3363950064119,42.70846440907247,50.22316030455895
732.0060677701618,283.2982150459489,43.4136151920982,50.561315269430374
729.3915503274751,284.81332374246125,42.4191698528622,50.68481491742126
725.7992235102728,284.70199276785956,41.78055078218887,50.43581243791366
722.9190824677144,286.7644258675388,41.837768902461924,50.25746418289115
720.5168464204536,287.7654274099855,42.83183145108504,50.23324430112283
717.314817563226,288.54362219387315,43.260822026868205,49.59885180365994
714.6256187182844,290.4968480082301,44.02772374507188,49.233019071430526
713.0056173417785,290.8834989467671,44.35891302152114,49.439880768575215
708.7362728985839,292.2248732214339,45.18910581416021,49.448416398929105
704.7195688108472,293.1777949327292,46.70257075232887,49.766938210713384
701.615784481872,292.98695209277435,47.4439528868419,49.42344994042784
697.3789665247629,293.0660109558768,47.89474639383373,49.40198992906679
