559.0,325.0,68,143
534.4200677510971,325.5588183485288,66.325208736087,142.88117311739552
516.0992513248935,329.5619651945699,63.5587910513848,142.89474636867266
504.6825517155253,331.2579188336706,60.483163170511894,142.06591892445567
491.69686821514784,333.72948366712654,59.16684096228248,141.95906245090316
478.44262035643976,334.58386414308865,59.34736426758926,142.90356077632273
467.64148694953224,336.8800243317635,61.300735817732445,143.64397355326986
457.58542825103797,338.4662707528984,64.76990887878343,144.5153955059219
449.35586199191386,339.7877168439354,68.09412318414103,145.56577114611355
440.8928543438097,341.53405247570186,70.90160820691185,146.67096975562754
433.19545793631795,345.2594493005923,71.72895717423907,146.8763955882686
430.01881777833796,346.1432008565285,71.94307733394913,145.9132748006149
424.8628928347547,349.26652487448325,70.28025681095934,144.48779375689284
424.77489403586225,352.48079582942194,65.91536085405676,143.80235487435922
424.9596923104098,353.4390931770102,61.30583510574281,144.74013029637027
423.9977329910245,354.127186799325,58.195940267950995,146.06471819822505
417.6754277627905,354.87753364324135,57.35480243340339,148.34847885609537
416.01731770941996,355.6233182619017,59.16726887803508,150.88196455041535
414.05952434574397,353.7175042649128,62.940887831949546,153.37141847212752
409.8100982757928,355.7767548044161,66.49143674919557,154.15962515679274
407.170241188955,357.5036625707277,68.42041239748065,153.49673369643514
403.9384857594366,359.2341717000906,68.48344107878296,151.57612071114696
406.02423100358686,362.23062590160544,66.60025015102939,150.0149750034297
407.2013742819173,363.50017737739324,64.10057785218105,148.04322434677604
410.37267873264653,362.0066719314181,60.93130879447257,146.02523035591375
412.11442578172307,366.0157116259397,58.733184569366365,145.20322640632378
410.3204640581377,366.4325918180822,58.06933799700589,144.63966865875744
409.25425049869017,368.32590684559284,59.37953000847908,144.88074856467364
408.0211347819936,367.6310707691658,62.327511930153335,145.8795210593247
410.3691027817523,367.856305997864,67.13041626266723,146.72723785778757
401.92663454862355,368.37741065851714,71.47610712345598,145.62316940562198
398.67708296633134,372.42304087405233,74.12535677241547,143.08995340814533
397.4637770886506,376.12564110223735,74.26101393793316,140.7802119361503
396.10663227831986,377.9688037259388,72.30419149804777,139.0835107121849
397.7999335740355,381.33525937069754,68.22810526403836,137.69236578008926
399.4142858364387,383.18031239884397,63.94172251657569,136.93847798551514
400.5450648268567,384.6499331957915,61.22423191855228,137.75115899904193
399.31192814916193,382.66608226311814,60.18199086964486,139.15221047376366
402.9708067015905,380.6349477629708,62.53427771010025,140.5709553041365
403.54458182003026,380.2076775044841,66.04779925056448,142.41536398517252
401.652711114903,383.4021035577118,71.11980970378778,143.66066715215447
396.796311848083,380.8308555172976,76.33706380383394,146.21985024470166
392.7808464401562,380.8439111813587,80.025801016172,147.543226221267
390.2876286350404,381.7705694184717,83.54846099163792,148.46069221774405
388.95107873969715,384.5705592650409,84.21658641709008,147.8739266359338
386.34931244204256,385.02956361031806,83.53831359247744,147.68263303327018
381.60621987139365,389.52885397743313,81.2083061068221,147.69586260177434
380.89301758226253,388.3015945419749,78.7589172280531,147.40093078909706
375.0894419638789,388.6995835429526,76.85349522263274,147.7321195351885
373.32207566412217,389.7269964761845,76.18903958972436,148.5620592937247
370.16434622734766,390.07792496890426,76.71976945936717,150.25998258172274
367.672352657903,390.584005798699,79.90511157872527,152.7342711174457
363.11029412856584,391.90623464754924,82.91655773896203,155.1473085369327
356.0224885105625,393.4070435910471,85.46707742223444,157.02117893118697
353.7179337639881,395.57606664361265,86.81364419077373,157.91552418347786
348.1262820252219,396.47877132662404,87.99127139877496,157.56009650690822
341.92469766595843,399.12928094453144,89.33328289073938,157.16163464414026
338.6535633882323,400.7278379941971,91.16403411220716,157.0865603397308
331.9691091125711,402.3491552114489,93.46186722407651,156.65993542671157
325.2181882329567,405.96394295681955,95.25487719619593,155.55746564886095
319.5142590275717,408.028400583122,96.24647584134097,154.66875425367783
315.0296660126563,411.7763025529449,97.0419863340623,153.88315539215705
309.221533040803,414.749687413011,99.45833162347208,153.49934343569674
302.82530721835303,416.0411508198053,102.17345172540337,152.07986877054563
294.93391009604,416.7985936203909,105.47266442706064,151.87049464398385
284.578286078982,419.8415182120158,109.605879013911,152.33817329276528
276.4539875841175,421.2901101651321,114.49888518332756,152.4858502263765
264.2371209181529,423.776998961215,119.58953990197539,153.70439441155438
251.81797791399896,425.38947132335,125.8977966134083,154.4393495896282
236.58746507168922,427.33525779787306,129.86504788396527,155.00718826167576
225.0296619013697,432.76268411796667,131.4906639902293,156.1873087660198
212.24686236049345,435.6267019316335,130.2469979352631,157.13127020899864
202.04122846989878,434.9112411419437,128.40118563832746,157.66741639775313
194.2908441107167,438.085513029788,127.74948853637908,159.96950738768967
185.16277139592302,440.5734601202185,128.94160808706025,162.90047355839113
174.18552297349626,440.57611334158855,132.07933247097623,164.33303332658858
166.73742666059084,446.2300198021103,135.52246113194332,166.08308173367004
165.024391505643,451.1802612866055,136.678756051214,167.41441028811715
146.4120663561539,454.5004135124421,136.72158261972342,168.86199646144394
134.93383721104902,456.1008704338056,136.7525038005582,170.3709825210607
124.13767939987514,465.22674953901594,133.48855721587472,169.70815253329624
114.09946535712471,463.852355411593,127.41422846543807,169.20767321001708
105.94889689084008,466.72897007377196,121.29080485113235,169.99942679581542
99.15869569982739,468.7944083540878,116.91271113940772,170.66835492268376
93.50786229573703,468.91349042868626,116.74452931477596,172.83393833208055
84.48999184528013,468.66857747998097,117.75634443443974,174.6844209677725
77.77446583829237,467.7528171128472,119.06373922185276,176.2555657254775
67.48535864719705,468.72094604648987,118.09263719779341,177.6880822722547
58.620430295779165,468.81548372047166,115.85087524828542,177.9872881742911
52.194545106695514,472.8647298396765,111.19739660301522,177.6386738655689
45.699955726384566,477.1559993404518,105.58385319566837,175.45695273511203
41.5013571491327,480.5431436342604,101.2018755454846,172.69572567093235
36.53804151015982,483.87500362309015,97.45077244843036,170.10067024405413
34.49162574246851,488.9653639931499,97.15651902287549,169.31100175002834
27.76479271731433,489.8494567585583,97.34266798334009,167.92367559421155
24.22831437502704,490.7203012071345,98.29263882807092,166.77543152127788
18.39844204842572,489.5020820799884,100.48522039533606,167.68031459978883
9.559409559197917,489.47106068884506,101.93483078394792,168.29979146410676
3.6146771973977465,489.5458982029545,102.9132237302045,166.8287053030753
-3.8476691641634844,490.55896441670996,102.14364155098322,165.03554406697074
-9.761215386532712,496.0863015745973,100.41256749181542,161.5095562746335
-11.582536431671784,498.5344150064765,94.64023155474982,158.70958185228147
-12.58328437433061,500.41994064715027,89.14169692248934,154.81429351038702
-10.943530192925849,502.74542899320045,84.28714583507045,153.30842790227092
-11.166579679013289,500.91027958819177,80.58743181896408,153.75707754236652
-10.97675291724255,501.11372481642496,76.85911496534447,154.44808747652507
-9.513418045574653,503.4857019077954,73.40992324935243,153.6565869070655
-7.243560226640909,508.13309087645354,70.33868295328182,152.38603992678043
-9.931681103910016,506.69915562366276,67.82262124102316,151.38098562767448
-8.783836358007122,507.16745374657927,63.78157042109237,150.462577858404
-9.438358444823919,507.20153601209813,60.89472226074159,148.17831835666314
-8.829456695068249,508.610355231029,57.98856426904275,145.11763792661387
-8.23866255412242,508.54500276475346,56.16995206136984,142.13573299588364
-6.332209157577559,511.429369701089,54.40959653781137,139.42394492399387
-6.4720763273657695,510.7985263235335,53.617645086372164,137.44463436465173
-6.8123174972402225,511.7435857040705,53.426575912449195,135.3408620391247
-4.900961502575932,511.66347226813684,53.63251992897999,131.5307214793513
-6.318747784842792,514.8358414867347,53.89680343101371,127.97892127457749
-5.587476411804889,518.5789374753284,54.489802677125404,126.01528178762445
-5.253942217396567,516.4004583842714,54.885692051980634,125.0955981240354
-5.385171658783008,518.3949086103268,55.40791655975352,123.48984586528401
-5.4058160459169,516.0364244528458,55.6808947871463,120.2875636919645
-5.626237875370574,514.7903907234057,55.89630509644427,117.9609360824854
-3.8004501392088414,512.4604493296785,56.43567811044893,118.08639504181495
-4.9990524761862005,509.6109410449269,56.3066987023724,120.78351952147429
-3.453998730187628,509.285240653426,55.885109276781506,123.68061732596047
-3.348215092349065,505.78430310048316,55.894519784307505,127.5749179689555
-3.162358263663336,505.0606655392228,56.43879123435792,131.05033029850762
-3.29576405221939,502.6710251291011,56.967168973579405,134.56636648984463
-2.043315675227557,503.54380219453793,58.59465747350199,137.8537103081898
-1.8362761513240038,500.502183448335,60.82611675577301,141.11144731231437
-2.222890294525005,492.9222775695734,62.759409739440635,146.5486638549938
-2.83892886483239,489.253180798338,65.53692755388353,150.22804392090205
1.6247903699432484,488.8650348444739,68.981742502301,151.8666405161304
-0.14940509157173665,490.36295226262274,71.79545324954972,152.30952638295764
2.525147722164803,488.0090873839824,75.2994360009829,153.05827176523837
4.480483885494557,484.92968388283685,78.31182885987026,153.02701529096692
7.733653233461254,482.87283653709056,82.76029363073374,152.37252150589703
9.156343141598697,484.8562093164631,85.8156096152401,150.92964069324572
12.26923240778742,483.418533989616,89.54225417856578,151.18478260670548
16.879081996099934,482.8057160878798,92.48194831248763,152.09984101759977
20.768731797166865,482.59193897202545,93.9060483685569,152.8725490579023
27.190623711035514,482.5721570939826,93.36051283183522,152.71673927883168
34.5688736247842,483.69302870907484,93.10389093402534,151.3186850134909
36.85395508259889,487.2577851124523,91.92212523519285,149.34398788056416
46.23434652937759,489.32837132683335,89.84591265413545,148.69906178969273
50.53963390123269,491.93157486162386,88.3157212112065,148.68900481776797
58.212960949725556,488.9660366987358,88.01234104000201,151.2180730869034
60.913323258732355,488.3767504875743,89.07411031847279,153.9408654799295
65.433002149495,489.9762518710936,92.16472690218188,156.58143180468784
77.29150270103237,483.71021616440714,93.01480343582588,161.7063071731388
89.44250951335337,480.10899698582244,93.5259001627464,166.1343619853864
99.17173238023688,475.7044467039084,93.25635823757314,168.98954409218328
108.67304950156733,474.10058956246513,92.70172204178719,169.23485603131974
125.22596053232508,466.50827249472843,90.40162507792796,169.30990154374626
140.96938070157802,462.69576218080897,87.89421589176587,167.80522246455394
157.9123243902983,464.8264388494264,84.688443260419,165.87724315075656
173.45188671320773,463.87303851024745,83.07782447397514,164.68226770606762
187.41713592808196,456.01498867307885,82.45067077078919,163.08522651126415
196.7060569278251,454.7584980148461,82.82940225763102,161.54361188046403
205.33623421444702,452.8215070657314,82.66764997930906,160.97698098572474
215.32078462858937,451.2268676396198,82.35519587954003,162.08139045318228
225.49390038811268,448.44414689248634,82.8101118214309,163.85932584393353
232.56307529114227,446.52999236855504,83.9825530309967,164.61933655195244
238.34807742345643,446.71480554198286,84.20707391285278,163.6913300781436
247.2430463506098,446.1951613801418,83.18471418354602,161.47738353854453
247.38831364466057,447.5061449437893,81.02329946849137,158.69870864757758
253.2764269296846,447.8743595526214,80.29373427539645,156.85540687131967
256.4932894314742,446.94006324417956,79.10610302181723,156.6903691171097
258.87556511285163,444.03050483398516,77.57159316296855,158.34328720702965
263.75902688681856,442.34353854136015,76.4120914900348,159.8729509934516
273.47578111473734,439.59545582345504,74.72672146193153,161.70148337262114
285.075753028275,434.8564930093035,72.92490995907501,164.2978172040492
294.9550544259752,433.07058591144494,71.13691873594018,166.89932500328194
304.3943851145176,430.6881546897341,69.0401482279961,167.97058393107864
314.91694032309874,429.14887014672524,66.56199337724003,168.27000872998707
325.72732619918713,427.2115540597509,64.20306244537579,166.6869687847951
336.20244592404646,425.0930359821976,61.85578930425086,164.70598736177666
346.10928138944126,424.3637272437327,59.395695033617486,163.37459629378466
355.99696129862826,422.1775422115536,57.59714185586846,162.4480771979866
366.5223795661784,421.19319875081703,56.35319008639321,162.86784444172534
370.48201445872365,417.0291812215579,56.41982118020895,163.37645201000925
376.2559983497469,415.69266182844893,56.625668095428026,164.94570051302404
383.6507438348232,413.18310648422994,56.38854528933804,165.78137003935268
390.5027537781729,412.1274459655957,56.90126124248228,165.759603918418
397.74276796323915,409.88871718383604,57.338713341099805,163.9118966870154
405.5414555697524,408.66720216757795,58.34876000307339,161.01901973710972
413.843329757837,407.3292580791599,59.68858462495101,158.43267036511776
422.12482634872015,405.90807838100335,60.92005555451282,156.51666794502455
431.42098021781163,404.7099925939561,61.62886475968928,156.80056534919723
443.12716726277836,399.63356877970585,61.40676776936522,158.10014149332264
454.67403458357836,395.3686287236912,60.79746916292136,159.57624963269572
465.61139311955264,392.5313532284405,60.19350404409778,161.3930125372596
478.0014541495669,389.825428846523,59.29363100750689,162.80101608625085
491.22635704461516,386.7924752058177,58.07078444592588,163.00690749852083
503.06922746959617,384.6765963461702,57.890964006120186,162.27080022758145
516.6631187917594,385.2859486356284,57.40380392038733,159.71502899827442
527.017474435351,381.00642546591547,56.965905621485405,156.03564149980969
538.811357648298,380.0201819799514,56.44912308231022,152.97358257330023
551.4729892283831,380.92220659587815,56.71661919948387,151.41062220863432
562.3239797349098,379.3447247527383,57.459614993070915,151.45904902967973
573.5641761197202,374.45215395617925,58.0375413152471,151.32686274193838
584.850291896069,373.5428124875184,58.272591256690106,151.85529299371314
596.8428970059955,368.75780356333354,58.651608331759014,152.44490312723917
607.9778707761242,366.0810620207093,59.144630762204734,153.27867185701896
619.0683315371681,363.29929451534485,59.74828565613252,153.82893172126344
628.0534114362449,361.9264790414668,60.18181238141631,151.04621183894136
643.3602873529898,362.39970905545806,59.69483056745797,147.39876304142769
648.4939655221675,358.2596179514271,60.241927354102565,143.59108514206764
662.154884098006,360.136371868403,60.36549425515977,140.59108682960027
667.51467368197,357.81805965086016,61.37873369074764,138.77644783695155
673.213964710024,357.7321086053422,63.63573024792075,137.6476297131437
681.8480172397282,352.8560198462895,65.9942731377312,136.39379526835853
691.6820699691528,349.8983196309619,68.64748725896003,137.3822242634668
700.1230980324985,347.63255152477944,71.27382346625299,137.819094948488
708.9826417804219,344.7321909001415,73.70408899774998,137.26575125635756
717.1757989985119,345.5807587097079,74.95492055766357,135.37455435792802
729.2826395004358,343.8968741803781,76.05007744444086,131.81361247908748
741.3966088282389,343.385504276906,75.57076549781921,128.5571774813443
751.4539114973277,345.97728334732875,73.99613818698523,125.39061763151437
767.5280923625568,345.83844584563485,71.80880550926135,124.28029214662095
781.0512975645969,347.4199382303715,69.34305306416563,122.95001001386635
789.0101940497889,343.27765880418264,67.69531014260967,122.89985206936912
799.4120091333791,344.9929767720065,67.30717680160122,123.9063499227839
804.9518811441575,340.4065664917841,67.82411246754447,125.35898615705685
814.5238399941318,339.9200758776813,67.61604681837716,126.42684653565296
824.9370515364113,336.44823357791864,67.4531369174118,126.55098157463146
833.2507486831371,338.4680968454605,66.60693158880392,125.12630630907904
844.7915927592583,339.1511580639584,65.84067312406157,123.75005203614566
855.069233691548,339.7480174804397,64.63390200166965,121.69186176763615
868.1361344533913,340.31454618745266,63.67197547798315,120.12527163876659
877.103105904671,341.4217546132843,65.24306797581418,119.15038725780637
886.736232215177,339.85501656610427,68.22120012042726,119.12785749279148
890.2501649288057,338.98527111092716,70.04575168535736,119.02613136213009
895.2763463231432,338.5088729461355,71.58329368183848,118.91081245733832
903.4797120978121,337.8553252147293,72.25422936882877,118.95762349632263
911.2189868254636,339.00665345290383,71.80921873188518,118.66491575044233
919.4128180392033,341.080953520563,70.73448355049956,118.16801849598335
929.2679653695158,342.106624095563,69.61290348948415,117.25324350809268
938.8973517018512,343.7780559706281,67.55579098106318,116.25498425015004
948.3034289835311,346.02093435180916,65.5938256266876,115.57821796630361
957.1534779181295,346.98734069825025,63.26488254264731,114.6003613281089
968.63954467772,347.56297806693505,60.96169433596621,114.34370939347367
974.3427390872008,349.21648328956337,59.82492831973909,114.68477023727955
978.5649411688826,349.2505963015129,59.32653856067243,115.1165136958023
985.1552148324351,349.09770906557765,59.70788088200473,115.72578548212601
991.9121438906781,349.41391270514396,60.28191339051883,116.12191213854022
995.9339341110061,350.7771922286414,60.73485394595659,116.31243683177962
1004.7880525011324,351.6569781933572,60.56247532000096,116.56006705078565
1011.1751417768205,354.0933302938144,59.79742152448405,115.93086260573061
1021.6605947294147,353.883542606291,58.49201244546755,115.32202611554305
1029.6723782972792,355.90545885711254,56.6275639620823,114.19228663147811
1040.032733911327,357.2554221876152,54.08171845664269,114.29881749000404
1048.1427498789042,356.46316859163574,52.86830883594162,115.84291940852535
1053.7282031277089,356.79882840815526,52.760176996535336,117.55075016611136
1056.2049090458686,357.46538893735794,53.692385277403545,119.0242392151278
1058.0136681416345,358.5202840002381,55.41852553313723,120.78801476319563
1060.731721161728,359.25508862235836,56.35882330154374,122.26072729629891
1066.599700372235,359.71736368195343,57.30407825943616,122.70748455015567
1072.166011324695,361.88787237435315,57.82575322951607,122.55051867902807
1078.5800214970313,363.31089049062444,56.70659518953094,121.60459841328236
1084.658558503319,366.9441026776734,55.73448821797144,120.690377408325
1091.1198980415427,369.51863489704044,53.523967344648966,119.46388987388781
1097.9264442296515,370.5038899411626,51.70170748796286,119.06683559619043
1101.353953699698,371.0188168538701,50.81141022755709,118.7404424641348
1101.7537273919957,374.742175746395,52.2266455578055,118.02507843885064
1103.5755625564439,377.02498210586907,54.212888558987316,118.62197182341815
1106.238260661155,379.9971212703719,56.067973306596215,120.38551820144372
1109.9163174176856,380.76056395124397,57.94318303572234,121.88319949009025
1113.5005735439438,382.46802776377103,59.56135291211224,123.35560096659859
1118.0892742013666,384.1134987298831,60.768778257422994,123.95006552851507
1121.8810843155368,386.71375552194496,62.518409982207835,123.61976068462573
1126.2362510598887,389.847447944152,62.88415681576937,123.23854527380537
1134.8477035531762,390.9925296730573,61.81902770810068,122.64320603474482
1143.5516479604955,393.2171888231668,60.51724851260278,121.96750833999455
1151.6723300682083,392.2266481559546,58.643804219052214,121.2200740494189
1158.2441748651208,395.4847013011442,56.77831286741445,120.83519334497723
1162.653178501192,398.19733408063473,55.59772624956905,122.94123882115247
1164.9153684209641,399.86517895780145,55.36039474986853,125.32561132267838
1169.0739421519443,401.8057978722838,55.49649435822094,127.44058931402614
1171.766023213036,403.5430105767476,55.57537544892765,129.5054705457236
1174.3662586797336,405.05116001876365,55.44652927139225,130.67615286286326
1177.1247465968243,407.23922515898045,54.87974874971093,131.34976623477348
1180.8998997517897,409.31589190126886,54.39133208821748,131.38338343379039
1186.1399292530718,411.7814509984578,52.90812977510646,130.90706870620943
1189.8704942094441,414.0050114244857,51.7639249111898,129.82618930923175
1192.5720818091636,415.63687640753494,51.06131123518843,129.42662560289892
1194.7110549502443,417.07659262533923,51.36509102724579,128.8558174348684
1195.4891303893546,419.9009721422425,52.49170992441585,129.8056301784056
1198.4686337038152,421.4147747317567,53.11879338338535,133.10682138609596
1198.9240029859616,423.17887280952243,54.9224713229988,135.5723386094707
1200.7076402576977,426.4637187562967,56.228701418198476,137.24318626670342
1198.2464922923493,428.35215983771343,58.17348880397324,137.70003823472933
1200.927733717461,430.96152256567336,59.4640516080468,138.53313162646572
1200.029822861423,431.42381297988965,61.09184353496646,139.10433937225196
1199.3788818417404,434.8164039473006,63.21245116026921,139.11133273039871
1202.1394774678079,435.7427351346388,64.81372694914968,139.00146820728494
1201.1443976281919,435.61755798937156,64.99221060299143,138.74977782008506
1203.9063382265103,438.2260887547795,64.15735528526065,138.60745383809729
1203.7029242557355,437.9010309705708,63.84671496509132,138.50113019753027
1203.0630057218452,438.6020631205595,63.69265310709072,138.0478879190373
1204.5002528467649,439.30954197894766,63.64552091779862,138.00365774132337
1202.76875036661,441.45506511654617,63.694341307795696,138.0635941321421
1200.0466876833452,443.3857476618577,64.19559558057533,138.91441776222212
1197.1466196834235,445.3429652436349,65.23764442221548,140.7334420713239
1192.5193504671508,448.24559523088965,66.59957421218283,142.77214571986133
1189.819144811474,450.89153260070634,68.57725603134915,144.47270262085294
1184.6930979726487,452.204080617509,69.77295322462442,146.00165932162264
1180.4013246143923,453.4259195415796,70.56829193332497,146.82970998910642
1177.4770844519758,454.8436721427246,70.9063657640173,147.97070625166015
1173.8515875216867,455.0375104551367,70.58900024959509,148.1419590701953
1170.8423187361104,457.93341378037707,70.56490476410724,148.45375959744896
1168.0952001140233,458.136935677951,70.66271866843788,148.7522211733949
1164.7720763732702,460.99181583382784,70.98010872806877,148.63328117414122
1160.7905409715206,460.8408207948104,71.56976644563053,148.63986109592616
1156.2431049373747,464.61244790411604,72.07473372876636,148.87370648668983
1154.1153617450518,463.8530972311327,72.76927650989641,149.63636535218768
1150.3245427299898,471.20725567071224,73.47304588767659,150.2598050648255
1145.6411574450785,473.4895198558204,74.11874712156148,151.70797200710925
1142.8011679021877,474.115895042845,74.76704896124969,153.84712837134126
1137.6421286113496,478.5806001939559,74.92442197651981,155.66860307888516
1131.9096843628856,481.11000151687585,75.81887590313482,156.92211732757647
1126.2862886324053,483.75373453266013,76.93792078206451,158.37500774132036
1119.8187309632137,484.5418884334555,78.21596214583835,160.17662962722966
1113.1711662473588,486.58535355183415,79.82523952676694,161.5352560310974
1106.6145077867357,489.0886187771105,81.06929375270036,162.13465209421645
1100.1203028709308,491.67723232516107,82.49025973665421,162.00100409967789
1093.0195638930957,496.7479386970497,84.14019350287134,160.73504911957252
1086.9030033855704,499.400156534749,85.86336578745293,158.61219303401768
1081.617710327376,503.7490404706185,87.22423510696677,156.63219859977855
1075.8922688974205,507.7685431108752,88.57309770320583,155.26961543840585
1071.2028002405773,510.19928801668965,90.4316492747049,154.00480531427692
1061.8511226075743,512.665257611453,93.70290615203885,152.76662222826602
1051.3524662018062,517.3066955868147,98.75078659052805,151.70823358222995
1043.4733268602395,519.2643245269691,103.04684603538057,151.0403511902025
1041.0122126316494,518.5277979280995,106.42387795935744,150.8842845148947
1035.8448933154625,523.770725416088,107.8707602440751,152.17259946079264
1033.90938220932,529.5294637251322,108.26601341339105,154.90115555754792
1030.6214232678044,534.75026422601,107.8273438940787,158.26137340344866
1025.9233997950998,540.1354202778837,107.96594455042523,160.86557301845136
1024.5961757138743,541.6898793876162,107.70956507615742,163.36792188883
1017.8136801767779,546.1556784878201,108.29555224410039,163.7004838446723
1016.9673847996677,545.3965606737897,108.3365316701958,163.77316283210808
1010.7064746396243,552.0449785037227,109.39765863090771,163.88611721130445
1008.7970130973629,551.7353183036022,110.25918425449296,163.72137999435805
1004.5171264922694,553.2603485938075,112.45036615608615,162.92315046863507
999.9079599264783,554.8515304025615,115.42419245173085,162.5455353862833
994.5245728623213,556.4357023667368,118.3293332792637,162.6307314969952
989.270355421873,558.6651854250663,120.55175741797282,162.01093774361743
985.5172330812602,558.7671598343977,122.32661782185463,160.99631997964212
981.1961796722346,559.4737797844873,124.67099514771819,160.4945791029004
978.1403686825006,562.2913270046055,126.19680169749878,159.15092753375774
975.8567680497517,565.3193761064663,127.30660550205903,157.3160207362861
974.0245627797422,570.6405609938278,126.61853801473444,155.01733992640706
976.1328444123753,572.732906764889,124.10900599946814,152.8571845170971
989.5491136358654,572.212470434198,114.25858425170667,150.65702934644764
996.8944068682263,573.2579542709489,107.10608372448506,148.31459682919598
990.2626816452382,576.9337653862133,104.74999681694533,146.73018651272963
987.6262443681973,575.2976920477049,104.21549832415243,145.98283245732443
984.7929588718011,576.3357355260722,104.44725486381962,145.25308949473057
981.6770408302109,575.3703600705057,105.36735388645329,144.5844446539103
979.3687256739864,574.9239271288368,106.4737913278083,144.46998631849817
978.3816166540265,574.7817351818443,107.49354159429075,144.05161142342087
978.36037033903,576.661450970005,108.68196928287732,144.12378385100567
978.9985993667929,577.9085531544939,107.43248876641438,143.68774598593413
981.3596136639032,578.7670224505405,103.67472408820906,143.25562795048154
982.2071643718588,578.5080263193856,100.1038597328449,143.20892294716612
981.4574509006635,577.9137604031275,97.36390679242304,143.9548888617137
980.7557693040378,575.7128122275593,95.92351998567447,144.71487847456896
985.253491448351,573.5966482229584,91.92087354861039,146.8816852435363
984.1976309639842,571.4821156669132,89.69308646070337,149.39773766031425
991.1876111800718,567.8325827445208,86.53966411446575,153.34273856369293
985.6898829818801,562.024252259958,85.00924160459907,155.17427380039652
986.5942509655378,561.3646896779627,83.52747096931509,157.61531668899656
987.9987831953113,560.6115609942343,83.29076368750256,159.9506451013752
978.1930719791019,558.0008359633234,84.98516341484311,159.97858320030625
983.6670628412143,558.6941722846989,85.07905180780587,161.1002723739615
975.1870435295685,556.542157064762,87.42739609515985,161.90247175914783
975.1952641460309,554.7349723169727,89.66919460832868,163.77956708480457
973.0492311864276,552.0996837183297,93.36418411151982,166.52334984849685
970.0316718164495,546.2922677589454,98.64606798819474,170.36804016570284
969.0340635791048,543.0873054744767,103.99064969725927,172.93421473464028
965.2144902632997,536.8969580848171,109.66586810621317,176.2013841233345
961.7341981781674,535.831175951164,114.28337366319641,179.65197915235944
961.3245907518515,530.9921843721954,117.58086000020333,182.4625917048278
960.1489311668877,527.9768428548741,120.09001608419344,184.8748665363456
957.6834220815663,526.8495948915975,121.68003083686733,185.66256558789894
959.8297570745771,523.5060719408763,120.74081544068956,184.18060514168496
962.3602291899913,520.0874697896687,119.08190978408,180.92399840894376
968.8918172070995,519.0682583380654,116.48900962876984,178.3660468004316
974.3527068853887,517.9356650038543,113.518524217504,176.7312700899476
978.2141522280411,515.2692272730302,110.94834349313649,177.2736792430021
982.1790291001537,512.3764771664524,109.49264980750502,178.8130246710013
985.9712194061424,506.331587095257,108.4915211486528,181.5455050087047
985.5648296870366,500.1027591343626,108.13224248139555,184.70115897736852
986.3824028649815,498.4402434658475,108.51284319581836,187.58368543158625
988.9468036219984,493.3098760700547,108.42762078334705,190.51989629739057
991.2028439050971,490.33141641964943,108.03468084214956,192.47876872320114
996.9511392001073,483.9175606117213,107.19763615056682,192.38869469452615
1004.7356768638363,483.6170519113482,105.41072635045236,189.78780779839732
1009.4426429902367,479.8254346185991,103.80599819921429,187.7606908213955
1011.1971360798466,481.08222910338543,101.92549102390049,184.66574198854167
1011.6107023192005,478.67200116766236,102.58371010769267,181.03838291858153
1015.0971749107019,473.1350167829391,103.94035476843996,178.70909241068432
1015.786729640868,472.55937285535265,106.2369655229516,175.78811464085717
1017.9404188670779,469.6957928397978,109.22450894553162,173.9622351211857
1022.1610318410096,465.9061530186244,112.73543143516818,173.5171617361887
1022.3465652443109,464.60886906102235,115.54490662075321,174.12338736623656
1025.4750201358104,463.1774614706483,117.88058716978554,173.41436416807838
1028.3777311636757,463.31988305106097,119.14535554374234,172.23920118303437
1033.1455707845062,465.38403732170985,118.99853128255022,170.12261139173657
1039.6180329388535,464.4091974529746,116.57747171994916,167.4906260901446
1048.5642662906835,462.5842130146637,112.59156019207063,164.78237963473512
1055.2159936669557,458.7776686493718,109.40797848640126,163.15144981063145
1059.7266182588273,452.6288033350822,107.79181963468898,162.5259016306169
1064.4736841871731,447.41878834793783,107.74013162565365,162.60236471037436
1068.6612379732248,442.44557661647434,109.8310885066752,163.33955965767632
1072.1515372143242,439.3457523512478,111.79482596197671,164.18074871547307
1073.4414315663516,438.19229525601236,113.74769106651533,164.55089532781898
1078.8473753382405,439.65995048009063,115.99561797586303,164.0853724773187
1081.9529768670325,440.32358835726075,116.94005456671638,163.37992289485348
1089.2545809793103,441.13502967360273,116.55602358825465,161.83571457857576
1094.8489205611575,442.96277242547325,115.39865545971651,160.86394489514726
1100.0910205562195,447.31653462221567,111.52566152427994,158.91081503291244
1108.461011869963,449.1187232430717,107.55398944366799,158.16172343573155
1114.2557445299565,446.61019991596174,107.09123310805592,159.7011699922953
1115.9300444556998,444.0195978386055,107.91359272922554,161.79057727200774
1121.0763547800045,443.70864214631615,108.97088663139718,164.051038461274
1120.7981147185849,445.38199526200765,109.97878276986133,165.86686885098464
1124.4291378750877,444.35180815190483,110.28741516779318,168.6715057665028
1127.7882309714735,446.02941406589315,109.42726120158417,170.26301024711995
1132.6447870451236,447.997773471639,108.15610462069046,171.0118383106282
1136.6986862705342,448.1514195820581,107.09725636518158,170.2258473593213
1143.3456040349383,449.8118329226047,105.3296659535608,169.19396110791558
1151.9448999779984,452.3810866391279,102.28128158697177,167.94864215143173
1159.3987211528577,452.8316394029974,98.52781404194107,167.51158691666149
1160.149225418511,450.8535365414597,96.21552621375939,167.6680489873932
1164.4459738182481,452.2979645195122,96.04713927756632,167.67097769925675
1164.1827662932596,453.3671513281341,97.2789986634809,168.0550039843568
1161.86752956448,455.5167499605057,99.67119087104007,169.0310752743011
1156.0489193567973,460.1684583980935,102.92132632546759,170.01849091865677
1155.5526555011556,460.47390177948955,104.90909329456395,173.92426675352084
1151.4785463367305,464.7844614551898,107.74407920153887,175.49766644508915
1146.9744369639288,466.78717844000516,110.5593047830797,177.66105571764595
1143.4492141591722,468.8153803179216,113.13868105665537,179.88065293837556
1140.2380772647462,468.1270543890832,116.0539968376952,180.4511524523024
1140.7692972621521,470.7946970512111,119.79984541710206,181.03835247960905
1142.189341439328,472.77297201000823,121.9768469065003,181.0406648667023
1138.2453022839713,474.13139998524366,124.49767668205712,181.07100129904399
1138.5574858051484,476.3881384138384,125.20985749126572,180.6540210238857
1139.4348180578145,481.1899020930254,124.79155773202748,180.54377979832415
1142.6963230203114,483.00708428016276,123.17760542422076,181.45757216233073
1143.9981691213534,485.209103061421,121.84350550729306,182.95325383809552
1141.4342569847554,490.7424817601743,121.61555585470819,188.53243149918262
1137.2132934502247,496.4982890784155,122.1266357558008,193.49670797598154
1133.5319613939314,500.35830828290915,123.23887262229323,198.61425501621298
1131.1635630422059,499.9952430078147,124.39522498980693,202.73534406249564
1123.0598161630571,506.50358608016836,125.07110253716692,202.9638971756008
1123.081422313021,506.7782078808881,124.92956260052063,202.92936304681763
1113.433421524698,513.6424328363876,125.33298605216655,203.05314702253733
1111.2928752471332,514.005527562346,127.02484520885858,202.44506059796436
1102.8133832361252,515.5674997945858,130.53393909415573,201.9710184772345
1095.7381977328464,516.0571466415438,136.42222513977603,200.60018425597482
1085.943315351196,516.554548254092,142.2082179304205,200.75644304259734
1070.7857065171,517.3167044625803,149.8471050322065,201.50129566468317
1060.895202026647,519.426776049726,154.7816174310812,201.93142104507922
1050.642317253594,516.2745913394474,160.15402516078086,202.376049254699
1040.1339208001077,515.2919075344232,165.866740919316,202.43650963818473
1027.0572612470978,512.6175946866751,170.92460104096085,203.47562605633723
1020.1817342899769,510.0942436699851,173.15777165442108,205.57085103893615
1015.4879268444489,504.77035105752753,173.06095051032088,207.41370462322615
1006.5361652089995,497.8839961275534,173.1350060077822,209.03626799879942
1002.3588716217092,489.4178704515226,170.5551449401753,211.1941663235172
997.4789400416903,485.40641120017966,167.68189042443197,216.0435008418282
984.1322241319141,484.4984767326654,167.05397214632816,221.37407924951304
972.6960487198329,482.73227798063465,169.26537326345917,226.36106659732448
956.6068246089335,481.57712858948446,174.10586982510168,230.96433412962477
941.5225993881968,482.8639716403168,179.0514809111064,233.84181990296022
928.5788964018135,481.79381597871446,182.40495133699795,235.75855944882107
918.5998022236618,482.99491208343187,184.847392622989,235.4465161651675
905.343108928407,482.57836065793373,187.93273966271735,234.74891833257
895.9309167262037,489.2132463063788,187.65794193821756,232.90547760208622
890.399803214937,489.6896796245486,185.31739796465706,228.8975572548091
884.1192128514634,491.78485091996896,181.74247029316692,225.5802005038121
877.2474954147116,494.5912336868359,174.86627626042068,222.43282803648444
870.2421983555553,499.13875574642987,169.42734645295187,219.67988596807783
864.0563668830628,495.43745796781207,165.48834045262456,219.42671980656337
850.8630389212619,495.27132078499153,163.3885461809137,220.72096926986063
831.4363478145655,494.06981820660195,163.95396452711913,222.57093487585863
813.4361605784354,491.24745912581193,165.4545831400042,224.57179317415742
794.4756360084975,488.63734208141335,167.1048803267549,227.06821134498577
774.0512857442611,488.0040406876502,171.025663374759,229.95914274579326
756.9090251800219,488.08018417601966,172.43054583136234,233.3942581128045
744.4363802386126,488.3484616804207,169.39793044074355,234.70963181493985
737.0784337945133,489.60131819033745,165.2944873914421,234.79101596307513
735.608384217004,489.04763912662486,161.62704260114845,234.71166754753156
715.9918310583612,487.7167869339,161.94773436765263,235.14449009704379
700.4070056975986,485.6716205379231,166.77381819464654,235.29836048665385
683.4720834036013,480.27889455013667,169.78599676701617,235.7582509387891
660.6569705655786,478.2476821846303,171.96505056806166,237.71972352136436
642.7013139475418,473.90601495913427,174.2926235697601,240.86918346063771
623.8275769937524,472.89072739995805,175.47936749687022,243.0458157078964
608.9685234968936,469.23031647684627,175.54586316246278,242.0760491752137
591.2586220976636,465.9354275081001,173.14657416404773,240.08892281583107
578.8576017090071,466.6142019420688,167.8487003905795,236.7505389869561
572.9465828744546,464.8089318373038,157.93032057921567,235.22729013398614
565.3538462804192,464.28530006546424,146.92334991963037,233.78566207610277
557.5189463466041,460.6684338550499,133.2219950021042,234.53166256333776
542.9779111200552,458.30547754222937,122.47526906848336,236.77643505226007
525.1320932359926,452.5455294403928,117.30038872332744,240.44049629499568
505.02420202494545,447.91890999265036,118.1301237821404,245.156992026418
488.56399899995847,442.9939600252764,124.61174809383307,249.2801463556972
470.82572503846427,436.29691534289395,131.97666271604027,253.1374315212434
451.4693287489684,430.08775156176296,135.917482638782,257.1579319350679
430.0137221021472,420.44579610605547,137.76283899883055,260.77894001445156
422.99503973663957,413.2648055876954,134.15402453062717,259.31163638320305
410.69667386889256,408.25397937552054,126.8725214028399,254.55667747942772
401.06708158702423,402.26904689610143,119.94707461892031,249.38207222342214
386.47101295223564,395.8640285749403,117.48161911505994,242.5337226352757
380.4220659940093,390.3714981345879,117.10551400807518,236.58116144566793
365.224969555458,387.59854335240755,118.55176987345897,231.11028634205985
354.92228462966705,386.34709971690324,117.9941758578534,225.75154031228726
344.73093030263203,386.75430628031734,118.99700169942342,222.01763255655288
337.27725844040884,385.4014045114206,123.31425753324481,218.98985455137753
327.60241688274914,388.9959945133347,128.3623049063767,216.39308177411175
315.99426355811875,387.8552233050906,132.22711009079381,212.14886735466254
310.86850050471315,396.1985583183965,133.57061617807366,207.9684839491444
289.8579820507405,396.5035265402792,131.6791775000815,204.08315688037905
279.3307319722168,400.69861956801765,128.12643888759757,200.58451135224598
268.9948563740648,404.8560710580525,124.63778969327666,198.2920082745199
256.77536354506003,407.94431217365513,119.85649947237998,195.95598014487726
247.10572955507772,409.22198093843974,116.30740075312582,195.48065970515182
240.89165091114472,405.75756044326164,115.20815325583554,195.9272619259767
237.50978653984077,402.7132539617667,119.81233610000598,196.61621668584152
230.24408847025387,400.0690968645559,124.31370294230476,197.75163781385697
220.79094161235332,400.2579307332433,128.75423738076213,199.20581822101337
212.87485850387878,397.2372644751966,132.6347434414612,200.33125718241934
204.95830813216645,395.5329530349476,134.31232660676085,200.40534637151114
198.06646531699243,392.88223001424046,134.82709133867135,197.71039348714407
191.2226686231758,389.92398890665885,133.52615933567967,193.15885812418227
184.06731214270718,387.9468081700843,130.68263645677314,186.96923766373763
175.5537141463237,391.61708009750566,128.7596371370401,181.55270503936362
167.4992339438202,388.86782477280144,127.07752088189083,176.63831285674092
158.90746508286398,388.19793279086866,125.77973536161578,175.86762318779398
153.72262115753279,387.1305970059957,123.70649108337196,176.08780501144616
148.66391629099013,385.14292840188847,121.95115911723852,176.86471692669184
141.3608336223183,382.276946434252,121.34895043114466,178.8842785182147
132.3612124419874,380.4131891198509,122.42021427618144,180.85898552982934
126.15922932036521,378.6205087442104,123.77693930848832,183.37879452329804
121.77439019939175,374.8970195471369,124.73655895668524,185.0937172533825
118.41034976142285,374.087251777985,125.77872674668555,187.05541587762377
114.80174029351161,371.7723706690087,127.30521081922677,186.24004870104514
110.89564084263941,369.1372189384135,128.37223149831493,183.81449034582917
106.80119780558546,366.09256602872523,129.01253358804783,181.59379860661207
102.44988915762855,362.3220833995871,129.98822217302416,179.00866523207583
95.92163912494293,359.51551548752303,131.63157526573914,174.28415457182896
90.80430674484728,359.17914207822867,133.59145975249294,169.08049758182392
84.26656936911193,357.34751762092276,136.30829192583863,166.30801651596693
82.25108650065786,356.59728996578417,136.37752670571552,162.68121352546294
78.12774411136039,354.2841176367119,136.16766851556048,159.50793660157615
77.14870112996397,351.8667707825064,134.57070076741581,153.5207308959247
74.77373816590772,353.42253760945,132.15729661740332,146.91438523031877
71.90816577615894,354.68562971780955,128.53211815471337,143.0186941776622
67.94174334282035,357.44515391474374,126.35839563857806,139.8476682447312
67.40199819984787,354.505418482496,124.89693133467925,139.03866254672678
65.64073537508084,351.1769913737842,125.55049946468208,140.0224820961817
62.09136310838654,348.91702660150224,126.31184165432067,141.34575636730796
60.21586941541236,347.2136679767493,127.75441839573779,142.9259355308763
55.880438519215744,345.7264076073565,129.2210565553185,143.9282272657557
54.635826688805395,343.3676313416352,130.4428241614517,143.47420997297957
51.45334391733313,343.14664799941795,130.02501382549,140.7591942355391
51.376372516871285,346.4002060017574,126.49432527875743,136.66626280117265
46.61117393869182,348.21904367540094,123.57239089214761,132.58681499294806
46.27273001656723,348.1994426944525,117.93644304303741,128.5488074821887
43.14648066304964,350.7484594167935,115.08707407429135,125.08569225039741
40.29407984832486,352.37266743030244,115.33072458069402,123.77352500267635
39.1120505336722,352.3541252373085,117.42046070023372,123.22631983788298
35.75601348302646,355.0855131246053,119.90246278004084,122.86852453203939
31.31955129918896,354.98818305932184,121.93786273365333,123.67597763135637
29.679471801280883,360.7309238825578,121.62579760837573,123.64328529152498
26.83589222558912,362.9367779524442,121.96478171093113,124.91770386073665
28.59518889430207,367.64021991373653,119.90929262155211,124.18864586588629
22.628859356677744,368.24740313075483,116.44800028078514,122.69162562325596
22.777918407397458,372.4468049482909,110.34620175942383,120.407110318262
19.472073581442615,376.4280274099915,103.56107134297415,118.66674181087643
18.48081777888497,376.7679695734107,98.07898333871444,117.3006697398973
21.91648561784318,376.8639061431087,96.03076777798552,116.69687033097006
23.58903173051685,380.629368895836,96.08835499599755,117.59056640754676
24.307724565566247,386.66980905715593,95.65191537082063,123.47837504975067
23.983820195570686,390.84544816677044,95.332499989718,131.0333163129435
24.109012134025292,393.9199457743756,94.80660341749629,138.03004253327998
24.710640085639675,397.70005174817163,94.34217808067378,144.76051051732858
23.974417769937233,399.22613595357245,93.08125479215678,149.16763165730822
26.76131879113612,402.45873262972583,92.13956334546214,151.2584380608608
28.928040098366345,406.968265213621,90.11062512553293,151.30977694580483
27.914756166741043,407.1896587102802,86.83372619190854,150.6851967395959
31.459508280715696,408.7470938499258,83.79469803817798,150.36015189975768
31.903007901486177,411.06408503046134,82.29337994898077,150.07355113048357
36.017972831139204,415.200412253516,81.79324745295597,154.28939155742117
39.60047515775999,421.98143564815723,82.81028015323002,160.28557230720116
45.53184527558446,423.7496323059439,85.10165368711233,166.9678984740496
50.93941047712612,425.466176236501,88.28359359652902,172.620381901998
56.880737783246715,422.3288364680436,91.71368312491282,176.22233194672526
62.0492705071166,426.687369392321,94.65103173967304,176.81862059035808
67.57442475771633,426.7109273534725,98.81599423456734,176.31136062508622
72.64435900576143,430.9742458921291,102.59928247675839,176.0027411258981
81.00249823530716,433.6355927088167,106.19562608797943,174.64324329330407
85.87747680767788,439.8423901302584,108.28148437292549,175.84042725901443
89.17199261335799,447.3317136008866,108.81720862094028,180.00826469275808
100.08450218564411,453.7409445990668,110.24664504277428,186.6428056260852
113.10394255836417,462.52512134874314,113.45910707077167,192.38835593532622
126.3291302507041,464.05513230664155,118.72180541656056,197.9962417343731
139.27245311788062,470.0536202582511,124.19123878377005,202.7882672959978
148.42793818301834,482.3407171867169,129.71754892693207,203.36971308750367
157.7046364084074,490.97562327813694,133.5536178081852,200.06694192028868
172.22014218227469,502.51701508533785,136.10396612373188,194.96426084494934
183.84489424830673,515.4971789606644,138.15921052682407,187.61361327007742
199.43420248181175,521.9133159849213,140.57599200903275,181.2959876590638
220.71233750378406,534.3439359994024,144.1919021408694,175.89312165353894
