556.0,459.0,45,26
564.3581656872266,454.40820805362455,45.617851364804665,26.449971832204028
568.4130209656807,450.94496543118595,46.597969299107376,26.24929032903433
569.3625973033468,442.3320210558147,48.05170663842367,25.41299951434713
564.4499575790712,431.81281983911236,48.33291870416213,27.062150238767465
553.1626739568215,423.2391614723477,49.67588804827099,27.42907146448433
540.489373383626,414.04875982596997,50.756726865560566,27.597060426185067
525.9486942472465,405.48294038169666,50.85569378089749,27.556351292270712
510.47148125397126,399.17123178314665,53.08898939635432,28.802693294058262
491.3326225444769,396.87594114374156,54.35934444962043,28.704233435173123
474.96991678914435,394.91403133617524,55.54262644368401,28.72540412452456
459.956765493945,398.1080157174766,57.43939717373114,28.442141172468776
450.8649623594056,403.5907339831164,59.37860341839581,28.09949211677496
442.54466590990967,403.5924187694965,60.684174344731474,28.69853953620236
441.3180034677007,407.1115724676586,61.58055342836812,29.621627403549994
443.48009481301017,413.74560944903135,63.170341685014854,30.334556248421713
450.77350646044204,419.2335527474795,63.432517413588535,32.53133810855664
456.43387989471614,427.323030687149,63.89289847472787,34.10354189718631
461.64141983174756,434.4378585798523,65.08191405964938,34.64828491549078
466.5946973355627,440.17009746129804,66.8179829533862,35.69216896900544
466.23026696904196,442.41239945519567,67.54313580068558,36.620513589608706
463.41447423488756,445.069853995559,68.51131489692409,36.765229753022595
457.9396233630628,442.8067732054536,70.16060160151112,37.70833774436618
448.554907877707,441.7303201894778,72.32270224995709,38.88912158393496
440.6414046668943,437.46822576111435,73.96684734345753,39.58546009886509
430.65203471604696,432.45188086500804,75.91783150784754,40.47261156099958
417.78914843965083,429.16286989026383,77.81137444638189,40.38753231419887
401.79168873991057,422.51362482359735,79.76578176090146,41.25581614870376
385.839061638978,414.00044873036376,81.41481037682914,42.51669592306155
369.15185929966754,401.55546465779685,81.3543548259579,44.14183252522664
357.8453127485085,389.6796484740405,80.98325603374474,45.3143328126612
346.3533344161792,378.2720958092556,82.44899370426266,44.913617829730995
344.83213566127415,364.9896345991406,80.18760398262744,46.163675137656405
345.70463625888743,349.49598085568823,76.3886324504869,47.22004390385788
346.7525148376911,333.2145405970537,73.3473949461999,47.72896934300193
351.41557959575164,314.52739804016363,71.41546098671937,47.485120911860264
359.32202158201443,299.9596353024614,69.88225535892033,45.81464663140536
371.0078739440263,285.65152674006873,67.79807199720133,43.395554918300064
387.5188331044087,268.09922486952155,65.00898753874122,40.93981014865226
403.8941914870066,251.3644817252567,60.10308888877976,39.76304094401785
423.4427889202256,240.95715193255032,55.96826584851361,38.3434933761103
443.2799049240954,227.66165405421282,52.49606020796164,37.80103576364469
461.84076594829673,214.22356017099156,48.33138466834792,36.48352846172784
476.3896821237318,204.97978199866535,43.41806159482153,35.73873922532556
486.80686141528207,199.0262167318819,42.34655091211162,34.035213020611174
496.661887064593,202.17998185759905,41.87858030196637,31.565008818981603
514.1802253563876,201.48474990012406,41.457824738884895,28.65760591264249
533.9630865520919,202.760233755803,41.236020194156076,26.412637957143982
550.0480571989693,209.29437992614413,42.36174845606534,27.30200247681327
572.6495982182848,213.22270920313275,40.13834171040288,26.24224944041419
590.9648317125735,217.64707936630802,37.93254208022397,26.230575764454276
609.2203691384391,228.50228439695775,36.40213434275069,26.873925468779806
632.0973429080137,235.88274420310506,34.98159134461716,26.92996142289146
650.242116200952,249.569592882674,35.065259480420316,27.079442164339515
666.7333358844425,257.0573679575856,36.77921598746266,27.125300095571035
682.0600474778382,264.7390017112103,37.30418330360094,26.078850825626287
698.9449557946016,273.48357329410896,37.66337973159767,25.59127931510238
719.5684644122143,285.6734816526376,37.08791706180181,26.843634228904577
736.398394962136,295.20837312180186,37.620057304731986,27.784196749560373
750.3255683357743,305.6348424160457,36.433740342611564,30.227034528260216
761.5369808472376,313.528580437747,36.011922399763066,31.240309217279446
763.5437222238448,312.38616569118506,36.436458445376736,32.51282486762993
767.0605289452101,318.48642063102534,36.45087967061507,32.0815410621681
767.8322848130964,320.6619660661674,36.97882484402192,31.803463497548034
767.7892843355595,321.3563873864634,37.677466179955275,32.886727790549784
766.0290924210797,322.7967320146636,38.110295077274145,33.59530245016506
762.062045110532,325.8775023086243,37.81057927356477,34.21153285833732
756.8400307663194,328.13779645587897,37.564712332107206,34.70048130699202
748.8334308592677,332.277695888778,37.484558874726375,34.93635321756124
736.0737909559126,334.1009847039693,37.44770159647551,34.94901630983491
724.5885917043834,332.606220641847,37.32528088566691,34.947852295407486
717.020290977396,335.74890169383025,37.337401138469765,34.90197688577695
701.4965641922438,333.457388663552,37.0822347746922,34.37028737016158
693.4102605249784,334.52268656298514,38.19632465316812,33.21698649317032
676.7698971396529,333.66740998419937,39.51364199999106,32.61415464097627
665.9322214398628,333.93772200451866,40.107755606602524,32.12406770971265
654.2272435506814,334.0380590040637,40.61803029365673,31.17018936491941
638.0134875840097,333.9639678106975,41.14254997846509,30.402768113956547
621.9308768081889,331.9177970490721,41.50027641291905,29.707374651855822
605.0644330296752,330.9922985141332,43.96315969748546,28.741049944389818
587.7808620674052,331.8738276203129,46.840322068802905,27.556116732030482
573.2818288011282,332.0500244509278,48.41153923612247,26.59762871044899
557.124048724746,330.8875706463115,50.01509377365261,26.152638858744247
541.0949009112489,331.4479916035767,50.31848369996312,25.532498848510627
526.4283151579592,329.2064122911088,51.56966210351525,25.406480837704322
513.1420388534287,328.5177732305563,53.477114614919905,25.661505540840476
500.226848903821,327.16692838237816,55.27648865476032,25.726476487196784
490.8689894116953,326.7762026731453,55.41339599350398,25.840920459373443
482.28169695918376,327.61137832607807,57.398024233487924,26.05000946112511
480.3251529938115,328.1876799481014,58.22741770622466,26.6836000647347
480.8771824193106,327.9405227728466,59.319678435304546,27.1309020861428
481.9621941872822,329.123627113717,59.95737889838487,27.18177714463632
483.3732407958812,331.4711494639386,61.12291080325714,27.70813747348996
485.5338350737283,334.19774608060146,62.69574995752388,27.546585475515794
488.36549414182207,333.496183150727,64.12570879887541,27.993992341124116
491.56864317642675,334.36071268111095,66.04814608122854,29.49738567293435
491.4083477463797,330.9763958267906,67.39553137491633,31.552716769270347
490.252344787583,325.4239942376769,68.21715032961913,33.35422099730252
493.70642644223364,318.91241996477464,67.92651021367725,34.28073563197419
490.89419864124653,312.6893079109597,67.77742150412804,34.694794212260284
487.38184982564053,307.32219334119975,68.2814434761604,35.63573416720993
480.6370260217743,300.35443692412815,68.87485084951778,35.18237676209529
475.8456425627028,298.99722453932736,69.43552304109835,34.28934913911867
470.74000291825973,294.2470833869616,70.68659725185945,33.134342747561114
466.2900130192352,293.22739488483955,71.76985036533819,32.840864527195905
462.9750420619978,294.27211795491525,71.98318156203959,32.31768730794298
463.1742687880778,296.3515710320944,72.47727571730142,31.879972559834666
459.25468734616885,293.80134015092995,71.30008117924429,32.80758275966354
459.92134212269514,288.0392020264802,69.05164101095735,35.93043078590679
457.0022724004228,280.0612476394159,66.67441790667392,37.441439047340005
451.17081629442333,274.35571526286344,66.49892069484474,36.773768448882485
447.0937683165048,268.8096947811595,65.47293242216617,37.42374703436067
443.87105057042146,264.08032356609147,62.4877801457782,36.37745406410609
433.9611136717976,261.6418515480892,61.665808239900926,35.69742178175128
425.02939467169233,264.01887701524987,60.76145449206453,37.00788500758622
434.23442365447943,276.33092251810024,55.152864421998174,34.976460627862
428.70081580266407,287.64678067151044,50.80560563832421,36.37996160619787
423.4792678749838,290.04872288608425,49.2565902876301,35.21914358330028
415.5452257956386,301.2689936616272,47.772562629914205,35.51903477147216
403.7325609167987,315.5212108707861,45.86571160146111,36.58430250159185
395.49351324448264,329.3237467908833,44.3344838259761,37.21435334206152
391.5399510419373,343.98556040053114,44.717148392199654,38.2036381100705
388.3375770060045,350.77436647795764,45.56189890547144,38.326465408342585
382.7851522695511,366.9260450999122,47.99900851021421,37.883856455449035
379.9805681209478,375.51284160455214,49.21834526445207,38.35831947644256
376.10395728675365,385.7881218377877,50.49454666916846,36.66936179317457
376.8957706063843,395.52454128676214,51.38172996643067,34.83286017549918
376.06552520695203,403.0477821354995,50.708907777013884,34.721360777829105
380.24274602572353,408.57378337649214,50.168812452947456,32.88386635248449
382.0679290328786,413.31704925948685,51.31414651187945,32.3393359292685
380.282807499631,419.7572266615485,50.286550222905966,31.96783122280146
384.0086479013788,423.65561283912956,50.08793643601187,30.80132314986588
383.23987660619525,431.84941483433556,49.73227529102743,30.918815595000723
386.71657029486016,441.4567494819237,50.167681859010195,29.755415831074558
390.12233476649794,452.40089439269195,49.16987361885958,30.564589998795753
391.5686673936092,464.3872658362356,48.34651378455895,31.02002399159134
393.9212170887844,474.7889649990926,48.155849208661756,29.103161310408517
397.90515194098253,474.5260120736924,47.31316260973413,28.022927024490194
401.5357360813637,469.8519848847447,46.312553411003066,27.002847857463728
408.78598186336285,465.1958381258892,47.02444893196565,26.233552630057524
415.04131934843,461.63482000392895,47.494212194253244,25.752866706009314
422.982388809728,458.19336653759706,47.98682913103228,24.61975191015748
428.2207373526023,452.2151261625422,49.633774013057106,25.87768529698592
437.1977002812442,453.0020623028688,50.582832774913946,25.992213284887395
446.15882358929997,451.71252507804587,51.70053366856807,26.54971180679892
455.25324331505703,458.40175123598766,52.5292113068977,25.275126068063784
466.56019715370707,461.5589626045196,52.824956339558554,25.5340370712343
475.58957685443204,468.26506922840787,53.668403359006966,25.892423188692124
484.0417911390435,475.68393113515344,53.90635455052633,25.384472324419683
490.5265951437375,479.5253659484171,54.85071748840387,26.004626989884564
493.27067871550923,484.08606678504657,55.71782073060265,25.53308188400847
494.427534808639,486.72846576111226,55.84353115176499,25.955681392814544
496.61520975364107,491.6652300963193,56.49976695512018,25.601088879626975
497.2181249761512,494.31660500397976,56.874487657560884,25.55625837582957
500.01579661800423,495.45126580953047,58.1473694715111,25.55007458211099
501.22756061652444,497.06513484665135,58.872935102400376,25.292703939509796
503.4228797298626,498.56116295422464,58.792859009513116,26.58285902807419
501.0962710796722,503.6550340838349,58.59791651985488,26.33151813604113
494.5449810110838,507.7101613899636,58.50603864921914,26.475520725932114
488.26757890190567,511.9660215268004,58.093603487692576,27.397348425891447
479.55332492005044,515.0019023223406,58.26667932249673,27.945704022310977
470.69856740615995,520.5913655015971,58.68121144012149,26.784935622782292
462.5539468543313,523.9818052791328,58.29676174788035,25.808072180992216
455.09706197888556,526.9330582002882,57.697897221428065,25.572894219540864
447.5038362656697,530.5917858357938,56.904597060945775,26.222052718060922
440.8755478970655,535.9540176365838,56.4153699651464,26.853851323512064
433.6728186470542,539.5518956364821,55.61010458821579,28.034453355942162
426.27055090225736,540.3720649753157,57.10389483855168,27.69643706597035
417.3514474453627,542.7425222727742,58.49346283632545,27.268815928084482
410.81557783165573,544.259412685772,59.46078617018459,28.07194916458895
405.9597863079508,544.9795528920404,60.39745161505542,29.39480656943494
404.54424530191807,543.3450732102457,61.410708309738126,30.103707339274145
401.6156582283887,543.3113996182983,62.22160254957025,30.840808551489328
400.0191958271931,542.5457409330388,62.988593514070935,30.58423834876605
398.01170076013506,542.2846788452516,64.07476589916348,30.570641699145256
395.64531829989926,543.8675152976133,64.96178191826785,31.03576713426563
390.7456052445683,543.3192155860698,65.80951735510168,31.48362388157129
386.5024633472876,543.6074074557412,66.74801062231934,32.48972915590038
378.9793372582173,542.6748326445285,67.30648509049898,33.54730736719302
372.00019975784596,540.7722557810139,67.75871761077288,33.966444248519004
364.10984695764563,536.5016858956168,68.20688842113456,35.700455113063335
362.78305348070006,529.6636032636344,67.82983572658817,37.52254017683279
359.37164722976246,527.3374458323235,67.50506522065083,38.024983213282724
360.2087364309615,517.9628406627759,67.93766782411211,39.993325022104464
364.45254445224674,511.81372183542817,68.37516164482295,39.894864678753066
371.21298936952127,503.2448313213433,69.52741328976609,40.992682938368084
382.0270952190592,494.90388653747925,71.17518730846358,42.30471471801022
391.87511302775647,488.080189420707,72.30755134927216,42.16991290663293
403.1538185284002,478.01990522388,74.13476864388315,42.99569675438845
415.8027712702774,467.8147488408776,74.22135412692569,43.17995056043227
428.818223000622,458.4661974320402,74.58321189670512,43.02315628338061
443.57879493820604,446.3278515860987,74.97512344145903,42.67648066569321
456.7402919975451,434.1564501680877,74.89944377590592,42.765300957769945
469.85319067552706,419.3361927780562,74.47192522853571,42.95707001029383
482.9507843169473,412.132895313374,74.25250698866402,41.376314475791126
496.16279367382225,399.00850316867246,73.6196870053828,41.549964487850346
509.52785359896643,387.61423889854893,71.18535878107106,42.09242979567563
522.1158568022261,376.26475493470616,70.51803462552834,40.87956300656424
536.9958742028667,365.3380926401534,70.10770075198138,40.31116518356042
547.0885661588399,358.0022314863082,69.03565912519144,39.54833243753988
559.4734406445623,349.29196697166185,67.15174389398095,38.877934342809056
567.0437011673579,344.52106542461866,66.56714631030378,38.2874437357236
577.7374935227112,331.1825370123815,65.98019026170645,38.744423045549546
583.1610975598189,326.86364718113145,64.49452393553784,38.604797922893326
587.2316664055921,325.02412439164505,63.15415223520252,38.80729626065517
589.6438856275655,326.12349145761135,61.62251469457594,38.88540233868359
594.503598715782,324.1166663242586,61.03704542732269,38.89955614542815
593.08401643537,328.950296070107,59.07814480259988,37.27460927580154
592.0658264705509,326.4843951243273,58.35749043048024,36.64217166540787
585.1810222083957,330.433388976774,57.08164302217348,35.799878540592665
578.2140667863932,333.80202881170476,56.4442648036783,35.729957269168665
567.5251069879301,332.4674810623867,55.70084650997964,35.43887820725781
556.6946879714562,336.7138991746621,54.094869357380546,34.25846568876165
549.757626128252,341.35928132752736,53.31674084652331,33.43887753049211
542.7705552154806,343.8546381377522,52.56030711054275,32.931058807503376
534.8273269551855,351.14667865891647,51.89990388992181,32.761833722206106
527.7458078795746,349.4248203514088,50.53576613782349,33.64803996124489
520.3057714426254,355.6405227772647,49.49001198535457,33.11484372769716
510.602740984807,354.97345126616153,49.15046743224146,33.781750421778504
502.3335483948931,358.3628203917697,48.50101691870985,33.44891976333571
493.4379880343497,360.73997198828613,47.63761188296076,32.03244616014645
482.89154608290346,363.5313461662573,46.603359555384436,31.008093189946294
476.0688936451305,363.33707170873566,45.143561891867876,30.0850423735443
469.0905468642793,367.0978535293293,44.47676607368749,29.762209201107023
466.0080915920863,361.55559272649583,44.3746172919016,31.057790377086466
463.70729993067687,358.26266817289786,43.59042790964231,31.280815997954335
461.2459566255434,360.57611520407113,43.136619158581254,31.04918560748273
463.409711544921,363.9062127511744,42.34629498877133,30.19271670956526
461.7766494068885,364.0328836377488,42.38397993378163,29.818311703994638
427.3518913315451,353.4465371084245,43.620825186030885,31.20122509955734
435.1515860074521,351.97865216243065,43.69309721116997,32.22337499642778
440.8093478225994,351.19686431914465,42.49769076837543,33.72493896424972
448.92655769426204,351.1272744172483,41.80654495083133,33.950788689917474
456.8204823839613,343.3092640998386,40.68495533705784,35.98082177590876
464.2270687472901,335.4631094740266,39.98529274223615,36.9377794650327
464.53354180162114,333.7656731682237,39.918092483183514,36.1420392836698
469.7518045673669,328.46475875998567,40.535338924348224,34.05262969682556
468.1785832678792,326.04530717667944,40.04661916980794,31.871818507969248
470.6834082726069,324.1725242182154,40.89376542500105,29.556868067475456
467.74394859186,346.69192086740503,39.54842636364331,29.211510438041458
462.49123838435247,345.36643291822224,38.21829074838492,29.524061653789893
454.7644707425811,343.64378581928173,38.05848374677129,29.855342179795915
449.10680797837125,341.31021246327464,36.49514716581608,29.905133545130468
440.94499204373034,341.0895680317949,35.02160648871118,28.471224043832066
430.9188170993065,341.35095741040544,34.810009844355676,26.95561691747033
418.8179847274102,343.51688407223713,34.638215725843665,25.154304060115543
407.70285335480804,344.97490697152944,35.846727067239385,23.413749594538825
394.4139102609384,348.5214088897168,37.113738316013844,22.154020599472712
387.004285144894,349.22753973558565,36.85897579175495,21.719908321797483
382.65582199887973,346.80925909935786,35.89754637089292,24.300251637710055
379.6796958816361,354.23505557413137,36.0007156586028,27.424000485038107
378.71142929643986,361.2860846385237,34.26949370204211,28.490933445120636
385.71767230534954,370.2830211324753,30.739948358050878,30.179876008975135
385.45104507818894,378.15190744130115,28.640588676629903,31.425715451870385
388.38126384896356,391.09330362928836,27.993346935861936,33.729385478239735
394.3913431701121,403.0084518236982,26.876584900010112,35.60103916266218
396.3400461452931,414.11600852917667,27.28034166937469,36.53160141088492
401.1146956548619,426.84510138404397,29.876916673674643,36.95467180466597
402.1582759264437,427.5683837747475,32.480689358050114,34.364308195133916
405.3364822637471,434.72040554534414,34.592965648287105,33.39183814026876
409.25854279932224,443.71698147255205,36.87141842967583,32.11034094893882
412.3527898810596,452.3711988383223,39.228120799404174,30.796870817007786
412.4871378385996,456.2152863359072,38.193097980027375,30.41083510406448
416.1279849432719,463.1092355715235,39.094005699393705,30.760021593769384
415.51683913446715,467.8464300747275,38.959577346300094,30.202960468220784
416.386905137175,474.3347233029962,37.706292264712516,28.333826404261412
414.5802342203243,479.48909238587225,37.73432220876549,29.382525372298435
413.3419313086448,484.2240605306007,38.55657012196822,28.747900972490065
407.55802296861765,490.4435950223919,39.006871238057705,27.805856525040404
402.91277976381144,494.26979902001693,39.52355393673261,28.152792401860623
396.1941720589276,502.5843867110516,41.43239562823851,28.0839350129554
389.10963601796584,508.2571955157812,44.61437664570897,27.57578078240244
377.2466104989403,512.3342650883172,47.034199046064764,29.059626866822573
365.9763419458671,516.7012410173087,50.38206342271893,29.99616145903493
348.2320736735462,519.7608564322196,52.81835387361067,30.383079921205237
327.7722638264461,526.6227501720793,55.899564143982786,31.153890830157632
304.8962580079025,526.923606916351,59.52712509747627,33.48163595977845
286.6670845967098,537.9543719323647,61.63998241790851,34.01773166017303
267.04502630459183,545.0513580822628,64.81461047675384,35.906645102564184
250.3970328925966,560.2848560325635,66.72908179781464,36.982480622861175
234.70522512623876,577.0059189861286,68.95656940084278,39.43036936416854
228.53388131900215,587.1593156908598,72.59954998406599,40.8398235133
226.68489734394774,602.5221471951503,74.6689931539014,43.33230015315648
230.0749716705222,619.084301529593,77.2819414245806,45.18430984364606
233.6477207591853,631.2668403624123,79.5878592628794,47.70967407253873
237.83668596507695,649.4625882566708,82.9429610776586,51.07437335238123
240.52679870462134,664.9304251859663,87.39488891888234,51.521573028946335
