678.0,636.0,53,60
660.5362417543311,621.4717229903076,52.35395386926757,62.24060553305662
640.1483969687796,606.9630815713224,51.58925342572199,63.49079852727717
622.45581448209,589.2946508649505,51.241813418632645,62.670250272052
604.8999904306636,575.8030701422248,51.294272678711806,60.867706151097224
587.2908121760349,564.7666310363367,51.63086954441441,57.73782557381109
573.3159197835138,556.9524022188139,51.45721072594112,54.58843591881752
554.0852924986771,552.1027884685942,52.765602746786385,49.17421432257715
533.2808702409892,545.8025671888705,54.308529293412164,45.56365834686829
517.6366479834353,539.5464606921879,55.37813225578564,41.99846350331954
496.33493321524634,539.1842013927202,55.32322133806199,38.96504753194236
477.3115682876709,539.807081227789,54.08088869321284,37.21811293504692
461.40565904582934,542.0504552740425,53.00784999916163,35.431621190196196
445.3947895125098,545.2026522336944,52.03488386560534,33.45878549843157
431.77715320367787,543.0083195673109,52.435577015495866,31.463448145651675
428.4927365656836,545.9380993812273,53.053802991679746,32.65703488012354
423.21757313249975,541.0878975823462,53.12166220668014,31.754304322612462
419.8344500764796,542.718651692857,53.518889764033034,31.817106404325166
416.31322984885765,533.3879275224264,51.83508815384726,34.732888241280016
415.60225845749073,522.3262897420798,50.57894560943257,36.44606858712953
414.7852649459477,513.6262099300186,49.89947132880771,37.831747620431486
414.96364065114244,504.3022187073533,49.59977253072287,39.222985680996565
414.8319541350545,497.4210537588203,49.15828106094574,38.90236880071879
414.9647701719167,491.5262751544454,49.24308233683066,38.376481063179554
415.6238395232572,483.7511170146519,48.897218414423165,38.62934250878209
418.0921165676836,478.59821454833326,49.284471088265605,37.911267436536605
419.93886138864934,473.2039938459809,48.966225586959105,37.230089090264705
425.2983489999059,466.95444074951143,48.49129943671166,35.82399813964901
426.62576249476086,462.56463787015707,48.51353543528294,35.39414650089678
425.39639749472013,458.0099260648745,47.69693584552063,36.09939530677449
420.9959044648001,452.57217928071026,46.00092788680604,36.07967097959509
414.87299249112516,450.1952814134182,45.5796070587653,35.535355752265254
406.03037895513575,445.7948639076309,44.94090529773631,34.83744198454289
403.3825658300486,432.8094711245172,45.04291277349662,35.53773499705937
402.4095751059612,423.6642337108788,44.44574236620254,35.36084837414077
402.26716214137167,415.27303458192756,43.105781918428534,34.77169511837146
406.3579127208233,409.3760188977748,42.36907446069706,34.11566850327845
408.32792700389086,402.3789168471945,41.17979357522606,33.64786698920474
413.52986841806296,395.8128306492341,39.70808542949903,32.19607026891455
416.8126103139966,389.8053844499447,39.721535353452126,30.734125509290262
422.1070955456552,382.31010774065646,40.30355488036923,29.754486972300313
426.0832993834037,373.26669061053815,39.820217639442575,28.81343579552521
433.11878126711565,361.34858508853387,39.90548861322961,28.003765186701845
440.2052814556764,351.13937537667675,39.96957930056125,27.186077737857484
448.39372695512964,342.77161570690276,39.12491486415474,26.33896310523746
457.26046627992326,337.60276635230304,39.18152105343476,26.886348093733766
463.94955920492527,335.0148142811423,38.633733763001025,26.693813515352037
473.18345626162056,333.09071866920976,38.271286329297894,24.831418191365636
479.83852124620756,329.2211859097681,36.81046055934266,23.73306610770986
490.7400083573614,327.6799729670438,35.431207650511595,22.60676701757255
499.43901004746147,325.6011464310771,33.093064499803596,22.104218063138816
508.6199576999127,322.92793383316393,31.76808020564344,21.993604379570513
517.0569676252509,323.91309740937623,30.578020315904503,21.176299993259263
525.0915081782993,323.776355344738,29.296025696624213,20.912812076637238
529.5723703193249,319.62771370388464,29.8102764511938,21.05633254096114
533.7421870488307,319.50659048478246,28.781266161127533,20.663943053872543
538.4107389058175,318.6501369535336,27.17405136316963,20.1122321964484
541.9562539299104,319.08757713344676,26.111890943890025,20.175324859083105
543.3334660330058,320.3873996161531,25.497519533109468,20.715419883904666
543.7008178346571,323.38353632552963,24.90292976037344,20.329690959780617
543.7418728645115,326.0648739799244,24.471683348125374,19.089444545034013
543.6403178875568,328.7316101823046,24.257350980257602,18.463735812148514
540.8380596593108,327.9630295698889,23.820882329327507,18.459332095573842
539.7347074351559,327.2052833233139,23.47148021025461,18.086328189798003
538.4942005182546,326.1344860186458,23.374048609486813,17.258638741516933
537.1025561029185,323.157292989891,23.71252085080377,16.846104327835185
536.9166215299433,319.6264360005196,24.576524090992393,17.07155274261312
533.780479935238,313.7449369429206,25.76251119885999,16.92391395595569
527.8604231587149,310.89155834852727,25.677461482863244,16.811205507535306
524.2555858302767,307.62949580782856,25.725606598724028,16.15205727350302
518.2957251309723,305.5343441377677,25.829211664325,16.423682329933406
514.0686373280156,307.39000497797406,27.16920575168361,16.567257194930747
509.7536529754018,310.8442569828512,26.47291865857139,16.35454633703189
504.2403465276499,313.40543890433736,26.19120483288389,16.597783079997157
498.01527116501114,318.45332671360364,27.371145292048027,16.773041702187236
493.46781215096456,320.1293904440347,26.445113002758408,17.389298030387675
487.9251052711801,327.8509294121354,26.058267240843,17.179221803170613
484.2682104886785,332.82194378533165,26.568582379576554,17.850787111953828
480.05143970012665,335.9127733467898,26.720797662734928,17.71101336501414
480.7310678956034,338.02131641789566,26.879012585258057,18.2677995982907
479.6960524811011,343.64644521879006,26.45422377314937,18.36158954288863
479.7964444807464,347.12913979419096,26.36731611663222,19.602087232907152
479.2638547476301,349.2404816163667,26.535179603860936,19.912721154473576
478.1947413407479,352.2084679292439,26.344976241844062,20.10279375577003
478.98411121240423,351.6407698148428,26.128876879390777,21.01116209150577
478.1049265625094,356.61687279558015,26.653245019512514,20.664539320949103
480.6474876951887,358.8282541508294,27.41958607202491,20.061104918556
481.0728990397474,362.2703074821381,28.860107071872278,20.890682337969942
482.1690331752991,366.99730162484866,31.560584772448635,20.47195711407223
490.87228990751953,372.529466524988,31.191379047265627,20.70603582209437
495.653481032272,378.66882262244025,32.537688204010635,21.66626863451405
504.8488384225357,382.1012291532524,34.671585850241094,21.392619208143657
513.3622458029706,388.5811588806532,37.50800656300418,22.75011204826386
530.4217986960338,397.43461452117515,40.766143818869885,23.622149741829364
546.0633638700588,407.6799815073752,43.419948895624664,25.237876340718294
562.3156888557945,416.7440855317597,45.921768650715705,26.830585039996205
577.5823838881785,424.16054073037844,49.43722196973676,27.97524422283688
593.1494349216249,431.61350153979777,53.04213357471904,29.669313448724772
608.05624603073,439.3013601939935,54.97668030182133,31.0749987282239
623.5251542496641,448.1639860833809,57.91575595379686,32.12150598265224
638.9227363409573,455.8455898907675,60.745637547577665,34.806714505574405
657.2247209827715,467.04712081109983,65.17477983621495,37.06199311901126
675.0669471741955,479.0814329319449,70.16850433324954,39.186117900758646
692.0803842708414,491.1747708802574,74.26702686847354,44.80211534397736
712.6448275232307,505.4518180254637,76.37968699455428,50.57846538950234
734.9408182181747,523.953202245174,75.88911551677552,57.82752800476911
748.2925334254819,544.1282939441886,75.54036039512987,65.0926094993181
756.7572389246509,568.5927166702055,76.13841521710454,71.68497376408126
760.2258404023665,592.1954615262745,79.06583628511068,77.4018168156151
756.3445222960652,618.1372683603587,82.08088338638531,84.25395143846222
748.7164246564105,631.9424504611347,86.59278545280398,86.20709431698837
729.540002040194,644.3478274796664,91.79829181804938,81.70652094398747
700.3813208621493,652.0668255274395,92.25603503351385,75.00415106914446
672.4294173203115,662.8842199901861,91.40291462695521,66.29746272958873
644.2727297899503,670.0276326558902,87.98048036150561,57.197099800524235
608.4475637641958,681.4994211056948,89.91314578703799,47.61878779349335
567.0336051192866,689.4498801165776,91.40855880439554,39.678349508055746
514.6677453601852,692.6325270029159,88.69064758529356,34.211920481472866
498.2545702301589,672.228661624524,81.05415299671346,36.899625603491145
511.107125168469,654.1246335648618,75.08306716794486,38.675873251135805
503.1999957130606,650.0817698553656,71.89549502407404,40.1996347277454
494.8292177335422,625.5898740417584,68.02911030928284,42.35762069089724
495.71989033344545,618.4552653269787,67.91657309287474,42.43497410678462
516.5853689849049,544.7168867208791,74.62497736222153,41.56515844300739
481.55769100874693,541.6365470897574,85.31082647859988,44.37868499528994
484.41478805137785,554.2521033806833,93.99125519607246,48.07051552867262
492.6094761819618,565.1353714595341,104.94550686459206,52.95961901940831
494.2758351780285,574.9857190093438,112.22527666542737,55.863690765492116
501.5320981666561,585.9315896769663,116.79697920379712,58.29769405915329
511.0734379530709,593.3644508268902,117.82300324424882,60.827906817899326
523.5141954596429,600.7666998502461,117.61211201040157,62.18167293134359
535.4956960366445,607.2222218342744,115.36172682319538,63.413390193756
548.1848175109117,613.6588039904865,114.7498107789579,65.72226323484742
559.5382714000369,614.8415440777419,114.12090593039493,67.21673789432086
566.8869334881688,613.7974959240801,111.27654806272506,68.60170920164447
573.274164927956,608.7607378447065,107.79093406010357,70.3148127627356
580.1157664280796,608.8090414314071,103.97751255399699,71.86899294284981
586.5734547121327,604.754953679795,99.37466650346899,73.48321092654288
596.6777623338296,597.9356194335435,91.58624779327823,74.74520095224909
615.1197490142061,597.0203146230881,89.13071071182218,75.49237551456605
628.2724429723598,592.8629920533967,82.50375907481165,75.01994179652681
652.8769736024881,590.7220257890187,76.86003594932063,75.37755791903274
678.3616454101948,592.3909039905502,74.804419140548,75.33158008042295
703.9260571434991,590.581425794684,72.8969701856582,75.72189877684283
732.3010596483755,585.6810664583182,72.20772567395215,75.86288844566826
783.7010323908947,582.0705848750252,72.41647769867933,71.76787260834784
805.3060396393914,587.9611996359737,72.18583331887338,69.72672487356044
833.0382640960316,591.6817017820428,72.36878430793669,69.74299597204728
850.7357042388127,589.908258159889,73.61660421768723,64.12301309916741
868.0512325883448,595.9449537674477,75.36906192291977,61.90249663990929
875.9917201599303,597.2875927455104,76.41499718013944,59.34237127167441
875.1123668142726,594.3660266987094,78.89901515075177,57.085863472698186
869.4341181378746,595.3079250116531,82.73595073596945,55.99537129017048
860.8713048643214,590.2725480163833,85.315922986201,53.562981970162966
850.4754739510595,589.0363263086406,84.81498227366231,51.51268978994548
837.4433972492399,590.0672142661235,88.09207207866865,49.9481672929482
822.5210878426165,592.634863808297,92.14053305500144,49.77734574766365
805.9726215906891,596.9907825364531,95.33992832741086,49.49806444369534
787.1902045451013,609.0884754649608,97.18827071936778,51.23306799097694
752.1067697554877,627.6857572089349,93.73543509839965,60.848624131934905
740.1098473007665,632.7704687562631,93.5294509062794,63.43249693571595
702.9165796434156,644.7838869988866,96.35800282254365,67.92723637820347
679.1333662129966,648.7423126827334,99.4959934040849,67.66584155347857
658.9244722357726,654.9107268347383,105.1550838487673,65.68326129634383
639.3446734703537,657.0513694795495,108.49937376241776,63.666410821174296
620.3180963903445,660.5705443337436,112.83615829352972,61.38764363231746
608.1898790820937,660.5667060562402,116.63891859362495,60.13369299005878
578.9897849883558,660.7517750268513,125.15238803110087,60.13715124024263
562.2653707513593,660.3437827806807,132.5957538586095,60.128916982583775
538.3315990666947,653.6049128857786,141.35813365372005,62.78622220207558
511.5009326279075,644.7058437698764,152.97707761527874,69.67563851005188
484.33614553430243,631.5470562630436,166.6424977497545,78.42830263504567
520.8966749378515,596.1957759332206,169.56123386453152,71.4665261364886
518.7934238949443,578.8779456044418,167.61484288393947,66.74006521201473
502.42275690660676,570.2709065177438,167.43939829616147,64.0091360611921
490.65906019200935,559.3313603478191,170.50194797535627,62.39732263932285
480.5342377985295,554.0245489301361,173.99051488145662,62.37437931257931
463.67511246079766,559.8997335688007,176.73943572293595,62.149339625093845
452.0220563355955,575.0515206725378,183.5980992428715,64.14779788832291
441.78469044212505,587.2564460477488,185.26789938918742,65.00235143477579
429.48763981938185,604.7913313164179,186.80426137686126,65.67366976462517
417.2619699037957,627.7069127650943,188.50251893264294,67.44083450399113
404.44565528676753,648.0997558648887,189.5468608131837,68.47692564815227
313.75942856836167,657.610904964704,192.49539457226106,62.26810401102178
325.153065041309,665.6528109334427,188.05931791542895,61.29970955401325
340.52870183032377,650.0126559318016,187.9278563491181,61.39639528971704
344.5849191562195,640.2651257651418,187.90862238092038,61.40891167772427
339.0014964963215,644.3973757237858,187.7344032475913,61.4904810963738
340.59966911219,654.6541760283179,187.36328384593259,61.77894347559077
339.06635336034714,642.9914217895371,187.22141925586826,61.91325932619923
341.0026032460648,648.9586408561369,187.04664287310484,62.016174708624746
333.0395384613368,643.1399372734257,184.21547874138886,63.77907015529701
331.2525021946222,647.4994139126636,182.33303882364623,64.90160857603995
321.237276731823,653.1024119365802,180.79714453440093,65.82912693250368
354.2587166473819,582.2927694492963,189.07048784781438,62.07780643832136
361.77661744920266,589.1007019430915,192.54469600979783,61.535610884324896
445.1489119495865,611.6655372226224,203.0206880637176,62.37432411432546
585.6510628659755,595.9281741011291,168.05007763718953,61.54579718348404
584.9271531956582,607.6729279268621,143.42206079618367,60.4470060847523
577.283079770749,621.2105847949209,131.19873303662692,58.1654545556659
572.4044163729394,634.471674425425,126.63223781076172,61.93776992356411
566.3314592015547,648.7586769925632,123.37785308126553,64.37981703538145
