968.0,369.0,28,46
960.1748079644424,359.3710225950428,28.423394325021583,47.448445532570624
951.9186131404736,346.8748623057405,30.363808264951317,46.60968853549163
947.7576671445364,331.9806030558227,32.111084778309916,42.66949304606943
945.3934617447551,320.32295670137546,34.5525235319742,36.41209288387019
941.7944060565626,311.2509689919141,34.811837911288876,32.09909045855462
937.6184060957099,297.3053623757203,34.451504153795,35.52298801711416
935.1185493608621,276.761540072818,32.858200045365834,37.672651971063246
933.4294124116241,272.89541963204834,31.392418768060537,39.19534390240718
929.7830613329796,270.56673860696515,30.76750312749785,39.55313014690958
931.8567090759875,266.49764060963855,29.43934521472415,41.07761764546896
930.2013717640766,263.3395324971514,29.3341568014367,42.76077722981823
930.8177483288658,260.2759670391,29.659264999983264,44.02612225724921
928.0693355158934,255.36057757377924,31.224816211865566,46.09684564589855
928.0029442572048,250.92535541937434,32.402398533930146,46.77460196642711
927.4203172197235,247.1773399237803,33.04683962061158,47.66385195175583
926.1041502821007,242.6464815870901,33.93852713355259,48.77898964564398
923.9397699650558,240.5988986133241,35.36849931549391,48.74730927969944
922.4616351259601,238.76220093880687,37.358567211458634,48.20923307111675
921.3227839580311,237.33443582704078,38.76606080708236,47.754124866914545
917.3522386195175,236.75116318457947,40.73084838352369,47.15655577195435
916.9299445843045,235.08166800391731,43.492199759613655,47.19294908738019
914.5805330466786,231.78466651999108,46.939359626857666,46.8673048384358
911.5016414898696,230.41999030291456,50.06506876586636,46.123085495245085
907.7949069701574,229.96849510358146,53.706687219353135,45.9714799466457
908.1012081782035,230.58514356768717,57.59712130228434,45.983849522340535
908.4300427699893,229.76320147283874,61.68900961383006,45.315874581177965
904.1465305320273,229.67230938077495,63.29856033487104,45.56502631901648
900.0709712658329,228.25942778921421,63.47293326179123,45.95890473651298
900.8829071021551,226.99854365129875,64.7742019700063,47.39275186976579
896.3165971709608,222.93924828464841,64.15502129528551,48.80257185111333
893.0213550155734,220.4535617544276,63.42990807188057,50.4927712055003
892.7083011248922,217.0697966906889,62.29939353878998,51.74714825680583
889.2694044464931,213.09403970108582,60.580552984455146,54.41756482390255
887.1439253951861,211.61438496991724,60.85516221011605,56.833722430771004
884.0048870616031,209.06557078603356,61.04550084017272,59.022033781936756
881.9273709537675,206.79979966701396,60.51227011639066,61.27890255806193
879.350810988482,203.4543206127074,59.50657657039937,61.825024240893796
880.8511099779162,202.43370655078905,59.84862995871839,62.798304977035194
878.5082912804986,199.88161753506415,60.87690346195197,64.3564625006725
874.3605497373176,197.02542426739475,61.009422681126615,65.0969099490972
871.5535058262371,192.73900245418986,60.00116553258437,66.95356705206947
868.3048510190475,189.46743550802412,59.13760478563541,68.13721913287755
865.8835145408635,186.596022352639,58.82552310333149,69.50557950126495
864.0045309147467,181.743322201406,58.638437254979195,71.82603107326227
861.0442049558784,179.32085217717932,59.25569866978619,73.26636907093433
855.068950007578,178.00769476069758,59.40074286814479,76.07127277108533
850.6645664829388,175.0801996916754,60.21033389203265,77.89998727436404
847.0108492643311,170.66203656448545,62.006263202294775,79.22978276702521
840.5613643926351,170.27451909663327,64.68202737928057,80.07204792733893
838.2653639983039,169.49404446490837,66.59150253317736,79.65191808922626
832.9705360227886,170.41468629060708,69.51639407991112,79.54937345150068
829.4545181014573,169.8703988178205,71.76318211983923,78.38892495957387
826.6507493971792,169.55796646052067,74.40059623737992,77.68279602182977
820.4184080119077,170.77484061404522,77.74107246495419,76.21364732415563
813.4698064714113,169.4978467261745,81.30740396391576,75.24618124247522
807.4057241758456,168.06796121833037,84.84474824254698,74.13668345933536
802.8465062539001,168.62456019172143,87.3982426801881,73.34578165513135
796.7385271552355,167.43015059684626,89.39139203962677,73.37757569839731
790.5965976419445,168.7818068753791,90.88966757011488,72.81974043625354
787.1379849854443,170.80162867395512,90.89725543194339,72.71954996410146
781.1208517243548,171.09265154123452,89.99081760841926,72.84709895610517
776.865695004163,171.21533040030545,88.11129950583428,71.77437917741644
773.5873616140989,173.37991868050312,86.76998654963435,71.37571409163048
770.4746586196763,176.56047539641347,85.40609810488547,72.45902815004418
766.3053492252806,176.4205229417919,85.00353647375535,71.97730586202172
761.8696802334141,177.83837733538797,84.62017475045695,73.37295083459516
760.074470643632,181.20803693405122,84.55321477963042,75.85659306304987
754.4108793469109,181.96440382220462,83.89712100588524,77.97450503869624
751.9604356096755,182.30889964271296,83.62701849012164,79.29820871017958
744.1758899016781,188.05489297496018,84.46127714244453,83.03080090310698
740.4606850605243,187.71772750587377,84.37539043803359,85.78774292526418
729.1668218996163,188.45425150411623,84.78965484578697,86.76760630573239
728.6638052285826,194.48186281682956,87.50528291441677,85.90366785999319
714.972086938217,201.9311726039946,88.66908448538251,88.25224066847562
702.9922105015946,200.42566058908926,91.79900337425222,86.25121025492693
698.9822568261042,200.1284139719468,91.82037556898317,80.95767248335251
692.6423230832341,206.60704300252263,92.99575697073882,75.26185851399774
688.9509864067542,207.11882684288523,94.34672256002678,74.687631653585
677.954073831708,214.0881727033393,98.99524131363486,70.16510814556753
674.1416237760898,219.1010045085199,95.12651959869942,68.2734777383313
666.8808516350108,221.17497420793063,93.76830313866982,67.50560425747857
661.8524634265381,225.4749261812203,91.5039430810059,67.36303673668048
653.5341824386489,223.05608738462138,91.02337859194051,68.37771628300331
644.8730759955446,229.53880712338466,90.72513859728983,68.25617939336742
641.3921371432773,235.97993577197855,90.1741378838556,69.23677610008588
633.7533301120397,237.67573675628518,91.62997460258075,68.36412554748827
628.1806664365778,239.769872306198,92.78348066444214,67.05277705508448
620.5946672764746,245.3565339835957,94.11597092800787,65.47604183505467
604.8337180318176,249.2757792281305,98.06847244466563,66.99643806473509
598.0232064797403,257.6652864688814,102.35801361522634,68.6269694816708
585.9926173238956,262.516092561479,107.18710574527512,71.72772546053801
571.5119646910451,263.69196578147506,111.68960974144495,75.55841310257722
567.1120708480302,262.7361639329772,114.00093307200609,79.59419282496353
559.7953567017457,261.4075908977902,115.55376444074692,84.48562234260315
553.3017860261552,260.7836194230477,116.43009646575587,89.15797325107255
550.894179352005,263.0545261533084,116.56891821249386,96.30729138234804
551.5561041664852,263.0025435814385,116.9420290327524,101.7392594557754
546.8097220785022,268.00100137048713,112.89188549387445,106.73971936595933
553.5023893657616,267.6548570792544,117.39622987443387,109.18988148358108
552.9833174790436,270.169739973747,119.8426072904478,112.69380710084582
553.39623364751,273.3612728594394,122.26164800039004,115.4591483118829
549.1536927680442,271.9812837711599,122.84255495463432,117.54688527750447
556.4653140089215,271.44613463579947,117.27793674045768,120.21602998377222
567.673725936164,275.399557292552,112.94112997581644,120.46076548081392
559.4281500569624,279.7511815164248,112.31390404867284,117.69791620299026
557.2427090234913,282.4447440853537,109.17450169178684,115.37390141669495
566.9884974832553,279.19495059869683,103.99658444022762,116.2414083118837
567.9437162278506,279.88141626205817,99.90798532994332,117.72153484648915
566.1768109199816,276.0125138642642,90.00612700036892,117.90623905613961
575.1650005864169,277.17138649490107,83.20439976710767,117.82241103119395
579.7435813892373,279.0611468322783,79.12865905990432,115.83176975097072
583.9251767737305,280.87136762677767,78.12551467763649,112.01992191197206
590.2751502392955,277.28567083845064,71.6213074926003,103.68774493198538
592.0893020905628,278.8518253158033,65.67214197365954,98.2440956452489
597.3979530194952,282.58177619478016,61.570343045482275,94.47645462948266
603.0097578417782,285.3711023593221,58.762230227088054,92.22400469297688
607.9871067589226,286.36986780540445,56.81403263693997,90.63724040237469
614.0666554527555,288.22462523628184,56.61318720239903,90.08330415390112
618.7066753614109,289.21092109893044,55.41221843001008,89.84569778016649
624.5436649952547,291.5226715241707,54.35817324435389,90.29546963476409
629.8781027085963,294.1436114031396,53.22332491727999,91.1751413904982
634.5823588408147,296.2087764765601,53.28765200831214,92.11280440771965
640.3384115820421,302.56562111064704,53.43738124265396,94.0315614286082
647.2980825529598,300.92150107525765,53.53265722074052,95.48377244665261
653.3861515250434,302.93003695704743,52.78837352462027,96.61992944283872
661.9805386095363,302.2546938932849,51.41774510758751,95.76639193755128
669.2023323057992,306.6047645540737,49.640509033420955,96.80624085034864
677.1516850965955,312.4871844839861,47.097699447922245,97.35689171318016
682.2992234137294,316.9375740099133,46.41379835076407,98.5335967921851
691.3582732373246,318.89704685967325,44.8147111547452,98.86373556532146
698.8118375347137,320.31631514615174,43.67580155410774,98.17720704900518
706.7542655526864,321.20831137351524,42.99684761777159,97.83871019974688
715.6443319069347,320.50262163490106,42.38926129599406,96.45757869064715
722.3115100748445,323.71866427108233,42.257205985564894,94.5382497659408
729.9494910150526,326.50026593482204,42.92332174186758,93.00586919236768
735.594769929561,327.84631411573326,43.24958520191308,91.03722253757647
744.8747055890337,330.19193376345476,43.708787369295756,90.45654842768032
751.0007799980543,331.4861214459319,45.90308020164528,89.53632491819491
757.2773443552663,332.63293063485776,46.96372101847126,88.17550683331186
761.8161955610694,329.5234126014215,46.3007830111618,81.44800969705929
769.1934918953525,330.8504223040135,46.16346939533012,74.29749981335972
776.3566281181191,334.44611043023133,46.047722462492075,68.23005544568974
779.6701163214411,334.5525139373806,48.0919801867077,63.229330340570876
783.9742507802491,336.38348322091514,51.72362520952128,58.139443775454914
791.5407231624264,335.30985470947377,50.686887110205916,53.86885411865012
800.6780397083347,335.05369837022926,48.09032408674861,50.746218066670394
810.4492517625235,334.99516128518553,46.14728047153483,49.09662963910162
814.2753311004071,332.8297770803117,44.95094760143183,47.47128232619299
818.155234646258,332.40282586493197,45.59711585152701,46.04230206652274
825.6514014504663,329.6111658997688,45.01200880561042,44.87023564430997
831.9024262751794,328.09799736448116,44.80973332610593,44.63303816898687
839.6642465805088,326.79933220978734,44.155355410759775,43.88457380064016
843.8623618663639,323.95250570100535,43.50967415545575,42.487330211758874
849.7874499178218,320.8085708667968,42.07481177324311,41.75351714091808
858.9945443587559,319.3229931576833,39.37391024489055,41.620653394106036
863.9189429203321,317.7560646771507,37.30781270669892,40.985238504585354
869.6652694588375,316.15414121610206,35.493656944141364,41.081755104416956
876.47025579295,314.2580159206724,34.1932393296275,40.64577998726848
883.7648201317146,313.064006642844,33.678039485106055,41.01084932417531
890.7988036703209,312.3226393990528,34.154338154963725,42.15332807445301
895.3253135537597,309.69676990747496,33.56790164003933,43.130042643546126
901.747353711984,307.41091463595876,33.124456089215435,43.653703259820816
907.6266953861133,303.8360236264276,32.7293896843163,43.95286882380495
913.6971223963286,303.1637646446735,32.29033314923742,44.55236115254749
919.5826035871017,298.2355385736286,32.08827945909722,46.42585736202012
924.891799216604,297.6168704222711,31.816033829975545,46.93956085223507
931.8696100927859,296.09768783084587,31.919661955541383,47.56310059563253
936.896462931487,294.6520034584389,31.503636331850252,48.02467502892297
942.7923591192982,292.53579679577666,31.550833214040377,48.60657565893494
947.6731585761199,291.717920540538,31.196949144146885,49.35812711960756
953.8777515533098,291.24507730209973,30.358579229806047,50.226695676562315
959.269586175207,289.4650156864019,29.42728120183206,50.505202697020465
966.2038225454245,288.24269074788623,28.74064745065504,50.57982693928609
969.6984885883653,286.2571303567621,27.75404668801539,50.26260238462036
975.8592007976229,284.7955267978307,27.72574360739096,50.369296440959715
980.9334257443061,285.62761869045937,27.255729993321324,50.44089146429613
985.1796314932647,284.117574502435,26.941815809857513,50.2892574282355
