352.0,251.0,37,51
351.4618025673,248.94463932781173,37.71668417204055,51.94139456214998
352.38114694182536,247.95857218574366,38.98447125306804,51.827957557223606
353.69673292256505,247.34167205458303,39.63100925252613,52.511434333216755
351.9653548996003,246.54104306260916,40.94487003478376,52.84622808376602
353.64349716633376,246.45431649452624,42.18093169272309,52.88468671309597
356.36588385985175,245.09337765605173,41.90167039064811,52.11576543984969
358.1912163371972,244.75970460876184,41.63377215959,53.16656490357008
360.6045853297926,244.941730383909,41.0064665474461,51.928627244877305
363.7860317352238,244.7877825946641,40.778537725841545,51.83523192981246
361.9391923789716,244.4335792609162,41.60486109166621,50.42095793324572
368.6335195074709,246.30461864404327,40.29041032587854,50.096557999999376
371.28175970788016,245.4076408064276,38.33368212232564,48.65000464202761
375.9147221082795,244.50571842800397,38.21480627172227,46.81407889106235
379.87646694254465,246.8065827323351,35.90188178873876,47.32000103923606
382.9366033636645,244.42986251235826,34.46871221798344,45.38411042450226
385.9098435409355,243.30225771877753,33.084426687660184,44.85308038764029
389.85736613454293,244.51020674864202,31.477452179156355,43.842089554473795
394.7578078173826,241.35240884470304,32.39354879394572,44.91662701274237
399.3899103300334,238.4815739183608,33.07046010165193,44.81097630878621
405.1033231418574,238.27125253346432,34.01927534714452,43.876104552212006
408.8122657197391,238.31220900937018,35.654551812474935,43.9145834461034
414.47803644178396,239.18216169961232,35.481625480689914,44.55785677655659
419.6286891698327,239.3418514127746,36.19771504412375,44.90646135902112
425.6720161432667,236.8532647804123,35.871513367763406,44.714902934292574
431.4708321639245,244.09726492222705,36.443604837190016,42.93390338308498
437.76445017127406,248.02029991363236,37.272048754131546,44.440967555547786
443.2942019371381,247.0751484773544,37.54970342552853,44.2159597591584
444.3238481773154,248.7967030881475,40.31421770786911,44.756264233861266
450.82090919390157,252.89934246571335,42.1987730428609,44.10272803244049
460.65295568339474,251.59424418384828,41.4405943705152,42.89683878074092
469.26943477333805,253.51462149581127,39.36701424238635,42.32209062654151
476.65209903723985,252.74164435963354,37.77234001145774,41.211459205537594
483.437285213298,254.44789009435704,36.58233875309145,40.57133712085627
489.77377545348077,255.43652104598243,36.91581274049937,41.24545766389449
495.97866531071514,260.58908633949284,37.21980866079632,41.8184093522643
502.90364654442624,259.90097047687124,37.32861694532723,42.20864864586693
509.91365775166906,259.8459733145195,38.43608171345875,42.87009560728911
513.8797718165472,266.92922515217816,41.104851508507295,43.1598907600968
522.5488702204898,270.0882903139974,42.57718631683301,43.60779742376305
531.1082770343514,269.8952835854243,42.02238330922671,44.86774276567487
540.3118546000348,276.9601500392691,42.01355886633644,47.40869467243836
550.8812943436124,279.52100459785663,40.21275310965018,48.748136678310146
558.3318036131667,280.9052843826446,38.84986628440889,49.5594416106874
567.0833656976293,280.12083548675946,37.91331621216324,49.74271928527011
575.5348290553911,284.50920947023536,38.396345307186465,47.41828760249802
583.6101242033587,283.92156985541624,39.47639160793091,47.10992425401129
592.0944432051982,279.00735415927767,40.463381045658295,46.61322136894468
602.7881041708758,274.86549825780406,40.08086563285762,47.237707708024715
610.310279976718,267.31118202156887,40.331084944025065,48.83129501447943
621.3160322800117,255.13627184203875,38.66561915579705,51.708428605961586
630.0143608680561,233.5816777295975,38.8777418869348,54.28636683084409
640.1473857336664,212.61181701617787,39.84815760981573,52.58799621666768
647.3028325126078,198.13394301823104,40.20726222087811,51.57800019400665
654.9255920354381,190.8837136142759,40.18328553361604,50.7040388359013
662.7133049759468,190.5112086476435,40.80390457447365,50.37191559045513
670.6232149669934,192.4038233363714,44.14784191659926,52.00796612022592
679.5034843296144,195.71389135933418,45.17578585737274,55.456281002034785
689.6941926865742,195.92944577302328,45.87351648232038,57.640849054539395
700.8032466141427,197.45263067299288,42.98565459886308,59.11410205733456
713.5573362224457,198.03074601249043,41.70130655901496,59.938263834394135
721.9683243496825,197.59354446633594,42.29183640805686,58.65960601361716
728.1600701011439,197.87832250524806,46.95552508091538,58.81380481860542
738.5846430650628,195.23467902505837,47.74315893823381,58.762865460625434
748.9061790689374,196.97788984700802,47.816258195133166,58.793335296218345
758.6228309037565,199.08467255053966,48.36555950596353,59.68127135399878
769.4026972076058,202.15181006503155,48.606257196116466,60.433013170718134
782.4864533122086,208.4956104553017,46.59037157382488,61.48225931400598
795.6691375810692,217.56338346432,45.658566268525675,61.466967812570914
803.8533122974131,225.75168391247269,45.951609047751944,59.77676828345304
810.9077070608039,238.80452658152242,47.92208893014995,58.841401548869214
820.8973894402397,247.98663260133742,48.78125566541885,57.22685381587987
830.1477135027523,251.80701376101695,49.96098168590174,55.62646625238019
837.6969480366855,254.993824284793,48.97170451256656,56.28971043920307
847.8581197548782,255.35743335805503,48.69228404981398,56.95825950459307
857.9293028257995,255.92996948896905,48.41078826929956,58.03785765292127
870.8543253582977,256.13860016603365,45.157590738482625,59.85248411617489
878.6123006132673,257.43410318634244,43.77054647854362,60.782947191768265
891.9854516529753,254.16871551713132,44.82697877412767,60.41450683194833
899.5895124336173,251.56780643108112,44.93529398042163,57.39441643471275
902.8921132323335,254.45408226849713,46.74703879412217,57.524330580193244
912.8465947874499,253.8968465300431,49.25134472685794,57.69986773092947
920.6366629288685,251.73619409235616,50.90079218425518,58.13396557505332
929.5249562684248,249.5965791698195,52.51583758522061,58.85774498067349
937.7829592049651,248.0807147392533,51.65541032542137,59.991188929696534
948.7552616686003,245.27790945365803,49.10788486592443,62.41010821670738
959.727084669007,245.5056368225552,46.187676365111024,64.51091263418645
968.8095034547833,242.8478481154647,46.0895959957068,64.18803179641434
975.2567612287148,240.229266760595,48.05785815780466,64.0300681633803
982.2468023540225,235.98059732006482,49.26875491109552,61.87318646338596
990.5711214330777,232.58113754936147,49.28228716314157,60.78230497940207
1001.6309362081714,231.1120349676929,48.98274123111803,60.093099254067326
1005.3665776958474,226.56705104831616,49.61964307021925,60.065131912156765
1010.3298182193464,219.11857682784844,48.244629918729004,57.795729034732815
1009.1598445149325,212.34231030671316,47.882627254314635,57.12478185239397
1007.7584950249081,207.81011362969926,47.62983001854312,57.167950230835864
1001.6890293971117,201.71907745890388,49.52323209933138,57.31097533121567
996.8643018417662,192.06972643057338,51.776874221741004,57.0332918898298
992.1195108426913,183.50514147387057,54.40891227457843,56.37127833155574
987.492142454848,175.7645645981541,56.29965063717899,55.87882978806682
979.4789995945106,166.11828011113988,59.0131616996508,55.7260557445171
977.2732394414355,158.8654284805784,58.783767088808574,55.01712887868693
965.3707057418502,149.31004386688105,58.927457534854355,54.74468887756604
959.0972709871045,138.14574056661502,55.14604945645512,54.17212665485589
942.5178958008657,124.08164656470211,52.50247744123715,52.491629355947325
924.4178214103341,113.20612746632347,52.11223315589436,52.71855866598587
903.8601026387323,99.90121364165194,50.519525557496394,53.764467247946136
883.6358757835395,87.5675379846673,49.16054518585076,55.23484285390761
861.4982677324037,72.48095310609,46.74978716702845,55.568504554421565
829.0622688580179,47.21757515717922,50.42596887576113,62.152267288180624
805.913028515311,34.441366031247625,53.45392648988579,65.08830675586412
784.692180026618,24.35615859399646,55.00844695360011,67.95488862255395
763.6312560310562,15.206340818218933,57.4593049544893,68.67549890555432
748.8757234998857,8.219578301521608,59.73941298558013,67.52565662937866
