703.0,361.0,57,114
702.7797870371018,359.4564780225252,56.39736562306207,115.48007984362158
707.899216964816,362.7615660085279,56.032895416071156,117.10113556106927
723.5069588282064,372.06071283550807,56.13372638655588,119.42395396765573
735.0086276970067,378.6490495379625,57.91417160793978,120.79842802368437
747.7277487964462,384.64012292940106,62.03311935046687,122.48165599666669
759.5138168901628,389.91792524820255,66.60646045795565,124.1776993082824
763.928099775325,390.4021013543738,70.4229752540376,125.56768449828354
773.8159336373296,390.4748762469026,73.34063638745008,127.49180634408533
780.5968315831202,390.57319649174985,74.25171036891592,129.51187117665648
788.6679215689484,392.62017079129305,73.99029821952517,132.35151632757015
791.0480818405771,392.2131393022094,74.87389857470525,135.43974922761242
791.377566159164,389.6209533408992,76.29015576760946,137.86804815218596
790.3913539172971,386.83146263202235,79.63251433337449,140.55158279259592
790.4759846444248,383.8901294045727,82.82381806466611,143.94538816351093
791.5537112428902,380.4538790187871,86.52523742632891,147.56480665969144
793.4778487337326,378.2256493756884,89.06191117511297,150.83376594588876
795.7883386760616,376.88293259301895,91.24860951311123,154.05447783154023
802.8282837272005,377.4399868251817,94.20280754559892,158.2874457832304
806.2291755556175,375.79920165432486,97.54463961142125,162.85655274603775
810.1028068583653,374.54779992036464,102.23158110748807,165.5112727178645
810.9279222846191,375.11897509326036,106.48204605576183,167.55056299707297
810.3793971441213,374.7193756754425,112.97844936410105,168.19302355145877
803.5058343017595,367.4785319536854,118.82426889648099,169.226468807473
796.5865289996059,363.13384643991213,123.96036485235075,167.8259960850195
781.8027605365124,350.7322666134821,129.54493058713138,165.16809616756694
769.8592639784919,345.38775278215456,133.39591296098496,162.3056711935034
759.052585868289,336.67836850531893,136.9708780681093,160.74409306748717
747.7410043824152,324.51683544925066,140.1675273679822,157.89870214837367
736.7481699585885,322.3462360794565,141.38043010235418,156.99179297780577
727.5431208016721,313.5283387534313,145.0512706036871,154.40004856735618
721.2631257215486,312.7411395277344,149.46837746315282,150.36464477265628
718.1733346726841,311.1701709912096,154.76356014681937,145.16600567383085
709.4051636392088,305.66833215964516,158.4032347333011,141.14453685258474
700.1195158686312,298.975597992954,159.00529199320627,138.0969607523732
691.8954754301116,290.91837022507457,157.47320929602697,136.13762478422592
694.1735122268618,287.24047021791654,160.45802925721387,134.03248729854192
680.5069850570824,278.3553391198508,153.09589316708522,134.17115769779838
679.727554653508,261.6102781939122,150.04489069298387,138.0758303309256
672.6979773849251,250.8076427095264,149.14390118718092,139.99567649500972
662.6417964606444,233.6627967646511,148.8331062974611,144.40988010351032
650.6692846479666,221.89600715690693,150.96727787203545,149.3732688893111
637.5871468715804,209.93352710326909,154.7007062568391,153.93970848877433
610.9206305358667,192.4044732411183,158.8898180298291,156.1130505880759
585.6887748564575,183.3163352727716,158.69868319724122,155.73445591930056
546.5796836942138,162.08123639156807,155.12584989672857,158.4896878613951
521.3618444021366,150.16612041966528,151.5817311176017,161.22476599660698
497.56782136636804,138.12108936203757,145.54343441570146,163.26807518217487
460.2859392426113,121.2505616629883,138.22829241321497,165.68350802167964
436.9532823828575,116.72685689345288,130.40904802725376,166.3837495920005
410.72424886698036,109.40866335809625,121.21959308635175,166.56408197521375
396.669334943598,108.73257925532661,112.35835159717901,164.94756121590927
385.0453136748011,107.10004702411315,105.10157235742909,162.7017614205237
368.8184012058161,103.28620043719411,99.1287005180553,161.71824853967428
363.2015262750088,99.49783564666856,93.7703788464668,159.550501802366
356.8615322912693,104.17435002648205,90.02940734128951,156.30721425367653
352.91898889675724,111.35328008810136,87.11175975531359,153.55637927692229
346.5278937959988,120.95037352734022,83.86672827714298,150.2729895175852
338.87924488258324,134.37978973773252,78.71682151413043,146.11044615930058
339.5137695865636,147.19395764242816,73.83894642257584,141.74767431475306
335.63851517592923,170.80114900344012,68.59754240204778,137.322567715776
335.77944808329136,189.654544061736,64.63498200724537,133.813470470278
338.3750013217529,209.33563538233048,62.14855692680669,130.46422728221404
344.1877550552632,224.04804432812963,61.2240077117392,126.50342916600636
350.2238403726148,229.04762476782338,60.65968009461415,123.3493610600564
362.3331641615197,240.06845527055037,60.667015182819966,121.28627671475863
371.0574470268067,245.9164538761953,61.236241200292895,119.67041866362504
378.98443556007265,251.997656813163,61.772095676729684,117.57817270179902
396.0421151498699,252.2272926107166,60.8504315654945,113.3590134113793
406.25470163432595,249.69297999133116,60.1120566922856,109.92480051538456
417.86761068136025,249.20033404030906,60.43265583454517,106.6687899271944
426.22595296810476,249.9928947610236,60.64697101691542,104.3796584759997
435.28702686130345,247.8361400924718,62.175915759815,102.6641150787283
445.8345948923598,244.06551326196558,64.15444913129606,101.51326058544386
451.05566147003987,243.55745440739543,65.66394561460773,100.72496545278727
454.0399907770353,243.93234562723867,67.74686170764818,100.00859976114765
457.3682814041591,245.35107329263383,69.26798431082238,99.2507953092636
460.57977975315424,245.06656427277468,69.89009259330086,98.55229625913815
461.118611645164,246.1818837286691,70.03740439521894,97.18542687859932
461.55767046204267,244.73913942213835,70.7036288024772,95.87426021822327
463.07148592120654,244.0679339851071,72.13727107750873,94.9964257309577
460.5745834695957,244.1687274018129,74.6668730998711,94.94925784285857
462.9593232179469,242.98273702843312,77.67571391566861,94.54688556227441
470.6697537032985,236.99910065859692,77.84390323793428,93.7100811535093
467.7775762495943,242.65750954088372,80.75737801838957,91.99384932643565
493.9368908581392,238.51674662781804,72.97460695559663,91.60322549436394
504.1581854994794,236.07309345656824,63.57678696002557,90.93910971772289
505.32398819920803,235.43549656727404,59.02847623830266,90.07279348654565
516.4567866846512,234.78970153310888,53.42718590804144,89.11154542011035
525.0123477456548,232.4863921452654,49.382958317284114,88.88921522118794
531.0698208004058,230.81502121396016,46.37979809645419,88.61223662481403
538.3328571033348,226.29409596827088,44.68554311754914,88.45120625681763
543.0175959229906,227.74960525845532,43.34936015597185,87.96691497137063
550.3103392274553,226.51976258704659,42.08043238493304,87.63479123215684
554.117658764473,225.59881909779392,40.77749985386643,86.69283421652153
557.6894673734724,228.18057104508978,39.68115436438318,85.96698290982047
563.2708837081262,226.5458363598159,39.530345620857005,85.45311182626666
566.8707260514198,226.80045317208226,39.68188774091055,85.50361636091363
573.834805072771,225.41416187863823,39.45465743258296,85.57789572514542
578.0912135353433,224.26730818922482,39.37915740196958,85.36232576022223
582.2655577135262,223.3161122234711,39.26508818622885,85.09302579719842
592.2706478652835,222.64327119535483,37.95195988466737,84.94476559268875
595.3212183169605,221.52700807922218,37.36256824889153,84.82165522827435
603.3623007541092,219.69111520733736,36.06107354060964,84.48384319372371
609.9270190468892,218.86516592745045,34.894115592744924,83.61363176814596
615.1524915426088,218.27867973515748,34.63485150950903,83.15641616445069
622.8181143147183,216.2520074305858,34.33226197114942,83.04897891324248
628.9580288029806,215.75647425356584,34.65932081200758,82.61116648310268
634.8979325033932,214.71007834464842,35.05743699516664,82.41268327652344
639.0974586253678,214.87792787262413,35.739759873287866,82.27888851744703
642.5449430228186,214.6317806634384,36.49460186940189,81.99757758913883
649.4281216505202,211.9751578557048,35.80011351048311,81.80526900538729
655.272341349121,210.6432010898846,34.87926749707054,80.9072318534339
661.7282856136997,210.7330473625492,35.21747052064768,80.70181298974532
666.3859596001786,210.64991021405925,35.384834339681866,80.45796155430338
671.9339543614527,208.38016920587265,35.77970480248517,80.07184542614533
680.899110968852,207.12355387754525,36.90963328690543,78.84172891483136
689.4765328073622,205.64707723850327,37.18841387746318,77.6137892485794
695.795974077576,210.38011190760568,38.359269496215134,78.3787074592027
703.0602541847489,207.5762348958506,39.12674504847094,78.83872588700973
709.9481194974062,206.36431150600814,38.90452699639846,79.31642093329623
718.6923784196173,203.52294081468054,38.074471676390516,79.36381685696705
725.6256541074569,202.11303195664806,37.44101356242999,79.37293511014138
735.8790059623552,202.43957217002267,37.30680741122696,80.19344171952497
736.5483312092113,200.27325082965217,38.10724077981972,80.59342143639876
741.142943499081,198.31858856521774,39.16546798230675,80.84651122405668
748.7250467593367,194.0683967132789,38.55965684753766,81.56291360469217
753.4119626367794,192.74363890386047,38.30604909167556,82.19713991688846
757.9449994993552,188.66289949627446,37.63110390656322,82.58878230627921
760.5357506521628,186.57310635207688,36.55348343688529,82.72756659272125
761.7630992954004,183.60814765099815,35.34069899220712,82.86576646558181
762.709099547851,178.2807039522878,34.29124304296991,82.71383013253373
762.7695587009953,176.8021838525434,33.57434695347822,82.65991452147567
760.8638855766958,173.39110127178753,32.96392501360068,82.5064327103312
758.2799581599234,171.4917543421865,32.30038946628619,82.23540916230668
755.5664892435204,169.6511197876548,32.145891141865405,81.88915141590132
750.1289005829884,165.14767906458235,32.317150005898135,82.20079665599154
748.1218913449485,163.44783210497638,32.57195217338421,82.61112595118007
742.5698747896773,161.88724272572512,32.97525591380938,82.91719545675286
739.7151871178265,159.39851723590866,32.84722891376101,83.05872419517489
736.2666594153583,157.9428268806941,33.006582902681906,83.13569328451021
728.8077681022355,157.79276629565084,33.128497609005564,83.55403955225304
723.2053461433454,159.14765264757654,33.25794785002796,83.93115039332352
715.7695635726195,159.55463290229108,33.211406912378095,84.2701134678788
708.705929089634,162.77856120475911,33.172477147880514,84.37381631118487
701.2374913985847,165.5066406493449,32.957771719432166,84.29393916029458
688.9029414159631,170.29913173833933,33.26189670908944,83.67018439929788
678.4320652277363,173.3297839267527,34.05806497909774,83.2491998466899
661.9615520364347,178.81217072643523,35.53154680603689,82.87735227271551
650.9375137555128,179.46619999533715,36.66615596065401,83.12231802690386
640.2488571092185,181.34965534933,37.29687196320347,83.45933493122283
624.3993628026568,185.01061819,37.95595884292866,84.08426288757809
612.4551315323521,186.82090034942325,38.92404174486612,84.61418074646599
596.1594372539471,190.39088910528497,40.18089661026984,85.34058201892225
585.6007973530535,192.2433553385374,40.253819112252394,86.13940321452677
575.6273711670408,194.32981790018195,40.032534887598004,86.66871808147202
565.2016243238961,197.67639126591746,39.781809945957725,87.28596563711041
558.7997775008937,201.70835968432007,39.76960088200177,87.33970458155517
551.2835302715503,208.7977817354774,40.35486023326671,87.66360706127176
546.6592351780874,212.28471737726645,41.40128672390328,87.90079534800618
539.2978664020469,215.64851969902472,42.799408797468786,88.50806008925525
528.0308312791143,218.81469275441793,43.533781167357304,89.30889268940632
522.8906216673093,221.79341400788246,41.816031445654694,90.00263426450854
513.8665624690774,226.64758139740155,40.74163702473582,89.68660295226724
509.2895745937262,229.8094400404994,39.20782285844612,89.11700553911838
504.7585439289326,232.76362311168444,38.29263504252533,88.6643278733108
494.46201454682716,236.92151847857193,37.17750288876756,88.46264236414522
487.1572063607778,239.46495017312677,36.92258679016314,88.44673234417616
482.6229186902036,242.55235510566354,37.44916994381157,88.465373406837
473.0687261999278,247.23385955261946,39.20147582280057,87.6505212512064
468.698249779547,256.0674305901558,40.70912177879671,87.69083767222739
461.3832800541758,263.58703999390525,42.93552729399207,89.692024138166
456.8199320870345,260.31812802775545,41.748777183352864,89.06865422280943
454.6195362564965,265.54669626059064,40.110521603218004,88.26993450518592
450.1813108328516,267.84486753838036,38.30076944757807,90.54651675429398
447.36564363196914,266.45872141405624,37.69388363449926,89.25992533595002
441.150922019407,269.55160966083156,37.72350080981877,91.64046353966503
436.9038501439436,265.9801699760444,37.2920311574253,92.10917909087993
433.50247206966634,265.2079330578091,37.65614289680016,90.55350949473342
426.0355844843988,268.4933690639751,38.84078781831183,91.86783035349514
414.06882872141574,266.84404650409556,44.45473452494191,92.96731775841042
409.8100364298118,265.41733244004547,48.62481544604043,92.71280521268253
406.9134657842741,264.7639194048844,50.293902782037776,94.4361046716765
404.62934694377685,260.25378660341454,50.92543392006346,95.47394839961628
396.61403776322186,260.97831172545773,52.85525272062664,95.24901924927988
389.1593839809365,262.10708907209585,55.022708478556595,96.01923555209743
387.9148514875773,260.05211366288745,56.56639993011878,95.48200009121729
386.0990873548445,261.5027174754035,59.004904513943735,95.77714256384151
384.40476145495694,260.221305952551,60.55194254418765,96.57388284587455
387.5800258189724,259.1732317226668,59.93963403100058,95.079699274393
392.71669810876523,259.42281791994054,59.39334023266484,94.50121169429858
400.2019744858165,261.8459041284853,58.06963806449987,92.62809225572474
406.7411847112683,264.6131112270867,57.27594661750243,91.15822273625635
413.6185181137446,265.50752790855705,56.58881521294053,92.26263888503435
417.6205847194664,261.3943795880464,56.90301085891874,91.89057737175884
417.2030127053231,257.1686681903254,57.73006772900226,94.33391300899771
416.8307790921193,258.63806736918053,59.5289172796285,97.11841177042795
415.6903540296081,257.5638634108435,61.73533503160413,99.23428794882075
416.8569227380718,260.1315063495119,64.17804600334867,100.08066100703097
420.64141702785054,264.8587066049729,66.14030742379116,100.18644116017146
427.36779625376647,267.32878957169225,64.97392592508426,101.00301961149829
437.0308334951603,267.8841897502483,64.49105212589025,101.68970460594865
439.62787799179875,269.70306412892256,64.42577782987907,101.88151517477205
445.24780745664685,271.31814067649873,63.96445283572978,102.05864967727597
452.8952572087041,273.5437894948237,63.17211680817775,102.1553867085947
457.98090432833703,274.9559757497125,62.55044415094313,102.45580057577041
464.7398476876981,277.37020546016345,62.68471807675228,102.8182591236184
468.9875594283779,278.6280617789972,62.53569962468952,103.35595224766959
473.4767102891004,280.7030066665916,62.57778364543194,104.18427292169963
478.33656399184895,279.97932117701953,62.57325568329432,105.16173423287503
476.964383394338,279.84100232859254,62.89442962245691,106.09684971293208
480.8099172526646,282.2483674531271,62.95537606595984,106.95246858495668
484.89254920606646,283.044983886761,63.216015479468595,107.47300524893896
492.2500474453998,283.3286369210513,62.86005830744266,107.40023653387388
508.59486212133663,282.0549087049861,61.743030273928284,106.50009164764502
515.3971177346481,284.3473477971876,61.25009131293034,104.72603499644514
526.1595934207838,286.340722434196,61.07691606370574,103.16964460914704
535.0719852952437,288.43059782509727,61.16820897494216,102.29571047773514
542.7876694726144,289.2508544487486,61.222405805747705,101.29167183980748
555.351718160183,289.9690637448459,62.265451008735525,100.9858989995659
564.2143588470713,289.92619220623305,62.34067622675597,101.89018455726047
579.2478865333851,291.5085404449436,62.742737065065796,101.83617533569871
589.4019588833739,290.0559271187394,62.609183429541275,101.9705889998259
595.9674242942245,291.5777081145661,61.822887617605645,101.95989443981308
610.7288100227053,290.71110090314585,61.00241718603485,102.62557346226303
620.609482726768,289.7411017092174,61.75535400447197,102.90810114699494
631.1175070345442,289.85686332704637,61.201768767825484,102.4433625793057
639.5152660747311,290.8246840246793,60.23437568745171,101.46545433833677
649.5881198443931,288.36443394152417,58.771834652034045,101.6471239382407
663.844491354212,289.33762199600284,58.697446124583905,99.45273147186151
672.8563361158823,289.83849368856437,59.12642383757131,98.11807182697284
685.8215889816327,291.8639576614315,59.70113661193006,98.24606844178541
694.5093598224713,291.07175610939544,60.07275679548701,97.969997913045
703.9019950758743,289.7068027536488,60.76533052696234,97.33518904836653
717.5663157333872,289.8578668110367,60.332044436545765,97.41465273046573
728.5130749391769,289.38234181749976,59.91554628863824,97.50632771753956
742.9943207808836,289.5000857782748,61.070699868896774,97.92809687606754
748.5144527744291,289.26837793436425,60.89960702438407,98.05252330607622
758.276372014899,288.25025103378005,60.12555492039722,98.66073755646336
769.2549605738702,287.0879178543057,59.371930048548684,98.47362413025571
775.0608984766751,287.12736512667783,59.74632133278259,98.26295468316778
786.5449228080379,287.1027144420383,57.960187953260174,98.41128559346254
789.0973082073839,288.247085109413,59.03071012331817,97.91532990324438
793.6242107509223,288.2766251261291,60.276953864366405,97.55192858074966
804.5299380052729,288.1062810068728,58.90693612324324,96.65378625285601
806.3599450247391,288.8212382636351,60.24362618587333,96.2716927842532
813.5254750844315,288.63356378788006,60.60357558797295,95.65750926506016
817.485844159701,289.24090946110954,60.86048025969958,95.4702532213356
822.5228874920871,288.5973482079838,59.91493363398983,94.87901879399327
832.3409283843038,286.2750474078623,55.68760429096281,93.9538877282207
832.5441900742801,287.3102970486287,53.31013364538522,93.69326393496918
832.0923184915088,287.0771727255641,50.19535264100586,93.16482263969218
825.7030517585578,286.85579870975045,47.90479431003283,93.25405504631942
820.69005726636,284.4071724106807,45.740078948725376,92.740205349537
810.4994597574952,283.15729752580427,44.1921357828612,91.65368192593051
800.9269876098098,282.1228372964903,43.761838989364755,91.31827499198033
792.749475528404,282.2527521094464,42.93803014436395,91.35022393052121
780.2562607740874,279.1483325923258,41.079580502606504,90.35486984952813
770.8561113054965,277.4070991881856,40.95420500131165,90.21905052499599
762.759844092855,275.30908591024223,40.561412278157064,90.44586931721084
758.1202300000531,273.48906815314706,40.239245810440636,90.47360014390114
753.5059958739738,272.5734368156645,39.84552167978676,90.40755446925695
744.7788196217107,270.9933109216312,40.85672843235989,90.49816514404236
742.0053906196581,267.9801833740342,39.7544470321681,89.92545173337689
732.435231994574,267.43288589728144,41.20126757823485,89.62173125719494
726.7035978793344,266.0997005118207,42.54568510070607,89.69062888358515
722.9475962122276,264.51520339044066,43.63328047593552,89.75226228650145
711.3953250703877,260.28191141638547,45.991103399263636,89.48010722093997
708.8659407688854,261.4046883059158,46.0065370413308,90.07213889109806
698.2107947407449,257.9971783022963,47.331477535111866,90.00526192568088
694.829167046295,259.38791887451964,46.93533961346465,90.20797267576535
690.3773115225828,257.9094864897009,45.912506471435925,90.97410258212166
678.8544692141621,257.18682327854197,46.867675951558546,92.3492080571739
673.655778837474,255.071236129943,46.530590152200276,93.04263211023118
663.4260150116346,253.9462843018497,46.76889588005113,94.02166174298034
656.7169973987376,253.37064157477386,47.49363276600149,95.35565593736634
651.3555262384433,249.91613928982716,47.98247474479311,95.67460313421287
641.4530906122778,250.62156185315848,47.477073780327174,97.0228827634096
630.9841164646308,254.70276684755868,48.830793559996216,102.72323522578105
620.962380153256,258.7523231370048,49.89694074329253,111.09790804727946
614.5467256519056,260.62630497165395,51.092141347556,117.82626273735617
608.395036583421,259.4071495186504,52.50739692593152,123.31977994219143
598.1208818378428,250.3778452840116,52.976665889744126,120.07028294271898
590.5448158830694,250.99907728604973,52.94480732077514,115.17449862614271
582.8072858170981,256.6017940260556,52.72769826326466,111.79398580042792
577.3706903773887,259.21700437007814,53.259916242293116,106.90511784675778
572.7013426477239,261.2541629057098,54.5105990063101,103.27071166416641
565.0743377832324,264.1349144455774,56.24782406732427,100.78386678755611
553.164746830459,266.15376641220826,53.732502799043104,98.59424635038822
542.1072798417238,268.55037229584366,51.536401620263476,97.05249942686731
536.418932994614,270.94953258537413,49.916696388701716,96.6542948146033
529.3648869280089,272.27871640761947,48.79380097308382,96.5838788302689
517.2857512512323,274.2158840309156,47.89149493405874,96.43421399383283
510.9382505387599,276.49727612316383,47.094919210566154,96.60186804175825
503.63956311249234,279.26724449572646,47.506167354116904,96.33518569116424
497.8345248962579,282.2495330764589,48.8595299193983,96.3243743988401
494.1430282510397,284.2114658977028,50.47854615905335,96.45949923486783
494.4731732127774,287.62585237698624,52.83174500510925,97.04488032903528
493.81674704721706,290.4963007465941,54.76209001201119,97.70275678317896
494.52347853743566,293.5094584827742,56.857385576495886,98.19633877175629
494.8452814691067,296.10146966078435,58.61636760377878,98.64778394503287
494.9897470458993,299.23147863216803,59.6615428955061,99.0653172717967
494.5209172363212,303.586509712793,60.94307458497478,99.87963865546874
494.94406774625367,306.5040313996607,62.08825916081298,99.90918878759275
494.16672770109375,310.87383743649093,62.88607279605474,100.07311064947906
490.74549970320913,314.67677701490265,65.05155735627702,99.61905644382746
482.88809187366525,317.4558074114498,65.87629733177103,99.44435746713944
473.59392504252986,320.68765741916104,66.53027430458872,99.78421580132631
470.80840411702457,321.78807647094237,67.91042870442743,100.2514990356543
465.26621475747777,325.0812958671586,69.65340727703668,101.06813641509683
460.69372384543203,326.91573383789284,70.89436688433123,101.99847312011269
456.8456210174348,329.88484416238094,70.82464236454446,102.31003884808968
455.4691707929122,334.4345765957786,70.24496224718335,101.84308130551311
454.73747946316405,337.55703540972684,68.79416033636716,101.09755332605413
451.260715149833,339.55347756118874,64.40021581849811,100.45177595672405
454.77420189007324,344.25253548080354,59.21882339270508,99.65641280304135
462.1316020943635,348.00171496046767,55.39711990795277,97.50006434175995
467.15247775794035,351.76376855309826,54.728629078845884,95.48099255688939
463.5504591757297,356.6472025229451,54.33235496397022,93.66407578907071
454.17521568025944,359.6370381814023,55.98726090022331,93.31733904246886
445.4010832708077,362.39127423784333,56.912387291392434,93.11480565028992
432.061608401673,364.87281992605534,55.559263055052384,93.39680094378772
417.8867244641955,366.82921050786797,56.745151535476225,93.48362305164684
405.9117787505743,368.7881860635198,57.23581444709359,92.87862970401517
390.0000536626838,370.977836423428,59.32632394904646,92.85473669904235
381.85389652419224,371.5681199417664,62.921647259232735,93.14908421314695
371.73942601802133,372.0189428609885,66.27198719735577,93.10931581610899
360.20417782920595,373.5871031801088,69.61256414139278,93.30127276575895
349.2890528194619,374.99632173719255,70.26840620189651,93.79002559299771
344.1554736764146,376.29140858523596,70.82658011299108,94.96883383050465
342.84706768786555,377.86121137836994,71.13281469751115,96.63254245322106
340.08631934664095,376.8931581150171,68.40919419246028,97.7416531303173
338.17491268457525,381.7125032981019,66.4699835908104,98.66781261766339
335.1379498432881,382.36167402519,65.6204168417441,100.17028293106533
339.52614045712636,399.9717000483698,71.46784542852072,95.12799577728376
340.37381425822224,411.4374163909937,75.77188747476649,85.19787534789546
338.495271787574,411.6472566308172,78.35657861723485,79.08770414559218
346.7159290045316,409.2565164729502,79.50788503292904,75.43729969570123
364.803563721726,406.2339135277953,80.57700036416519,73.15068795905782
385.76039963064716,404.6449527330949,80.75414885882282,69.98986443127114
426.0921784373815,395.73179446412996,81.78321819847915,68.4479253539667
454.53858717237,391.2099306657793,82.65105136326778,68.75849865379286
491.34692042430714,387.1715060415891,83.60625375587787,66.92281128107959
512.6258239404075,379.0168835335924,84.5556183545365,68.0319830548855
517.655924187741,374.15080957159705,85.0339005258852,69.09674206286054
518.8545465696596,371.6127846254984,84.97561450228221,68.96118306833907
516.4774220236843,375.8166400819564,85.0400442582955,65.77701341518878
518.6827727055714,366.75618424940774,85.99482141014616,64.62662381075484
520.4391192412525,361.53672612716036,86.17329044815912,64.19923756501515
528.0522679716438,350.7788742201607,86.9119588076889,67.21274411338959
547.1847160125691,344.24473711387463,88.17068333130707,65.62656886307106
552.8637265907203,338.61906446447836,88.9249363449266,62.8455655290511
557.871475631199,323.3312754684238,88.89680398662537,62.83099459537894
561.4719908451113,315.4386466638738,87.98233361739453,62.79511572986959
563.3276361415698,310.5914456109406,86.49302788775881,60.72547974979847
568.4301043955581,296.6134749297865,86.40009089150098,60.12005026249736
573.4156988432759,289.04865593024533,87.85230287497164,59.543267363142114
577.1930472441613,275.9148160072729,88.48983629781003,59.220279484477615
582.8192766419752,270.8728600221552,87.62669024632316,57.7114790523693
593.5524980306604,262.7729912587467,87.75808682442131,57.274955592858205
605.4579200925864,248.42893664059503,87.20166774939763,58.897177377989614
608.1234611503646,241.67949891754117,86.30082245024741,61.93548153503483
614.3506500346592,221.0212160274731,83.5578094277518,72.25567890696792
619.4965733535955,217.97544599598422,82.20782680355109,79.67796848166435
625.6527070292601,214.14754219377897,81.317922733472,85.69778975794983
631.3572019998467,212.158228277656,80.48278533136143,90.22176671128955
637.7227497735969,208.57161452346173,80.18677889518901,94.07025667085
640.9393512288573,207.13289585619663,79.51099175615256,96.90042227686455
646.0224782725006,207.0859259358967,79.72693981730342,98.21280694168313
653.0561503634052,207.79281374782192,80.10893645580674,99.10182672798896
662.368616187102,204.00861713840985,80.44955046270992,99.9957509526725
666.2760244791824,199.16485584192696,79.85146971839293,100.82191490306016
671.1612062197821,198.8396938933153,79.87712674500608,101.24463870262716
673.1320620187939,197.28201713020928,79.25636851612306,102.11872025618297
674.9677939489758,194.92936225050772,78.64490221435311,102.75246629488296
670.6511097527606,192.8064215419337,78.1933096692835,102.35140557335916
657.3296465687305,189.25747743632536,77.27388862523435,101.86179988809147
653.1981820758276,187.7474911607166,76.88581663447756,101.03020993930896
641.5538528208417,184.56017076447074,77.3421082010901,100.14111782164446
640.4288431798736,185.20414544523555,77.39412943615106,98.83302685855236
636.854930037137,180.87618511045574,77.79552627826492,98.25860084842445
636.9562557512149,175.91148201826678,77.96381601221864,97.88917890780237
638.0485221815798,174.23242796867157,77.35862885461387,96.24850771011776
638.6183352615408,173.6082067382798,76.56009766539495,94.7240619873076
632.7395087097682,171.4817252145637,75.49872000722144,93.26743030817728
628.3167779539749,168.39702893447262,75.08719299341746,91.48284337617194
625.5466352583253,170.23587624785648,74.11475255463847,89.35190167909175
616.8489122200548,166.75122657690252,73.66068080891378,88.00442856006211
612.5874080874111,167.4537145426808,73.17312999216998,86.27193798006805
609.8857371759229,168.85345730687817,72.48552943233382,84.69623785206396
600.3534029388654,165.69943172381846,72.21822769160516,84.06709419396466
600.6008859370193,168.7521202895114,71.46847043553187,83.78193800984438
591.5119776445541,166.81800429511983,70.03404336811842,83.40514436386188
591.6406006415899,168.911843809505,67.36081226662478,83.86364453431034
584.3348891542355,170.61063757834228,64.93097547570875,84.53206651812015
578.1158645662689,174.2918674864766,61.396795647735615,85.61592628192959
576.5392283808576,176.26478426153227,57.255329249026886,86.92622676502141
568.7101493350585,181.12040000519013,54.05133524101569,87.63134659606506
565.3893751504348,182.53731083592749,51.643994450106845,87.85718679982472
564.347223124727,186.7769578720404,50.09020646050698,88.23745083306761
556.6816839023411,189.997341464307,50.12068676074755,87.84697661728443
556.5768931377281,192.71625940066863,50.73944797747353,87.77886120354555
552.6509500608008,196.26770956611242,52.04513051804672,87.28121599961109
547.961720512427,197.72308030657118,53.260991958544494,86.6389376534592
547.6325995501775,199.6911213563376,53.384291256090464,85.87360140353576
548.4105004588388,202.9935091737563,52.7428265969708,85.0072901241671
547.1349978666942,204.11244588781196,52.51221557032254,84.10578144214952
545.5802825387593,205.9747692799416,51.093966782833036,83.12701478484334
548.1169478300552,205.8597165378855,49.846258758834935,82.93503164590865
549.5364328321551,206.3906108834317,49.20482903783818,83.17692337473818
555.2756688368702,208.493157961492,48.681496188564246,82.23190001939886
561.3651616979316,208.72172850826675,48.852943816050875,81.22962342780244
571.673920608612,210.8095785840361,49.55308346539315,80.21990838368558
576.8661505831333,213.40445497900623,48.99952561596008,79.66724055468286
583.4156706217876,213.16010713979074,47.76605560701078,79.82039546162946
588.8645149110708,216.68345245850398,45.92992098352227,79.45955687498423
592.8440688884469,217.64964900676753,44.49440311666073,79.36847237220712
594.4110010004114,219.1420128589881,43.09744685171635,79.32834000468003
595.2876024607787,222.5470437941645,42.40106766145048,79.65705682085067
597.0028179139406,222.42752540730618,42.96239700903278,79.24622176839549
599.3158820469833,223.85859982654603,44.59472211208799,79.16378179222048
600.5016559820376,226.38232459327855,44.77661052127634,79.22454759078661
604.2847458288206,227.9498155799194,43.9241912036869,78.89083514875492
610.17436516877,228.83587498460142,42.9949891448818,78.8114348452503
613.6364949890491,230.007375209356,42.360493908620526,78.70761591429579
616.4431450648427,229.65265782991804,43.13324112031445,78.22186024348426
618.4487622805968,229.6340718345567,44.82392624447047,77.7269430008085
623.1063532601414,229.56556409310605,45.51434426096722,77.77882969953009
631.0725908223499,230.24689862152894,47.10317040608163,77.34290319639524
636.5460752986031,230.016048944135,48.43659696138758,76.75784962149561
649.589939021375,230.92227025509547,47.62129993576553,76.46925648687937
655.5595905483781,231.8481235117942,45.62804180363446,76.1226769266069
655.5196737425975,235.06364405261945,44.252583667148656,75.23555063987831
661.5648985716723,237.03669347523464,43.39699729024913,74.44535084249947
667.1911677052511,238.95851659115777,42.54283548793527,72.97971059209851
671.9207926407033,242.64519670764358,41.28951823421829,72.03934901635346
675.436357757454,242.69245089275634,40.892268615951465,71.75869867835449
678.998249650006,245.26451053233802,40.92598605155069,71.67518730934736
687.2678417400299,244.64676226709815,42.49304881974482,72.63181421092085
690.6166069452157,243.59308978128948,43.55954123652169,73.96343286417886
694.4494566824629,242.31039737652884,42.89584066339435,75.39069511510638
696.9887964826561,244.32309518203695,41.92655132179718,77.18016461639486
700.3722273446214,244.5475908493624,40.94847743966349,78.66351581104082
705.4007995313451,242.3767004576574,40.877798520317555,80.17448604757585
708.9395901127987,243.3729684434978,40.93884345604319,80.76768921163722
712.7985549393492,246.6392092501307,40.963269149622064,81.1235895563792
714.5928902535641,245.86524306554787,40.91359998603588,81.6768930192949
718.8288393114817,247.17079556832567,40.50137899422416,82.60660527448145
721.7188680722279,248.21317843659315,40.35811651667704,83.07948724302463
726.2313109286445,246.8771123372075,40.548822234507874,83.50073443203031
730.0421201212548,248.87748298328802,41.14784593913101,83.7261283937755
734.0736060636663,246.98659682989296,41.199894806261305,84.58462189197186
739.286584820716,249.0923688150835,40.7049675655993,85.05070548506743
741.7803321490909,249.35774372425658,40.27478492056821,86.41544822043218
743.9927571872698,249.89051246761355,40.09340408249162,87.52860641242914
746.5915307586796,250.48205771937813,40.52647217404713,87.83288163155625
748.6335134148983,251.22576538169514,40.802278590125184,87.80591552567222
751.3371833864495,252.48225340483816,41.11872404741344,87.11535769227677
755.5167078913782,251.6939274523545,40.814942371540496,87.4662252954863
758.8075530452993,252.43758803154418,40.564550891823245,87.90099276015385
760.83944678619,253.03493027351428,40.364777081916834,88.6081332273855
765.4774373468857,252.68055596917443,40.357075989822405,88.77397412122144
767.4863169767008,252.58819601130583,40.999534015348445,89.17646747445868
770.4129600537628,253.35712918387767,41.08795928700551,88.67720586564309
773.5579290720027,254.53696947997358,41.03392212943203,89.41081750977942
776.2687831187011,255.88694587195062,40.93786711220708,91.06184739184097
778.0976531670398,254.29220041554055,41.43875738662369,91.52074748434859
781.3809060629653,256.4508605657373,42.058225715866165,91.26635443004882
786.9229862328554,258.5910354238604,42.07971723155485,90.72880256536519
787.6955334903807,260.1092134100245,42.42488150556672,90.32718170045877
790.9086433074986,261.61545069146024,42.42224585570596,90.68683848524363
792.1773301106351,262.37207382681424,42.248245052167306,91.16358244891062
793.5005228591355,262.6526567048548,42.03493450633837,91.1886288510326
792.7937765315883,264.0427350430947,41.9762897102609,91.58684741869337
791.5077076963328,265.3574403009346,41.91851405069374,91.76883827020106
789.2042706197244,267.1115310762273,42.4459814656293,92.28049314539689
785.5685150211181,268.34312831982044,43.180352770263795,92.29560066016381
784.3313749251059,268.9608875507143,43.30551186853819,92.15303874134482
782.9328951893782,270.22768774664996,43.54171084194667,92.66295641587982
780.8434544133286,270.51953476785286,43.29279698388984,93.1522299027709
778.234666609586,271.9604600291211,43.14452786481233,93.62850315953122
776.3908836250906,273.00904497858295,42.982453941224975,94.09154444224819
775.239978367368,274.68297678933754,42.56005181018578,93.92007242230146
772.2120244372975,276.30329590462514,42.52135517813946,93.74205626203882
769.7159255282256,276.9372153228944,42.80157789862699,93.93051625362526
768.7796960926139,279.9909170224999,43.13756826399088,94.11159552042989
766.2890344611999,280.66131016976476,43.09881096041272,94.52355580793143
764.009868534529,281.9765864934002,42.797371085238964,94.84646385401997
762.6241810293899,285.5874191005512,42.58379126153264,95.35453496784298
762.8149481273142,286.88892370631305,42.75654783716835,95.95278918405359
762.9165920879518,289.38936576570893,42.961707181518165,96.25634842463685
761.0242609040998,291.00531424656657,42.74984855312839,96.3709480449528
761.1954425034367,293.11869423036137,42.03556762984534,96.51549545041009
759.0959163891861,296.04725079546654,42.85571360834665,96.83541479090287
760.311617742872,298.6556696495474,42.432825305271585,97.6005106764911
760.9433399214566,299.3250416876069,42.4630516023993,98.69911401248146
760.0034996971309,300.15951220483197,42.09010753933201,98.91661706982825
761.8324133641986,302.687969236939,41.959227226681,99.20055383569223
762.1598378999338,306.08986106136143,42.351710918882496,99.22111100715995
764.4565170876854,306.41681641152036,42.672445560957335,99.9603277482484
765.901485205017,306.67497094278303,42.65009355480963,100.843188607598
765.1458445145527,309.6682306792924,42.761899838082186,100.91770429082928
767.2737901266814,310.1407504191659,43.34472321343407,100.9784936685041
767.0208678292231,312.8865391415026,44.02033709546015,101.38282076484631
766.8500760090178,312.9679315947361,43.79041805032365,102.29263717673868
767.5609711640079,310.60726780955633,43.37451763292158,103.39839467873894
766.5328610400122,312.334568944505,43.34867611333497,103.54968840493532
763.7988109720575,312.4690633730427,43.826755497291344,103.63571053418815
765.8483529509493,310.41874061632177,44.25483218403876,104.21200302028615
763.9636743606292,310.49726599638853,44.22377432561668,104.74187242616827
762.6668031504729,308.9448227887237,43.6829037088199,105.55403423212297
757.8174096293791,307.50364724064417,43.179237137726226,105.81565778921943
757.870707223442,305.8636946804985,42.558725933975396,106.37553117122961
757.1497417650216,303.6778644654458,41.7862403469098,106.79400556617873
755.9804828650282,304.0859404542027,41.011415861740495,106.5897615476492
755.071858916272,303.280887573216,40.09386151315912,106.4646683350133
754.1560490297893,303.24287501273034,41.26196810253073,106.52302377825029
752.0502805582654,301.67634693567845,41.82103922526615,106.5648018561821
750.505703749255,299.93525365130563,41.98239743313065,106.91670888391218
750.0188579427073,298.88854927878606,42.011447932944755,107.4298869160607
749.2016065943762,297.6388856002227,42.159317328825544,108.16575602123433
750.4706326253737,294.70745358354753,42.28810486644003,108.47283392177211
751.4500063043321,293.2556783548175,42.28129232297653,108.933726908529
752.7152357537854,290.8225163416063,42.37836638305427,109.04974575917029
755.806723779712,288.40847607504327,42.97541962807593,108.62199743487443
756.6283700375416,288.0625878396117,42.91412784483878,108.4572980756594
761.8725256875931,283.8059632673917,42.75619984551687,108.04980137049
763.7488914049239,282.1373035976459,42.76869668233967,108.04660557326298
767.5357993184305,277.55876597612206,43.12508715415469,107.43573648037308
770.178051630859,276.934505022764,42.9841066992194,107.23659603357359
773.4720583947326,273.55522084236344,42.911748689050505,106.94712972640598
778.1538918267278,271.7121186814138,43.08854813365379,106.98379791549273
780.1351071872756,268.89905505228546,42.91441697310506,106.7037362089056
783.3486434867496,266.446263913337,43.550912489391536,105.97024988328691
785.9044213793997,265.3494961800548,43.97725953612264,105.65032709789821
788.4355451718787,263.4237883158577,44.14178807421129,104.16205166418311
789.7494141212122,260.9697817253573,44.50547473609114,103.23305922994945
788.4620635795569,260.6365172781755,45.06741947174554,101.65523387626612
786.9645506888087,260.6538499894604,45.27533587824194,100.48528402986823
785.8814882763206,258.33718177968507,45.19970044931199,100.09329085957518
782.846001400101,256.97665002025093,44.97102210214176,99.2928394858653
781.3424155779138,254.571937703669,45.108931051203555,98.61257906043544
778.5812074727856,256.1049263371904,45.325683198959894,97.28311302386133
775.5564419154655,254.44558785671822,45.42919990930336,96.01173261175886
771.6301852466556,252.662805186607,45.49390196762613,94.65951230745006
768.7173038111642,251.9576222025101,45.52547538548401,94.30010288501886
764.0013177968574,249.37006263827334,45.59437978714466,94.93808212091423
761.9483474543781,247.5449536422035,45.385775794368854,95.91547906813204
756.1201244827015,244.69141509745674,44.63621587834696,98.17193359903183
753.6639704189266,243.29028026721903,44.313019855506184,99.95622840599162
750.7156184438458,240.71197544564419,43.91388640332407,101.14341666242258
745.4044232030767,241.1355694445827,44.0095129688467,101.85936953368615
742.6715104760912,239.66202489582048,44.57790800289571,102.30780140464807
739.1262205833018,238.72714080828146,44.562011958396354,102.8375732418355
737.0147466511206,237.64707417653966,44.11558726416507,103.01525411274096
733.8491839203729,237.6953527428397,44.00252937605113,102.98934517350025
727.8676179280791,238.90045211038904,43.59453709306055,102.67320161418286
726.7317831900963,237.4810103002182,43.38186208660434,103.11801174819641
721.4455131933606,238.11563936778145,43.28631125976317,103.40203730447617
718.254062004103,237.76123182201326,42.909081802340715,103.72089878273127
716.2922001311438,237.0751485580975,42.7357291322436,103.82176404103157
710.9738218688141,238.03418531306306,42.63377716080941,104.05432529672547
707.5848259656835,235.8282636122335,42.644618088164115,104.64570361049394
700.7809313757,237.70617331791846,42.92867679938132,104.86794206045214
698.5181841225541,236.91870201610448,42.95591080762629,104.79789565040826
695.7109281838722,237.80034415815027,42.707355058036946,104.68149246983225
687.7732637917383,239.05983190898178,42.81293896925775,105.36884631387241
685.548140731317,238.5216747801653,43.21539456275683,105.99624699728659
680.0982582504295,237.36103230367533,43.541764749141166,106.09847677448526
675.5888952900618,236.6380667602838,43.55725580659498,104.7489671874402
670.820769423817,236.8738983273308,43.5590226758037,104.26750791076809
666.1309555149941,235.2559024818803,43.69188535673066,103.6274009688566
665.5301696838037,235.12878573790073,43.12981566168935,104.33692620486259
662.2321463416175,232.19430595383662,42.84103568590558,104.16828811674083
660.8948403337193,231.2166044120905,42.7519758267019,104.15222513577994
660.2844760054554,229.78875875340853,42.569414688307944,103.10285663869074
659.0771338915747,226.7516217345674,42.404264931694435,102.26889703379487
657.8431792261898,225.88938851672822,42.38139057105792,100.99946698509822
657.0335127742757,225.77582166389914,42.164511316683146,100.82669834700644
657.7141074808542,225.12784330632778,42.054939335166594,100.57962527699287
657.503598244321,224.98146878940793,42.06223100159235,100.89718510184824
657.572086328036,226.96294901989177,42.209068310724945,102.85905984595868
657.7327974371526,226.1276083021233,41.908062352257375,103.71690558813623
658.6158825935809,226.91108218996644,41.9899145003383,104.43166557612182
657.7289375621341,229.4265158602227,42.2476302468256,105.71943226881237
657.7936123970021,231.96570277336718,42.53151910248005,106.9653382276797
660.9613891097948,231.9359363922553,42.677502542129204,108.62087929068474
659.8330717893078,234.01822355972394,43.13176901904065,109.9476074459818
662.7991887019074,235.4835188942809,42.65781766454467,111.35512102491474
661.830047255695,237.97707467590322,42.79135202181306,112.07790936401386
662.4610727233221,240.18040466499374,42.850315490855856,112.86286925887971
665.2173380405496,244.79898094506888,43.17091473921313,113.79756118115134
666.4171355746348,247.6852274034752,43.48701791323042,114.42765615496361
667.4498882752515,249.7900409002299,43.6781958616064,115.2156487903605
669.5601211563538,254.24513968528413,44.077145382604826,116.76956254837708
670.1961287195792,256.9967836857819,44.64985681865424,117.5503931997252
670.9758856503297,262.9482267767959,45.16883416809055,118.75508148058788
671.7093219134614,266.3198958903308,45.55688107542092,119.46956796054923
672.9400899869266,271.7012321313005,46.3664325749748,120.628800996188
674.5449011674555,280.37471837738656,47.601909090870265,120.98962269346913
674.3066981436418,285.59643896693615,48.371466993966244,121.24897082101046
674.5022275394359,293.2248074896612,48.835815917222014,122.02619984001348
674.5327927084775,298.6829933715169,49.2531706865607,123.10280903333339
673.8240878133643,306.19287337358185,49.89610537913092,123.07331392178156
672.010559097005,316.9176716820259,50.94485470638064,123.46755885762781
670.0042604166468,324.8736153391151,52.236169108112506,122.94007095751208
665.833068467784,334.713625094707,53.46911697068206,122.8102833799219
660.2580502573753,342.2094523458319,54.26118220009306,122.54308566478159
655.4365744612461,349.10963019858286,54.919575686882865,122.53929978349831
649.3538598050086,356.0078428691032,55.39860363217041,122.76533537995768
642.522390800277,362.0941337521477,55.77064808694595,123.64698335019682
633.3549133654847,373.9801280492044,55.82001946043685,125.10866785178655
626.7179824467869,380.5712376095036,56.347909618145046,126.46416845775056
620.5035337714835,386.53431982749225,57.29752840429873,127.75855455888262
612.7314311291385,393.3328829860518,57.817411179222944,128.75200441363862
605.8518872906916,398.42554019203226,58.75624739127305,129.57279351730267
596.8633797453023,406.2627332230942,59.02488845861411,131.19113206455376
589.0246106810911,410.97470869455736,59.18747297375545,133.13198825053374
581.4049226717742,415.76595870239004,59.75314293770157,135.367756057134
573.6237340259189,424.74814434353584,60.51751607902152,137.8270908295299
568.3620728446512,431.2297927713836,61.359686097807085,140.3426452921937
564.7259158101078,434.30963520054115,62.543712813378164,143.03488914481616
564.7646477574621,437.1173725593913,64.72940199484151,144.77326574547524
559.1250629396981,437.28344736557483,69.03551865185388,145.55900553740508
554.4736448153058,434.08998519530235,76.75653727368541,147.22440277834068
551.0920889333617,429.2149220913648,85.09740782663599,149.14881487488753
560.090368053498,427.4951863225169,94.10927243792602,149.71075345359907
564.7859105849084,419.059414776341,104.02952770713635,150.90688150688834
574.8290827133712,410.50966537651095,114.03150132130446,151.41406463272025
588.9427787962367,399.4797183856205,121.14657741729238,153.05034411254803
599.0611275520705,389.4700106596779,124.31625197593715,156.8074304628708
611.7073428600469,373.4599522569459,123.81123591076556,160.30142422145977
616.9796234200812,359.6540119614592,118.80115965397806,162.80338049602688
619.7843533933228,341.0277663427327,113.10576220749505,163.60097671394863
617.3781562763738,324.41565179217025,108.44897919529933,163.8564558150735
617.7065971096845,309.9059504395442,104.01396032164675,163.78815100079436
621.1596659053882,296.30146369992406,99.18576462477029,162.977898405816
627.4316896136471,289.6680949540646,95.0380795129401,161.51569302644114
635.2127948892153,281.5940097570903,90.89273907899121,159.93858265867098
647.2136676640516,268.4849577871421,85.77954333400602,156.66874104192678
655.7886552333418,264.49786350801554,81.57146272667568,153.56041006892985
667.7846496825929,255.9285394576219,77.20990595707977,150.63896905838902
676.5862494002894,249.312849498427,74.12404050606186,147.39589218966947
688.279988877122,241.17501755976602,71.8671462691934,145.17283780527265
694.2294107642857,235.04804926664542,69.58121753392855,144.48780954776385
698.7906529923896,232.3383466357234,66.94487809725217,143.4425236474985
705.9405936038002,225.1638118944443,65.29419731388411,142.76028209490045
711.8617834937892,223.7749469622106,63.81677725070293,141.7617363246022
720.7925084570658,220.9541203763689,62.93976335930605,140.35569052167625
728.6124270034373,217.90871193402782,61.73370312203153,138.25992293370217
735.5070811603969,216.65920727601303,60.21798489600308,135.16664709348174
742.4734825919223,214.9565912539082,57.321864161858514,130.50489305370704
749.6787890191074,212.36077426097722,54.615413905144685,126.70592645363152
755.4022683412363,212.5366961913511,52.480924743308634,123.50068903819626
760.9885519821161,209.68845449510002,50.590095742799136,121.63192584866714
764.2902747690393,207.7949413715761,49.702195823249475,120.53559027930876
767.3093466785624,206.10906632912852,48.981404299125074,119.34639676068825
769.3469616408312,204.9480755666636,48.61555547810322,118.56782286569624
771.1315344964896,205.5007836933267,48.569542091005175,118.04471252057316
772.6030231092461,203.74357631289757,48.018990402601474,117.67118782830643
773.2888684373967,202.56521960510904,47.280905703331754,116.82050378294598
773.5853982200488,198.13051109033117,46.89399237826172,115.10770645703298
772.9244456740826,195.51111191405894,46.35499659128805,115.09226286621806
772.6867353562416,191.99800124637335,45.743503164469885,115.61567658440173
772.3532086768411,189.23882076070424,45.310580937333484,115.69888740925556
772.5818081016806,188.91915902139618,44.996875739998146,115.49253828044982
765.746164759911,188.45349565685643,45.90610798017802,114.09574000952932
762.2272524529297,184.89308860512642,47.48333078749998,112.80246109541122
759.981193371691,182.16815186383255,48.36305270974298,112.19172666784272
755.7073934776314,178.8224345594415,48.96375308379973,111.53974696998418
754.9409017733636,176.17993441621755,48.25131412905406,111.00745599666645
753.967672746228,174.98682819093625,48.36705318918456,109.75221947261966
747.8308122431073,175.22557817286537,49.58550686144173,108.07064846383958
744.9414495586947,173.7594530051691,50.54507939823563,106.92971764688836
738.9410324587009,169.3371602231432,50.984725854082626,106.4962880742214
734.4729694884471,166.27296243575273,50.20176610123082,106.07512310212738
729.9954142009799,162.3726334662552,49.4446879554622,106.09511087510683
726.0817078295611,158.274131179857,49.27252794439349,106.47955441274695
724.4911089262918,155.15245650630123,48.86995499897901,106.51971772470225
721.1327816139813,153.43267790872616,49.135895512271894,105.64299074016486
717.882580040381,153.08584659846375,49.42127180400378,104.95085013803345
717.1301906357885,148.88993862807848,49.12743611123544,104.73438971161647
715.8490183697866,149.64025861632507,48.8539041783957,104.41862522340456
716.496096218772,150.54787063006978,48.78939325581538,104.2831497310714
715.0114592932655,149.6414482115279,49.929229850969136,104.49815521268641
713.7232212601601,153.2225352221997,51.48266514569527,103.92454320306156
711.5421939277807,152.7717157031492,52.31902400967297,103.25800597163129
707.9851125420851,154.31446927038272,52.11665846075182,102.67222417896113
702.9241853091362,154.8176307568445,51.39079564149331,101.97599031736567
700.4937757472728,157.21920111212444,50.325192646079294,101.69482226305581
696.2387947524874,157.74974004192163,49.561717135650156,101.14427296791456
691.9189685764431,160.8024465695891,49.27555772016049,100.33536870164208
688.6745517137897,159.18461625421241,48.564928554842425,99.7480923206767
690.5957216500693,158.7353806977682,47.41756548892388,99.0455197323933
690.692538951551,163.65832771099204,45.56526999728862,97.95069382117997
690.322040854978,164.9030135855847,44.1917642373095,95.72566533371347
691.3692475343821,166.49960969704233,43.877837939048334,93.92614986861065
690.177113346772,166.0896004020887,43.02892149981544,92.73206933742412
686.804426414184,164.70736075623927,42.526065384522454,92.99136064084176
687.2776809242324,162.70064558835753,42.56771554411328,93.82348604496462
684.6905559171281,162.7214733696183,43.05757835129056,94.47091739650554
684.8591850678732,162.74330942122918,43.59754783300349,95.13397136750254
682.3189541821035,164.93849528494468,44.577240561574115,95.0169761049153
686.3731820285738,166.36615088969998,44.76892524949318,94.60551255165471
695.3211347583542,168.33495655748467,43.38269386219791,93.36101645046035
698.4143616792578,169.7040835450643,42.7177854305469,92.26241091280107
701.4191035250501,169.64000163664807,42.6069833795874,91.32395485658667
702.0632583526926,168.42345587290123,42.36890565789605,93.09658495829908
702.3730666316508,166.53434041664335,41.945791785526694,94.37084858565862
702.8539704002449,163.80628286154467,42.53391100615087,97.46118000444969
702.661532190883,162.5213622399416,43.3607735088591,100.40208448007775
702.9167849380088,166.7972976281475,43.447069772419844,100.7538697095253
699.7013131953561,166.06314109989174,43.930625562412835,102.41316176994309
699.9307581426201,167.91735148756783,43.28280134171289,103.39898537935655
697.3677860848976,165.2417008196318,43.15197055481421,106.4323240687442
693.7533819518324,173.91936256598967,43.60538819594458,106.190648036966
692.8031239020113,178.17189364458,44.85630712761794,105.61072626064467
688.6334172208491,189.45215264214008,46.74753933759874,104.0455390760714
684.940023477967,195.72184905697594,47.52745426476915,102.4008606018684
684.6350731186664,200.91478261791374,47.20159448532347,101.54493122413344
684.8664806180512,205.45101924400072,47.02866596116309,100.50297555008451
685.5353795160474,208.66658592509165,46.69294336048332,100.06369399454326
686.5203223136086,206.19822755648238,46.08936025559527,100.79420345637115
685.5009158880215,207.5328094839295,45.800963634113174,101.59949638858629
685.2868324306764,205.49143613558402,45.90872649606892,102.94734928644911
685.4530618827447,207.97219446403184,46.06085621497944,102.95638316666287
685.4120777971827,209.2725437820488,47.094820235712696,102.92416597594143
687.3641938953932,206.21102324598723,47.946661037338515,104.26870363009586
689.3268679419704,205.52614004360086,47.89283394027798,105.32886920479046
692.648516265845,205.40209959129925,47.972925964403665,106.75917056837807
696.3300661116608,204.91461216098503,48.248925393865925,108.24333122002213
697.9970952418549,202.2239984111743,48.47202655730583,108.95607117081545
703.1441400662086,200.58568380169993,49.311634418363994,109.32846454992048
706.066355299058,200.4788813643446,50.19181332766517,108.93495272541237
710.2067507074876,199.11083633408256,53.07615312604038,109.45809112578017
713.1772555520187,198.66663219186827,54.957500614712686,110.63614174419314
717.2313768408055,195.58615083276123,55.737746806670174,111.33277951123534
724.519475877829,194.44770081733975,56.229908107623345,111.83129819442209
731.5208863194104,191.90338185888885,56.60684796664801,113.09956257616764
739.6140391853393,191.48289455049954,57.08997582854022,114.64814827693061
746.2926294218311,188.9107372619177,57.64078485750984,116.45014718026619
750.411947525876,190.37228536035465,58.134173795904104,117.11845112987663
760.3075380584446,191.94951478143437,59.781316705376454,117.49661557873281
765.1934405727284,190.95399696896558,59.47578975298079,118.71299300054541
774.3286380186665,190.8654562705172,59.90150081813577,119.82247796189529
780.2131181117694,191.75580750906386,59.16235630575798,120.7127349574582
785.6249624322913,192.60092392056114,59.488478455729904,121.29804534735428
795.9293525012235,194.30988526656353,63.00158552489673,122.48131894441204
798.8264047317488,195.03521659825364,66.41777769470568,123.32313674978178
799.4688276209178,198.6238541455088,69.43490335191441,124.33806136230268
798.4063017734276,201.765543860753,70.78056661916042,124.18721977361116
798.0987621045159,204.486586691683,72.73362813471823,125.21540999065748
793.7165622123839,206.63353302430386,69.87891781156037,126.89942259885325
796.8171891179708,206.58102565476352,69.8764249867148,129.05381477934014
791.7089224662648,207.58945429340326,67.10904105379862,131.91827464073256
791.619393572481,207.31431604353713,66.73469307964736,134.47654674593358
785.1284126503593,207.99529412054895,65.6673690352188,136.13454908800367
781.6866292209985,211.84409754240275,66.63089194862803,138.08281626773356
773.8263928980527,213.67716601273438,67.56230209451957,139.8850631161328
768.5026096843359,212.06454880957295,68.63482579734384,141.4008859013619
758.65162309437,212.1349615745958,69.44174892844748,143.66594416037873
752.5272230607281,210.55860258659413,69.75326261877802,146.1788305934133
743.3036554285917,211.30119808590146,70.46678582250405,149.41528876472051
738.5437868285445,212.0314386754348,71.38996540541095,152.3368266286226
733.8495902743481,214.79444837209897,72.42426305481939,154.6699991298255
726.229967252033,218.07390386665716,73.02669879671511,157.22015796492786
719.069509683035,220.06280390732545,74.04542887611747,159.6588617898413
711.214238536932,227.25451421080584,76.52977487926086,162.47737599733364
705.907071266744,231.16638663655056,79.00107353096527,164.09143632162542
701.3099221957211,240.6530274540729,80.482297942542,165.7825833975182
689.3049236503894,236.72890857167894,82.00517345117441,169.26384728535305
684.2029352719039,239.9450104844789,83.25919903627032,172.38620888944064
678.9703362736108,252.537742219307,85.27508673012225,175.56237872056568
676.3280740203886,255.28625316718944,87.17393008422275,178.8628421763633
663.7652083849891,252.76594185217022,88.97080393314683,182.49684859546426
653.7669877044443,261.64280164196754,90.17104168095503,186.1510880002446
646.6113873763377,264.66718111777607,91.48834585279337,188.7135351033151
646.7457014012722,270.1844830081251,91.90788918964311,193.79099186949202
638.297747962146,275.7900852250244,93.18642546242685,198.1212913419434
644.6593583230783,278.1449512371903,91.22889077571827,201.99255296995528
647.8154016876746,291.1052637190591,89.71746322621337,204.42648122887397
651.6228951482437,292.94511324014616,90.68987864882492,208.3567065031061
649.1088384513017,299.8026089264867,95.78262827317789,212.64433964214382
643.3654266630779,305.63004874418226,97.56449579493791,216.28297807315892
647.5272166028346,316.4762517162142,99.56049599354935,218.186275254095
641.842290941096,318.295029669262,102.0392950709329,221.66041368393695
646.4010110759591,314.532478636503,107.47941095355043,227.73910461664235
655.4701465186288,327.8249030744855,121.18757561508622,231.4618118930212
640.413572151719,322.0464212893083,119.0910685871871,233.94101667431315
644.3247227737478,327.7549524432284,116.35024927672308,236.8110637414729
653.1724615846391,330.0041785390575,117.86619743619052,239.061207741221
655.6739840543413,326.22367016558474,122.5062799381923,242.92440954676022
658.59555679881,323.67263012915157,129.81798064066135,247.79834020556405
657.4810676212926,323.16596203967816,137.0403061636648,252.61166417747964
659.1869686232183,324.25341746922874,143.16372144496978,257.0524149394722
661.3162144863921,325.512753517137,148.8137380194033,261.9874171600619
666.727083460002,325.5690422412117,152.24114557999619,266.0542830712875
681.0410068107993,319.82766758910907,149.5945610854326,269.49009634033655
695.7730354620535,312.82979899872265,145.10590661495561,272.1447690679844
711.6632339663429,309.4448369127359,142.0935760126266,272.9967855251141
737.2929223409624,304.85926534967894,141.930451704794,275.07979388560307
748.7219017120739,301.70402620240895,143.93864286491475,276.2241955199868
756.3428407464338,299.67523434943405,151.27507290166363,275.9415082298428
754.6197257568333,298.77471893492464,160.21245278320845,273.633469234643
751.9554272637721,300.92599128019134,167.8482397107371,272.4747233722345
747.1015214738038,304.6311414076965,175.0587368375485,272.058502707068
738.2396778477458,306.30099744084555,179.14308082794585,273.3315225743636
710.8448270236302,300.2007586090749,185.16795093320832,271.0949274839986
684.3593348416928,302.23522993441543,192.10939428145826,265.64579684503633
656.234190909038,304.99066391389493,200.39685255692387,261.19077605404607
599.4192529494289,306.6932554378756,207.22655757770465,257.39759251780345
561.344008161124,305.3522248304995,213.22641238868954,254.53229045130564
496.2837821618124,296.0507196780863,218.20245520762518,253.31889450613207
456.9445974328178,301.1452548741669,221.49111519295818,247.69250721943973
422.4578006619329,287.7269594980668,224.33214037535305,248.67729133101483
400.4032425231652,273.3628778110767,224.72085870366953,246.5046368339012
393.9221990284777,269.90833293169334,225.85036512663842,242.23538186610554
376.294779687339,259.8915495360825,225.74680537141586,240.5481844971709
371.0041417717132,246.57995620798926,227.9729786636048,237.74381988382615
364.9201811868031,238.62698705901732,230.6571962201437,233.8047264434888
357.5639590401397,224.6973504458793,234.65082947831434,232.0837384392961
344.66411693059706,220.21575085133094,238.14967141224344,228.89929358542406
331.49786164975535,200.56003541954595,237.784977384083,234.12619075758775
319.0216210966184,183.40552894565252,237.88491942785697,235.6065293889684
312.1099608677952,166.65423456681873,239.42277845972202,238.68278758022976
296.67372750062816,145.1496836209399,240.03535749874365,242.14434308526864
295.01237022439466,142.33406427897773,239.06980300824188,243.94995921059925
285.1074607269681,118.27193472908792,237.07945110465755,247.21801713850385
292.9668949321494,111.18616710321089,235.20744548726373,247.82174233166415
292.50112712941603,95.73575550545733,235.40710853413668,251.98556601545252
306.39426474574793,89.86987308380058,233.54527177803544,255.90769951110977
306.1816177997757,87.94323262255998,229.74699389263606,258.19683248437224
324.68070175614696,81.09923719341134,228.68113799161236,262.38158847938826
335.83943685370434,75.56983715128459,229.86513264024757,261.31209266520426
347.567492497226,82.91341114755812,233.88216588445428,258.8230647898447
347.8461149252974,76.19582714558366,232.6119693681552,255.16454382894986
355.96384198237473,76.0605602285012,230.41417394540682,252.96925735061478
363.4929959550117,73.41570147502071,229.11032156653914,250.39752466226327
372.1904720501882,78.40135831709239,226.50571361446737,249.88232670077616
377.690530443019,80.68616415126375,223.850872707712,247.79922626290218
380.563314002289,65.96506680640701,225.12019816729696,251.75741216355317
371.08478866960473,69.16441721918983,223.33829619594678,256.7026444434563
376.40557855486713,66.61883076712508,225.06719982385954,259.13494283586704
373.81127947112117,85.06295490632937,228.50280726869514,255.5984401629272
372.13914447860606,96.10265589412116,228.7235420974754,247.56701182015613
359.1265396889771,111.5581941769781,221.0953092939208,238.99278828178598
350.10211861780095,116.2996590755335,218.31645368236687,232.77285897295644
337.3987461526948,116.87173162283636,213.7079398235167,227.73973682756946
328.6237480062254,122.01236012561242,212.8882461750492,225.67271322045485
328.30395264746994,125.76752745125529,212.46228513474762,223.6719000535441
319.16463064930235,127.5313795335016,210.9327015920203,223.33236727577022
310.273085373806,132.77254857220777,210.11520620551298,224.72661611242037
305.9603976290122,132.54955975739855,208.07212466385056,227.13273778500758
310.41623694724353,137.68875114915147,209.29801926957543,227.50047316556422
307.8810837846482,138.1389332564846,210.79410684476616,227.54645904855425
299.25070540416334,145.44140451491157,210.9227224924545,230.18803752779405
295.5925787750118,143.6600422857883,211.4914171570076,232.13320827510307
296.3101168666275,143.10584334341897,213.5396173409638,236.88796846452925
301.8417060905341,142.75331103936261,212.76006926424435,243.6276400062357
308.686552553483,141.7884849728202,212.48163122115898,248.7482101080705
320.5597904957182,140.09602240521963,214.03550934059493,251.58241502842793
334.1036689249219,135.20935926325208,212.06548929859366,250.49044590220677
342.88104535920263,139.6543706049731,212.63537021909474,247.93074548438975
349.59034138602556,138.07185654714021,213.29185140763633,240.79590787739926
351.4401947421899,139.44306808813192,213.5502745781202,236.57618987354084
362.92121174659593,137.7985692074268,212.25071615524564,236.7455587287011
370.4282326528265,133.54772463269873,213.4334516865345,238.25774592503222
379.7426925852803,129.27944969601805,216.95296932162694,241.14030409917487
386.4917951776453,120.99049990794788,216.57176853142812,243.85815728859643
393.89666082784754,119.05639789489774,222.13014025836748,247.4637880725092
394.0637947244405,113.06038572539593,219.18417812924392,246.05883975526282
401.43549800179017,109.70241265283406,221.46414803938842,245.09113111523033
402.509464679841,111.25865756059252,223.05962288641177,240.6025426669009
399.9000737021609,116.60975380797285,216.6400991777094,234.24422224245274
410.2165291449249,115.56952421305067,219.64500567499397,229.91507449870335
411.3253723282621,114.68709825652937,218.23957516769448,226.2614083453397
413.72646910952756,114.03643737169358,214.20972047235114,226.58299378688628
418.97085542079554,109.35922696327484,210.5637212873152,228.04538579513002
430.3721646850672,117.63564567957755,212.86614426267806,227.5925239484621
435.6257408234732,115.28830921163312,209.96958768899106,226.49093223591345
449.4501055252411,117.63649616358832,210.01787976983033,222.5294826484093
455.8373554476937,118.1919557894421,206.44967875305005,218.80332902170173
467.7643984079157,117.40905999976704,208.76862750057492,214.7690839799581
477.68938461125674,114.40110567328742,217.03504913686155,209.0650829649486
485.19868531595256,109.65262947599192,224.56509274700116,206.42989424625836
491.35666252013124,108.39185105161033,221.07671402223752,208.26602629033403
500.20106974216446,103.3822391796309,220.02864664848354,210.80447610851164
508.90511447959716,103.36394322865988,214.57679496658693,213.29516957295368
522.9955215577253,100.14487721008626,213.56816098611185,213.59163901244466
527.8566080181671,103.59267429471252,203.67093923710325,213.17578117131714
545.9548777377049,99.67709634801598,200.74191688787133,211.52256206471023
558.0323938248614,97.5985479449774,201.316987252621,211.64090154656864
560.7192024551053,95.00546210290307,195.85181725775814,212.21128953931105
574.0650692997838,93.31013397728633,190.64799860746368,213.84388914991953
584.7197560374561,92.71698531992436,186.61926478055648,215.37051849589346
597.4253804399011,91.16529802846904,183.15796714754163,217.34602442646036
606.3935796339762,89.70680631255901,181.91932266564146,218.84992192078042
613.6513104517338,86.89017362854838,183.88365839340736,220.19400271848917
611.6902510096885,79.9481978731658,183.99907561734167,219.59479993237935
618.8711186751941,76.4163203509103,180.56666157539314,220.4182595667341
627.8317292555057,73.6355484866422,178.0370419772699,221.60767194761405
631.3785252890863,67.61166198054713,172.31942647260877,223.16478333871044
637.5194341105796,63.43146370350199,167.78229877102828,223.8329191506132
648.3930458541294,61.015963615417775,163.70096883861623,222.79966151428164
660.2420922178438,58.34865888770693,164.39063245884364,222.45916110642207
677.0611850667842,53.862288076635735,167.79987107736912,223.65822108793947
685.0451968040611,53.845266649996375,174.70959418484645,228.9229768318432
690.9522858768662,53.83764340992245,176.71499611736127,234.12206120261604
699.4545246991274,63.51943791384613,178.9570394689326,244.27739309320617
697.6080851652706,42.58067904091173,178.80708406399006,236.02667597579372
705.6219924348699,45.106672623166844,178.07913524744768,228.80006722925225
715.2213634075168,46.717363330228295,178.00667504043503,222.6742058346606
720.0504926043702,48.12659347866277,174.50362904907198,216.34353850654165
732.9048285059,55.555294136072746,171.28647335929378,213.22338084406545
744.2672502119912,60.01752256577356,167.0923916658615,211.58859683622632
759.0815426710328,60.46325525725476,160.45788633762177,212.63029795717017
765.5394336445406,58.8403458668391,155.73827138279367,210.59511087862649
778.1167476423443,56.766594757975554,152.52187580906133,211.18365313541608
785.0610186976063,57.813044593370165,150.99722530009984,209.02178373806436
792.5899531323935,54.34397818569174,149.48946629380686,205.5574507331087
795.85653558321,53.46703528007603,149.85791272029894,202.98205187637137
809.025234439445,57.49814377022987,150.53607897267256,201.62826995465744
814.0179815873876,55.855412443374064,150.493150594756,198.60025604586906
827.5570189726518,59.85095247153885,147.73856215235256,195.45103389969574
839.2294808512372,66.49400299343394,143.50991036783796,191.8101354926243
854.1380661466501,68.52177463692065,135.84892874185604,187.62934806502588
869.8633088698069,69.2650029798509,128.04840667444867,184.77552077369663
882.3920281174132,70.62472565160728,122.05938858939214,182.58952269580888
900.6572427505054,66.14810016933325,116.17141537789561,180.56706565254444
913.3649021047875,63.255049310935675,111.21318895448758,178.07136805293334
922.1739315969843,60.80311261009669,109.98264217712517,176.8904025874238
925.7829863395916,57.102451397146595,112.6528383559731,175.00455460316775
930.111368239453,54.28036790250114,114.4976614703128,171.89786710027116
939.7832789447446,53.93080871998811,115.80709933707348,169.49078429342222
955.2465666658354,51.00642074272285,113.3887636409855,168.04250214248398
967.5689382214615,48.18982927954046,111.56378371332707,167.53908838916126
990.7634786305887,45.71203751547897,106.85225416460388,167.10294828447175
1002.9644623193449,43.505009686854464,104.64273063474774,168.836889195627
1029.7321349747317,40.07825730153391,101.42305915209892,171.20803312642437
1045.6031078467058,35.83938732375648,98.50228040033839,173.26676673432297
1060.2543712481545,34.383785197332216,96.62352068728467,174.61846170982776
1085.4088863703705,29.151624832861742,94.07248604832148,174.56514327861245
1095.4835534652188,25.831140417936467,94.4258374054997,174.99999638580675
1108.7458071309982,18.137796837016765,96.01168163644135,175.9154311062399
1114.3536612611845,15.57596892344165,98.73475511434974,176.26491701151514
1118.6204109901878,14.366206057273445,101.12917313681208,178.89428161103905
1124.719705936897,8.80282965937667,102.49558568479976,179.60166184823885
1128.8334284326784,6.582102962452822,101.80299176745574,178.9991088944303
1134.0384699933065,3.3100357576286683,100.02797944698061,177.78903187829735
1131.5283104106722,4.257611876251843,100.76784206928052,177.349201906676
1128.313349922798,4.620920679652812,102.02509458799815,176.5946912334678
1122.1405509601045,7.754520918378731,105.93203284541617,174.82614798257848
1121.804212059237,11.227421726498207,107.37210566668237,174.17447478430827
1115.4988637222064,13.250822491147929,111.13471884464988,173.38823233704008
1133.9031865254517,13.892511073857904,100.68087060144015,171.04217206615138
1133.5193191271173,15.887571111147508,92.49828801529654,168.51250121032217
1130.7632727214825,22.80564349908829,85.96378048476953,166.1104384656906
1127.425731052705,25.039479341421924,81.18253447662138,164.20770818727334
1118.492282029802,27.460000065161452,77.76232314742731,162.39657396635678
1110.806264654296,27.871741625751227,75.97652098437683,160.96521120650536
1102.2139258113546,28.713532957401142,75.02997308432214,159.05610364086178
1082.6639247681433,31.0867108615264,75.01434406722912,157.27080740292377
1067.7982218916316,32.726876820557536,75.28414093353383,156.01156313134587
1043.937351571682,34.84482884395422,74.56096580194858,154.57976675056813
1026.0031516704196,35.61888657280933,72.8687576943173,152.44382170301415
1010.061882113217,37.83547666294575,70.97178631067531,150.49263615164756
985.2308244310132,41.180631970914064,68.65486725125493,148.36922006696093
969.4121686587337,41.853624049826465,66.72378890323587,146.6976438681205
947.3629189078774,40.9922222255035,65.22814167643261,145.2436286691102
935.3373858847319,38.88977522335695,63.60775996881739,143.8529416187158
922.9955666407926,40.554372174531835,62.46229689419591,141.76367691558477
906.2396688833975,39.096382502702895,61.31930725273632,140.1218559662739
894.4543961384759,37.66307111597956,59.38765547695455,139.63004978464244
876.3406353351278,35.3021157604734,57.71503059927575,138.23635990971727
863.8500439405635,33.15578774178974,55.661179208716696,136.9505247361471
851.8896875836231,32.44335452026952,54.33762922728511,136.03365533934377
833.6845632149697,31.897356584026866,53.37403763256068,135.08765682706346
823.0653854549685,30.538795561021033,52.132412683812966,134.41723614846575
806.2817039183933,28.892174452134157,50.91535192883842,132.702787936552
795.8711286771489,29.381547837993864,50.19676852460833,132.01844424100446
786.766361279832,29.866556875435734,49.98351279189851,131.46889735752697
774.0143488977508,25.399524520022553,49.7222177318423,130.89588199022833
769.4528099598392,23.437173971618975,49.59853047094646,129.91808674914486
763.4192307534026,22.549952602161966,48.99283732131966,128.22951679274638
756.1472123752943,21.6110525913911,49.09345366738005,127.25798209749124
747.5574586430192,20.282163877403406,49.291027538180224,126.01677270906038
735.6796817122149,18.828597969124402,49.306499612679474,125.29008494554026
727.8267185663431,17.786151744319568,48.865880494266975,124.51783017835305
717.0391852595931,15.797177095652025,47.95171981284504,123.47069402646939
710.1271182304182,14.945180963112605,48.12833189853853,122.51227174076698
701.720424429699,13.890902322437057,48.55124708786762,121.9410499693837
691.0654914862841,11.91248713042016,49.16805877547859,121.03520945497999
682.5489089713917,11.506879278557989,49.505941822841635,120.22850523682933
670.8912119176371,11.175745829467857,49.41139330339766,118.7853033850096
662.8676967035188,10.57977937960927,49.77376186639984,117.2403283257424
656.0105135049936,11.58393302130061,50.51016195485648,116.13146562243784
647.4510631450385,10.92019869371132,50.12921526265756,115.49079462917892
641.749300931433,10.703632507181617,49.40709882072774,114.05844848661333
636.3899196629465,12.46840708162685,48.313361357700735,113.03744425959786
632.9025477509011,13.612397998754837,47.913074664213376,111.95783644877939
628.6574181184448,14.775118118034626,48.095472601001156,110.71201657154793
623.0853580783595,16.733681583691336,47.89355386281231,109.47631664218764
617.7212303653713,17.262855595429812,47.937147423554265,108.16342149957006
611.8388445755451,19.013533995267323,48.45323125906603,106.86418261981692
604.184211049084,19.272452586371664,48.01863234519139,106.20422507628011
598.7843675131099,19.661241949608183,48.71495638003014,105.35044395722895
592.1412098935456,20.570536538037828,48.389699353533835,104.73497978036966
587.407057818188,20.02153518123764,47.86435116049897,104.20407624397004
584.3010362276108,19.913149252303015,46.641854546731565,103.87137910769866
577.8933278387478,20.745079669339162,45.69265340453566,103.29379146698574
574.6523328212766,21.10396287048456,44.84191028518122,103.00134855102307
569.2169876513626,20.834282442472023,44.260543740243406,102.52899065704814
564.1395403860085,21.12168384337032,43.86450443306101,101.78692100954842
562.0521969542272,20.350173957350457,43.240698864983266,101.44972227572877
557.1427679028127,21.810553016933312,43.0849781103902,101.13977348273494
552.4038733002525,23.47125983435626,43.389274883870115,100.95758103929529
549.8190054960778,24.766044807544958,43.18950365628191,100.96975669838665
549.3797989766432,26.146315551181267,42.42872602132303,101.19182019158278
547.3034781874314,26.66538177480775,42.148231613418425,101.23062255878294
548.7844325352896,30.546923801959508,41.439008464577,101.2892853306513
550.7578041555616,34.301367658921265,40.83796834903298,101.14737149368091
553.9468402700358,38.974226684355585,40.31060412789732,100.57219177289039
556.7480142729219,42.94117723304606,39.892063495171854,99.48179653488444
560.0257598098731,47.437150652110944,39.70101333923816,98.70734847605155
565.0479545273066,53.903961139087954,39.95014197077729,97.91606148647253
568.9973507442857,58.95680672641284,39.9518317145537,96.84943281182275
576.5623188323801,63.68159514011458,40.40523904422416,95.95246828910678
580.8330833372424,63.84453726985996,40.25348054231195,95.36794755500664
585.0398742690508,60.71809730932977,39.43447265330469,95.24735335497327
