102.0,442.0,70,26
131.04677683600767,433.1840708010411,72.0736673973206,24.71237902780058
114.81488036264776,447.51244683736047,69.3346252610326,27.35393628133378
118.25948300381668,447.51425205799325,69.28176946599946,27.412795322490076
116.75472668591522,453.575939923947,69.25574438207582,27.44783633862948
106.62977180824609,510.77846056548844,67.54662398604688,30.683847301640252
111.02052892511622,520.3620702591667,68.52186939586132,30.3159595793229
101.92053720349733,528.5545184623638,69.4813285471069,29.143023011795876
108.31453649496842,531.7725075128317,71.9633647542038,29.01690514035224
129.67480947070322,526.6733716503127,73.86247822656229,28.434506699374758
125.92773355026685,527.5434457258013,73.79646466216161,28.61203738140504
127.35767019379071,525.6867041011974,75.28963397765295,28.07130920483168
138.0845319229122,520.659846364233,74.85095568542562,28.337564351612198
127.18940862327734,520.513642213062,72.76891834914844,30.158476071922884
123.73128081029196,530.5644053145847,71.79886721242389,31.361820474346086
131.71036733410867,524.2829126591012,76.05161640600141,29.48217883218829
125.95405155970312,524.4698608711533,78.70510183664847,28.350836119021483
124.65229572115581,528.1626124261571,79.4748275030009,29.360444092998293
124.08576509301894,530.8335466728109,80.28405147900119,29.644048622151562
124.36504081392083,537.3951107301998,80.98134415340834,30.04191660112386
120.32483491876657,527.9483933180059,79.9084203724278,30.58207994113667
108.41123588909281,517.1925661205422,78.75521071693157,31.07568318860313
108.44820942613933,512.5044753878694,78.21445150904947,31.778738433245607
106.36908118071327,514.290794712023,77.85303942080004,31.990554130641666
108.57734799394575,517.0231613919627,77.7023138998038,31.735644379160526
109.34815516232315,511.38431952066367,76.42012949468963,32.54506640300859
105.97844737037146,513.5387042721561,76.57936014206959,32.49873281310958
104.09177937819491,509.5405117941799,76.52068013521173,32.96879635792926
106.29227578155411,520.00652522161,77.74496198669647,30.959865206194156
123.06514290420601,523.172748878692,75.81751387420516,31.85306486468628
125.28598646705487,523.8809826893239,73.79129305710121,32.989529982680395
109.26452709576176,514.3860599513705,74.04835364539052,32.348821259368435
108.0673081860016,516.8302983202223,74.28658724127806,32.62130948748508
110.9507561903447,510.2462748398491,74.29866767302153,33.00946448045811
108.18787462503118,515.4053230364241,75.00790248333608,32.39069364883157
111.83738944973197,510.2466924941532,74.06583694526262,33.21855959177172
111.37799388932193,518.6058955435917,75.0396054830749,32.20576567551194
108.5281170587163,508.1459551429244,74.97535157592678,33.8011683274325
107.51254249369006,509.0276223858616,74.55897568156517,34.330192239995526
110.04003854575643,511.54425745998617,74.20062359208089,34.661103610301105
110.80229773679258,514.4460063510762,74.45683641118045,35.27630699999598
110.0022073945187,516.8262309156622,75.28489185158759,34.326221640355314
112.03418168192688,518.2058801087151,75.11069852579467,33.631849401710525
121.83498452773648,521.7103620071982,73.60862591523016,35.1046971281816
111.87588163828255,512.7979811558763,73.45755679179426,35.46521017359891
108.91245117897759,514.4249004838124,73.623385605912,35.01473150307831
111.48241983325147,510.133591057203,73.53549602685644,35.28001332016431
111.88611469941637,512.520712945057,74.70575216855006,35.20968800148771
110.193962414982,507.62922229831065,74.86488278722352,35.89644737115218
109.5432477098123,510.07697398497316,75.63703058135195,35.60087380739737
109.01542189555086,511.0581294692606,75.22056001749203,36.00845114448658
108.01845736920804,513.7952398788037,75.73630913853705,35.31796750801753
108.7953539244962,510.54383826569426,75.08397476819509,35.32176255552559
108.2494194891639,513.4007747011877,75.16784803339094,34.866022619108875
110.95341039507679,513.4315248688217,74.64321277918235,34.08459735708306
107.08854155089097,518.5357913477783,75.42389956423371,32.99224481909194
109.93458251595214,510.6522273508865,75.89458313704102,33.43011866248483
126.25546338918356,522.152481027553,78.63455051655475,32.615112407784736
128.89977026801373,518.6655755941391,78.57420824326944,32.81273919258121
125.34063851533969,526.9042879406328,77.06660199764092,33.631319748617145
127.37948853682116,523.4373663980087,74.45315061190458,35.014488395388796
125.4774126154901,524.2399389827226,74.28815572605106,35.50522945642989
127.45061966258666,522.18133147962,74.12065703713135,34.20964844212718
122.90170933210558,526.6546031151361,80.3410057742654,31.16766144550904
120.65630225054991,527.2471129575662,82.38855211511112,30.780676428617657
147.6017992141162,524.3459987344326,79.19778401805668,28.47735983093948
143.8116610217033,526.304883237576,78.8091730737809,27.49593115668403
121.89084580770687,531.513937926917,80.59237759845345,27.362566040697267
124.70478872690684,534.1713616496415,82.97350970438944,28.772282193880933
121.24860861750892,535.367268133262,84.94183916146653,29.903571033280784
115.96487684933842,533.1439346987064,86.85074862065908,29.038119372118388
116.88958855479298,527.288145930001,87.44657667459373,28.217485605818485
119.93424891605036,522.6964813207187,86.93928720207896,28.91880493668757
121.43568783957716,526.5167374341528,84.04238164506442,31.069384628764702
118.86251473511234,521.0603504841681,83.08870649168936,32.292644368577896
121.85273655092357,523.9772474449685,81.0553453795982,34.46538120869589
122.6721464112484,518.5939839767868,81.3053653806282,34.52103168021532
123.71218842925767,525.1923677750041,80.27833615417998,35.591308151163744
122.09459167167796,519.2263418984618,79.25463379531595,36.40041984077173
124.89938715279851,522.75000397934,77.36399119733265,38.44370236846842
123.78626359598232,524.7138297860403,74.98214504924628,40.681471287294485
123.73223724694697,519.3813986982959,75.28042907055921,40.581074673720614
128.21865047099342,520.9330375514011,71.51609871621629,43.70599215794012
121.92442057869155,520.1758706093401,74.49680093246064,41.37666759479634
123.67430154585813,516.6256800538914,73.20867840242437,40.47659094202181
125.28114358816487,516.5671661462574,72.50631633929525,40.790884382290045
122.9615083034275,513.104151005622,70.05159276814501,40.559657583482476
111.97147661157025,517.6794595949594,71.534952050297,37.89343066359673
108.95114103564563,506.7366597562284,72.23617618066186,37.59867145434009
111.32012228772562,516.9940908093703,73.52236833958781,35.299126120517215
110.57797210103587,512.9562261858132,73.54742493855326,34.85427126118604
106.31768342683023,517.3355140852759,74.28682858090987,33.00228115561998
109.48752550021752,515.2534931287919,73.84253017632278,33.14154279515063
123.40357140222953,523.2411808449999,74.38128798167375,33.09953223089855
125.84162147765994,520.4910357990321,73.40451034057854,34.03414849470921
123.88379467860646,522.9756312935947,74.81665441720114,32.246994859099615
125.74868755109475,526.081223220501,72.9189304398027,32.82153183048238
127.30452131800178,530.403350494637,74.24834872141831,31.197601989241484
121.24401364300259,534.6897015469946,78.6003211026667,28.675101300542067
113.26398288767992,537.4145484974006,79.52481437600736,28.3826187034411
123.4793881591229,534.0739671465734,79.19919792491825,27.808654451970344
123.14218114057677,530.1996855407308,82.97486928622928,26.910779065022737
126.61432759944736,533.8517425371456,82.16726460090995,26.51383059953691
120.74106210795478,534.5096911854433,81.7609788114342,27.680904494347722
123.00028314857221,530.1160847810588,82.22680491867591,26.614983147843386
122.65470554745839,529.1636525766716,82.22772879766134,26.086513206031825
123.06572913124927,528.4655891597969,82.05181505293115,26.147740137437538
121.13066660423883,526.6780636051195,80.9823801704286,26.774777941128043
123.82132409226102,525.4060940597473,78.01997998930608,28.457922964489903
123.82699268510311,528.6808249538909,80.25179160733285,27.10581835393687
125.07538302893555,524.1802134973057,79.70072014818359,27.263031867693293
121.08077544449188,527.2708706849544,79.10497437957093,27.581046105677213
122.16360325114849,526.4559268316037,76.99542533364053,29.688915379761347
128.40040248008256,525.5697383623778,76.42583383378022,30.92738728891626
123.71417147685871,522.3897426263585,74.99333368202477,32.36060568966576
122.11783467016181,523.212814220433,75.02728537159045,32.80308554839195
139.5178569833725,520.7714034317501,74.60008925591129,31.17475295095307
125.49980795156338,525.5380204444364,74.81340289570134,30.75109228983809
125.69595304716842,527.4088453973009,73.87950198671786,32.342724854812374
142.84365484955964,521.7625127378457,72.81015734189631,32.277235876847826
128.78444797026978,523.7074208495605,72.34071099305419,33.82507224130862
126.04503770372943,526.7885728416904,74.66087063746299,32.39564789572072
125.82323207389277,522.0861957829816,75.54648323990976,31.962862340286772
125.64817430404803,525.7199108864301,75.70436855498988,33.29063171835089
124.38733655065505,523.3606893722724,75.02207982837739,34.184550820884894
126.25565045306509,522.7179800088071,74.03662695031514,35.747496403284316
126.66577218355266,516.2776402318336,75.1021561944181,35.760866386918714
145.88916681579457,521.0868050987812,73.32925609009052,33.01984073017198
125.94593274257039,531.0231496253488,75.53551793771078,32.09370013895084
120.90590090517567,527.8101848566592,80.06661615839866,29.98592301129084
118.16487799883612,525.8332667667075,85.45199754236683,28.391037877717654
118.1024693655438,528.0458968344786,87.69063011656866,27.90373550584739
105.77127111442061,531.4635703851628,88.06208728776032,27.919462623228966
112.7152391350628,533.6557244867033,90.31108361952283,28.191862183819893
114.84719378743924,537.1559766706434,92.6178377669184,29.972623074728805
117.69688150334453,539.3620387333732,90.34889751577188,32.848722215870836
123.73257134403846,526.3955750872906,87.12459425039964,35.88759128049689
119.98451916550107,536.1801512041219,87.61754003813847,36.31505159566238
135.3527280946729,535.178768148801,86.87279088096668,38.07511140747612
121.982659997792,531.1346041791838,86.89146101027538,38.752779556671456
123.95512049379968,534.6736510936427,87.47154917353345,38.22232366720695
133.8314169851585,537.4020446222637,87.80849476503457,39.870059315042944
118.92633026024835,527.5731867931224,90.01309265333143,37.75705353777853
117.4157148548895,523.4063751320546,91.17372776092411,35.82108457475802
120.2315383449356,527.6794666921098,90.17477121051942,35.48019320269447
118.8937535697559,525.7496369882957,91.05906573646476,34.32405976364286
116.29195173168068,522.3243724995903,93.33662876320113,31.625058711757045
121.02034002298316,525.4999910995436,92.68930042278367,31.351198831186167
119.32127255534661,520.7201628625724,92.95776616860367,30.39808369868346
117.4283449938763,523.0964269226397,93.08932441654429,30.8764820922207
117.60075087654944,522.5560264879099,92.2058163621355,31.688102663828623
120.52440801697482,525.7847094648544,90.92544238890193,32.45307252536934
117.6571150459614,521.2083698793467,89.85349451745219,31.619713488376842
120.70241517548448,524.9075782809208,90.02705441465605,30.9016555719474
118.04193967248071,527.6632809871644,89.31847966382765,31.624487830358703
117.29425393498327,530.8831338515716,91.26854779409595,29.762937619122358
119.30762583237153,537.8759400463266,89.48907267607726,31.366161899534234
118.98673422199502,536.4516296121434,90.57360492026775,31.427642875322533
120.87416722742435,534.836334197347,89.1327690607763,31.969223084798273
117.28205101095014,531.7422165148329,89.6584779341544,31.467074538693616
118.75750926407733,532.6380621625156,86.9350394552438,33.18189874625795
123.53835924273204,528.9263903644407,88.04448207605935,31.68107852404817
118.4929448344667,532.6300378892155,88.94433188868379,30.06768301063151
119.53200842408084,529.0306012361557,89.71116015379144,29.458374554055794
119.48737063811502,526.4297675650621,90.31290215638714,28.987632838625775
119.35500748059772,526.9850757366255,91.99381194310145,27.670961807998903
119.57448925693532,527.7000109244963,91.4263999040981,28.40036267249183
120.41344116191142,525.5980149553199,91.80548767129434,28.646239986821147
119.98967181693605,526.2228160929357,91.43680932022946,28.978913102214598
117.60511009070257,528.3146819763851,91.79756180101673,28.581329406604723
120.41125911812851,522.1670699279415,90.59393989362579,28.41314407966384
120.01390851623248,526.3895384481292,90.14286778198819,28.400992073468135
119.63412868981891,520.8082105293056,90.15349555004968,28.369250938459057
116.24772661079437,530.3369006191343,89.68623317977844,28.97620791700479
119.18865809103633,528.171482328532,89.24809580523203,29.223990909342366
139.74936169076958,527.9898737039193,85.84244788310929,29.46980703552064
117.80739176480819,530.5853101956892,85.29744791569614,29.047946503152904
123.61711450874678,533.8417119306188,86.129433702233,29.79988302352811
143.48205890565686,559.3745855458295,84.82041282833472,33.18475835170024
122.82072911116416,538.1335519859462,88.74411611849199,32.697907624787426
119.30797028301987,529.9948242956626,87.75750303747589,32.77300094480753
118.41541399305237,523.8902229062279,89.32623072971556,31.12305760551285
120.46349577722711,528.1022606255983,88.80849733714736,30.95946495485816
114.78557000374273,524.4389727276426,91.1128352122411,29.829711405066288
116.79132164232138,520.0931029065842,90.73359511867757,30.205426266909612
131.68660604723513,526.6828701111667,90.69635272486568,30.032361584307264
118.99176092916841,533.0423198242165,89.87693651568661,30.950272460941875
135.88459220822307,525.51138741688,87.53118484624918,29.894415717997916
119.0883979540043,522.2189004400985,88.54315953632735,29.34413576531082
120.51520695741162,530.233349185662,90.14431447873145,28.62497643336361
116.6514374054376,533.0055139643388,92.35708307486696,28.39372670999424
116.73020522534765,527.6077315482768,93.56642975926563,28.758230751102637
114.41853598126411,522.4728578908631,94.91976397497177,27.86245072217997
119.4556462345424,523.8079654574162,92.69628199380583,28.782537102745636
102.1713631138208,510.6012619478277,89.12745809853027,30.854238799657033
106.85601255328048,520.5252553386466,87.89146000086092,30.078426090284854
104.42916044806942,511.57463698004267,84.83427553940803,32.39927950671151
103.4763655325784,513.4426758824357,83.88233668386663,32.707497966573975
120.69764581069893,523.8176782471218,84.91093701629744,31.374271801654935
117.47859315378628,527.4753749083482,84.4586919883259,30.9142404176786
117.43678540337376,530.2761851810576,88.17098485731499,29.494565673040984
135.81448980597392,533.3839845007308,89.15663440172403,29.005727897952543
140.0605142979379,524.9357299156612,85.89273483185852,30.218032966529083
119.94035181013082,528.2398713331654,85.14436657016805,30.965310434255166
120.33997729144185,524.1459089234809,83.97901148156942,31.743292626670996
119.70026868949047,527.0821414865067,83.55292331437843,31.683800523080357
119.73070530398515,524.6299110975001,84.69236746820158,29.719471628241976
120.28384126426374,526.9602645495404,82.86032650467563,32.05235603275518
108.0751305758969,515.0924222555756,81.29714180230776,33.52371261775508
105.30657263667914,511.77899376414763,79.92845018562609,35.211955709009416
106.11980125180659,508.3758109775379,79.24909073369149,36.25170446093973
107.45336529167952,518.6316957239961,79.20294959242221,35.43597988989835
110.12819681262462,520.5426139236164,78.2227476101023,36.57755291448608
106.41891062031945,514.2685811142217,77.45856547811111,36.534615115306764
106.09994366779338,509.784845009106,76.43884557456948,36.43424674936608
122.96052904786359,521.0391572592862,80.47789820310095,34.467339778302744
123.03640163768029,523.5314565749841,80.21654914163163,35.67246893010987
123.28739393917851,519.603453528835,81.58146212164299,34.116014695259835
129.14193885373794,559.2374540264473,76.09382309818817,36.08391457894136
130.53262263648918,555.6472524424627,70.16694772018569,37.98418163851214
134.92496547054242,557.7589313596384,65.7498157630167,38.948903638145104
135.1341644003804,553.5781589659432,62.54868780080172,40.603020447019865
135.10865858770066,554.0473778731983,60.270719933973695,41.0579542145409
138.21803268405986,552.6939634399998,57.03930694633341,42.05856054675823
137.40417614005753,554.6923664333212,53.10038490250216,41.90138468706846
142.13630400730733,557.9951351239982,49.550252703158755,41.16231764262844
143.28017993001296,555.9362631173275,46.21757898274753,40.73811524483725
142.71799012885432,556.7390174177765,44.283380093853836,40.56897749354849
144.34944529686788,559.1241019928542,43.038826081068905,39.865565545541486
145.13424840014363,557.4587466206558,41.62981862940021,39.162127120016535
144.3533928898899,559.029632130485,41.28184642236861,39.20311061695983
146.45118496745866,562.3495519816836,40.628773253559245,38.43654667139855
147.81926409099268,563.1711093238823,40.59110133461622,37.92735837860256
144.82392507995323,561.0565225624106,40.44029986450763,37.979728312678816
145.7419689843279,558.0940120260816,38.92484499032855,38.28119897029774
