608.0,344.0,17,8
607.2551347167808,342.53668212890625,16.64797565310821,10
604.867035996947,343.0533618927002,16.15867397778559,10
603.0079612464697,343.47212409973145,15.885154777568566,10
601.2070752809548,343.877986907959,15.84942976035613,10
599.2682171525104,344.1342945098877,15.644946920565161,10
599.6048307324871,343.6428737640381,15.749666232779608,10
600.9490269366571,344.3345756530762,15.772260915504113,10
602.8205198137123,343.753942489624,15.687817794450524,10
604.1527720237603,344.28367805480957,15.48842415316296,10
605.2086470322193,344.6449222564697,15.391108950698122,10
606.02297734953,344.22178077697754,15.436280255774001,10
606.9114365614811,344.9246120452881,15.667582504479292,10
607.895845524245,345.16002464294434,16.00845696176382,10
609.001796325937,344.170597076416,16.285057860821304,10
609.1570445890907,344.099178314209,16.21764910306855,10
610.2710068991994,343.5901908874512,16.07383092816372,10
611.224249209155,342.39292907714844,16.133921930811113,10
611.087082734148,342.155704498291,16.407282133022303,10
611.54309193992,340.4931233817,16.47183385087273,10.103326143094183
612.3537840608651,339.2729213269715,16.55408959311356,10.02951669053933
612.5272349558368,337.5594718382116,16.724521787545296,10.058859363127517
612.7488976749415,336.7254566034733,16.932334654999828,10.098674042809298
612.0606929679028,335.27275556821843,16.838246937729526,10.095728029822924
611.7475768758625,334.01658492632674,16.685910853987902,10.057600868782062
611.3317525687767,332.22062240145857,16.55472987831577,10.022088326965658
611.1464750550501,331.00899709227826,16.635917229987676,10.060046892103633
610.6543022149228,329.10296026625844,16.921376038904363,10.191311523147196
610.5512757483646,329.03481164343356,16.71412941147395,10.225512211179758
609.9592176422619,328.0058826744987,16.798235705466467,10.140540254029874
609.5965802443754,327.3055657046126,16.85912756666903,10.008608123245448
608.910974202839,326.865478515625,16.83236754280834,10
608.8077543576767,327.83770751953125,16.846988995828276,10
608.6199960258531,327.7711868286133,16.962083906545807,10
609.0778894883942,327.999942779541,17.18208876002793,10
610.3079222747618,327.76462173461914,17.209686456335703,10
611.2548041453772,327.8370010503889,17.303799607194847,10.00745541875342
613.0007854220538,327.90708842200644,17.27682194764049,10.082826329815266
613.8863468809783,327.85433918569936,17.3155134829164,10.187474124939179
614.8140510596862,327.75131305591293,17.244151298596385,10.185880968252215
617.5656942918891,327.9104080578305,17.32341106832129,10.113834305481502
618.4422018863014,327.26986268845786,17.351493291606154,10.229355738806955
619.528503245233,327.1582156211707,17.419750559094506,10.19866732943596
620.3970766073762,326.9423793580536,17.563920973480062,10.1426384396546
622.4210746531959,326.588197044786,17.371218155766396,10.139878646023721
624.106628533792,326.3520067134698,17.355903393841878,10.364765564759661
625.4102294734134,326.86394558482687,17.601938666698544,10.207884587182193
626.4468151522108,327.17327249044183,17.459633550558852,10.106572389721855
627.9774950219223,326.04053977060454,17.32288776377257,10.151403368947172
628.884855662378,325.84964238989926,17.252658060009683,10.27252079271129
630.6282794206188,325.25617877184857,17.21663146637966,10.517496277103614
631.944881081231,324.9739971984561,17.158158064588946,10.643401934874825
634.216287960582,324.9242349302618,17.1803238591095,10.613982074290886
635.9965855922827,324.59090056964243,17.4347882575733,10.639125526974878
637.3650392019856,324.2894205704664,17.55051546809918,10.718644210629702
639.2564464625243,324.0671870706551,17.51612929174833,10.837881565476916
640.4179331225816,324.7469198548737,17.535761562454002,10.971450359832707
641.707834588735,324.88664657061605,17.983874584737034,10.771083232058917
643.5714129190094,323.90370267589407,17.881206754754693,10.856420636981404
644.5945020334472,323.6812266385947,17.834189292480627,10.850494568269646
645.4898642617967,323.2381511250857,17.902324851650654,10.98383416340276
646.1030252729701,323.47232756876264,17.94953951143298,11.221890730394678
646.933784152754,322.77375606520656,17.945648857577844,11.526073379840758
647.9881223102858,322.80230065669946,17.8648961264987,11.133603642655753
649.7744834619974,323.3789161944129,17.83386464949152,10.759562630705386
650.3280947933587,323.39947629110463,17.757235858839216,10.668221947820008
651.2757860641972,322.7580815672297,17.7964999236075,10.77196095001329
651.7172070820062,322.6272232948368,17.853263600880258,10.738145268236503
653.8714349139063,323.6983932145349,17.996288802558425,10.78821112952397
655.1528011022491,322.6321714571518,17.768612730804502,10.771820415774567
656.4999599690927,323.43238285543265,17.668224287888727,10.778247289622971
657.4106427484028,323.9951041118504,17.681461085225692,10.752490445732729
657.7308915478103,325.0158909301424,18.08484013435988,10.749071411199587
657.6571369686262,325.162689402527,18.11482609936855,10.659862131225303
657.4567061137722,325.9215695586609,18.384973392572803,10.525917584338341
656.9881051304436,324.86030097518324,18.259637212257324,10.718015755932399
655.9688239557554,325.2320137319994,18.271279243030207,10.707370698842947
654.6266449057962,326.2200885392613,18.220678694267097,10.446183089934362
653.9034545205415,326.27163505862256,18.207113786065413,10.416503900088905
651.685852900096,326.4426549974919,18.555494517190617,10.382577120494753
650.420441778072,327.054285835467,18.585931476814835,10.283872939661698
648.9502321896979,326.00073556954146,18.567221320067077,10.61503353010655
647.071764588514,327.05570985982814,18.584814786595054,10.659885364572247
645.6386710951306,327.112020058257,18.727899203781817,10.73292246893529
642.6234000745919,327.25936382614,19.0060799472518,10.822207101138007
640.548584315864,326.9969948545165,19.38977365953184,10.844236609326341
639.9961299391932,327.29695533835763,19.648460489045082,10.930499571087479
638.3428653487664,327.24213404469117,19.640692947486716,10.927944282443816
636.4504753611179,326.6785908011615,19.598995872002348,10.885719246065769
634.8972549227907,327.1051131772982,19.405712169799394,10.873197259905528
632.0794628890684,325.98754552594806,19.689237826599648,10.998888898055078
631.6233183413043,326.4909724820677,19.70614880933477,11.034671857153636
629.3483681407213,325.7131850553537,19.73179917998325,11.1857934329938
627.380571335058,326.7022539831929,19.877670348682763,11.023871092452087
626.2522701194888,326.2166614996309,19.777148451207964,11.151294615484275
624.4306509620924,327.4551037381506,19.94292781214324,11.124491010026862
623.5866328301033,326.1199533005487,20.05825213154144,11.548038192603775
621.9735173570239,328.4020335607711,20.17139637726088,11.61298991581135
619.3522751803877,328.26711380353333,20.545812035464916,11.733838799183276
618.3127386429491,329.3399162208242,20.883163003408576,11.725402848878963
616.6825632858956,329.19156381790896,21.114529647691043,11.890744739670353
614.8179384495382,329.0577259166013,20.88783144442944,12.004962900684106
612.6215966201305,328.87290128839095,20.922627835178396,12.050858800171264
610.0753303571538,329.9773227147863,21.23169020732328,11.994336809196975
607.9354983318274,328.912136480569,21.535173227702558,12.200621753217394
606.2772720645763,328.88468650846727,21.398279509763384,12.118757171053792
604.5884478353804,328.96123696167047,21.45553535951266,12.167201979979357
601.7419340957638,328.8128836283524,21.62629645080652,12.263774369271843
601.2405421766673,329.8242950805756,21.945967190854752,12.275703356915226
599.8581052964544,329.0859227777612,22.238993417101085,12.459082484028366
600.648867543964,328.9721806161576,22.479513294640256,12.706998325790352
599.9757075959968,329.69046817400584,22.641613830223072,12.731551444957052
600.5085437369547,329.92041420751747,22.85382698531897,12.648414138675953
600.4778238268226,329.8192009902709,22.898138814860594,12.953524594165273
601.2066816807188,329.36099502829666,23.07039747230263,13.119730524461323
601.0968665917246,329.44933133148777,23.162517579490306,13.347965144641694
601.4324518065038,329.57100360270846,23.257559613310878,13.527388241360454
601.1713187493626,329.6218077519841,23.29467252935083,13.523390416441996
602.1061970624535,329.81508737303875,23.470081918794207,13.35452068849283
601.5818189946928,329.406038348802,23.6252375904484,13.462802757962478
601.8057825951587,329.4078925737265,23.97681753062995,13.578372262215009
600.8020233107835,329.5250578399873,24.106604776138067,13.641588116412093
601.7399843941729,328.896963704075,24.196190116683596,13.685190939017918
603.1340103910185,329.79351526205926,24.130763855414134,13.549405938283774
603.0138371129942,329.75423952328066,24.15281817513451,13.461003375313698
604.0994622395217,329.45796540592363,24.440407338583533,13.465813572918359
605.0820631524628,329.3271693429481,24.841317268072594,13.452724607560922
604.9123012892604,330.19337305224013,24.92914726889116,13.526095692394737
606.2873502981962,329.2373536874972,25.175799128949397,14.078004111821976
606.3031870671797,329.6426973984891,25.56151450699811,14.303846230853912
606.0482432380901,329.7311275741436,25.595755192521075,14.45378336489632
607.3984890002347,330.1854219092015,25.627822872333365,14.366582939409454
606.9564200022605,329.7209632703181,25.73085582677769,14.594541965223184
607.1671212582967,329.96654396968654,25.93724567310391,14.770082836994089
607.0424816818708,329.77105741730634,26.101174789334735,14.846045870953741
607.4426807749617,329.54867078058453,26.54323113196135,15.090013480334804
608.4537675053748,330.0303887468372,27.013649529045402,15.217275790017023
608.6924114401686,330.6917890966808,27.536712611606234,15.243413078611022
608.85051375046,331.4335185787688,27.855395686335786,15.58044971990376
608.6644858339702,331.4017825416643,28.290416912381986,15.848359049972101
609.5807584544336,331.2712479344465,28.76101803375973,15.930549480228189
610.1689320292259,330.5465358735636,29.231597764057966,16.193564605411936
609.8519520743577,331.1838309442693,29.557330134731995,16.52900559193013
611.6471384399671,331.70816435246655,29.72289307245846,16.43783541860202
611.6008606830737,331.9470295217418,29.644344155092767,16.571204323215667
613.3362524068365,332.3008721962146,30.089377968309446,16.82625701137941
613.4934271497568,332.6836100846276,30.4693110142071,16.870046371272107
614.3879676212732,332.66140706050203,30.595345427619556,17.191750393156077
615.9173197501248,332.9039929069763,31.078358699213283,17.342748133801287
616.9738196374424,332.55770755688536,31.32168216676569,17.478502732908936
618.2033737009986,332.7503442261363,31.26757281895018,17.447431664914944
619.4371282166016,332.96160712720365,31.26512879018535,17.43305558201843
620.1631033127254,334.21808591473655,31.308097421179987,17.2036063077339
621.0923571754271,334.065884730001,31.81961533054238,17.498014170369075
621.7357434261228,334.92646455750764,32.52593059770559,17.47880458859799
622.4821851076478,335.82754576060563,33.493397271276734,17.550566437773146
620.7336527468133,336.51692529003884,34.60179774734014,17.644387334961362
622.4723440269574,337.01730350857594,35.24368551175901,17.7379683612661
623.532469443541,336.7940013987882,35.30311454919736,18.535280588653997
625.2288023380099,335.727167991298,35.5063655083064,18.824197952950882
627.8513633316302,336.7260331780946,35.285665212960225,18.708295887463112
629.4629069621996,336.34798974813276,35.23446821061071,18.86851940510163
630.8099304851875,337.438001766891,34.69444338143161,18.982478827057854
632.857268638569,336.8305362892218,34.05205284127009,19.27994457243527
634.260045423597,337.2329772322331,33.71762964230797,19.58472760340493
636.1951514087164,336.34969344754404,33.56934912958884,19.602935492607273
638.3803194859047,336.20310899205776,33.148529271598804,19.878121920669617
639.6245573291266,336.81435945083626,33.212902401073016,20.48940701385478
640.2171468498223,337.7234687363497,33.572637605287206,20.251426785113104
641.1102598806737,339.59798469263797,34.43944193909216,20.28844376169674
641.4968830037873,340.3610092822799,35.95482331737656,20.354038869522263
641.9617827548195,340.19882592913274,35.3109353753707,20.61602001673454
641.131307693947,341.93149725793734,35.39145641996733,20.093403494379217
641.8227982193511,343.2093447761354,35.45857149953037,19.859829124486968
640.2278055609125,344.413779660401,35.77420531494241,19.993020208006584
642.9561313355368,344.45133674582223,36.66998601667036,20.086736908746133
641.5952491061433,343.52755521669263,35.81356444030112,21.22417118282571
641.1385148978256,343.37135431865215,35.88646431445612,21.93502573769565
639.2167103976653,344.4051937620022,35.642060619464246,22.601920215253312
637.2819035960908,344.0639472555414,35.1987622353085,23.500141987940665
636.4119438828669,346.4470728552188,35.19108492103376,24.117130534679625
637.7524502336722,347.92038595789273,35.7076353908098,24.020724055894174
632.8082768492202,348.9453658785424,35.566525067428714,24.39659887035652
631.155955926143,348.60782161600906,35.504009931161264,24.808778459876454
628.737733984774,350.4258184886291,34.88394136272739,24.660486130652018
627.0370922093123,351.4697845015979,33.92583465486172,24.739325039772943
624.3603465147257,352.9211130895491,33.1458574161051,25.14838966562828
622.6417271505143,355.3222315924688,32.78093397411786,25.215331431761523
619.4464449087109,357.74217252301577,32.146718184287195,24.991050156605183
616.6982875041984,359.1476674239372,31.3985719337417,25.062132803492748
613.8494617072588,359.14458500886144,30.930322343539054,25.45635915708176
610.5812239465355,360.8768072632374,30.681458509516897,25.633432287489967
604.9663228319051,358.9882509035836,30.794935360359574,26.55846370796946
601.6753539943608,360.1300306394802,31.1500358772453,28.288614258149025
597.5979774931376,361.30871480038,32.14802008086354,29.9594212903532
592.0339270489311,362.69022398754674,33.81539709232328,31.46514070898852
587.3647782088872,364.447245290553,35.37448945014565,32.4922052807104
582.7029516954887,366.54013764196895,36.95682472791925,32.93262602221448
578.454948385061,368.77485811206213,38.39262016713378,33.40669704491867
574.8417590085168,373.3310272310395,40.218730365534924,33.77455289876079
570.3800555091526,375.250647698808,42.0255754746147,34.67421882357545
566.0137820913827,376.88612464712406,44.64268957089669,36.27530472186518
560.0330928665271,379.20430586827666,46.36944887998279,37.37121156666933
554.8430353196666,386.86183266943806,48.25641516999292,36.656576055166795
549.0854120407979,389.73939436932136,50.019601791206966,36.452005023564354
541.2030700951575,392.5966342014958,52.17433084850344,36.83980502230135
533.1049435685206,396.5963626784969,55.00989664591782,36.86669999701009
524.4239897633389,402.0537539845808,58.189156551203084,36.7338082539829
515.1387619317646,406.1387993005308,60.91348184325787,36.585873383801655
504.049934645257,410.82278242940714,64.29081292994496,37.85488527546302
492.93258477699965,415.7366345726407,67.97543332075662,38.4645741774725
482.3233228709969,419.4293223097409,71.89644126362144,39.02789865444397
468.34885207781446,422.3670826624474,75.77944962244723,40.982120380671645
457.43201501876655,426.9443679240425,80.95247920929307,42.92621318755944
442.91970085029504,429.71989872962274,86.32801391830634,46.43041891038342
427.2094202179263,436.62488228510784,91.9923953734735,47.974669328710114
413.3226482255043,441.2297148808766,100.06617129191136,48.6928605824851
398.3048366485384,445.335225200798,107.47612305912438,49.359037208267345
381.5964685810376,446.1953958586879,115.50855133279792,50.81429403701871
363.87616147786235,448.60387327099556,123.88962574422649,53.08388706396593
342.2529851516296,443.73532934626263,132.40538757637944,56.44014605600991
319.3061638241445,442.216838185896,141.20604317080276,62.03672920682129
295.1078372739754,453.0730994199713,151.6471909000473,63.119250683983154
267.400371280183,448.4145840084341,163.10249764349146,69.43197852854206
229.7069041400537,448.63019355880715,176.24715287101566,75.50027114654591
193.0503157636443,449.17129455401323,191.74209231914693,83.67197540613367
175.6734556250288,421.1674217663833,203.07436484247168,88.26532278803415
187.56377716681442,409.090800089573,194.1757408018692,84.89860764556099
176.51898662168557,406.6629688554747,180.8324605640019,83.46801523094513
