780.0,310.0,90,91
765.0585084231693,324.8584836267117,88.808184569677,89.23673758056101
750.8239726448867,324.95632602921637,86.5944253156955,86.71906180875479
736.4545313398294,321.8904034269413,84.19484967385695,84.32984988439861
724.5415561375862,316.54361223240494,81.53160330099954,82.3924508281589
713.7582915389876,312.09132913018124,78.4076722931186,80.6052445716688
703.3732964835007,307.75724627410193,75.7508130388581,78.46484705140554
693.4026486565825,303.83893449982577,73.5163274426943,76.18739589292663
683.8895485935943,300.5043352908476,71.0110334280458,74.53380988705479
674.3023935755127,296.79987411960406,68.95786543686522,72.89198149712004
666.2130930181098,293.3982106868844,66.78517870987417,71.19137159498122
659.030620427494,292.58448007453916,64.91098814891816,69.32722515365602
651.4965472210556,289.4583277505953,62.859704019802905,67.6519480144344
644.8902290049284,287.27581527553457,61.32868810830724,65.93701690986836
636.7838203684731,285.55924740757956,59.80723719274135,64.38809698171586
629.9022839788837,282.60084464585196,58.29777274047468,63.12390274931174
624.931165462466,281.0311989025622,56.81782959752901,61.982493552297484
620.0513575941148,279.1018148634107,55.2963784397001,60.77696109349103
615.4971460412186,277.92633415113295,54.36590689217233,59.77393387058566
611.0506199980142,275.62149140239507,53.42094628326842,58.715116560444294
606.4539762027844,273.8049478490841,52.14581956708763,57.85520745124592
603.7967841415818,272.15686264411755,51.049070876992516,57.099330131686784
599.5211062551747,269.84309773467584,50.23563477968973,55.969871425179626
595.1791884849087,268.6132884020047,49.11951304483104,55.30093479267036
592.1414055809807,267.1829483101066,48.099665644679234,54.51381834560705
588.301950578157,265.639001116272,47.39323019134233,53.35607674694818
585.5362332289694,263.9401455614832,46.65548459186594,52.57384095711183
580.7651575608128,263.48117528581855,45.8513377104057,51.620886122698806
577.2940565173467,261.6184666130917,45.230643068822324,50.75381994764473
574.0108717734665,260.66610041557783,44.79682945111392,49.94669931532877
569.6069835999967,259.94345533885416,44.36226571016268,49.061606167994746
566.3850131535315,259.5028945103551,43.44667901520256,48.42679764921168
563.1279336561223,258.68814410939274,42.80895202369294,47.72892113180041
559.9465618006371,257.5117208740096,42.3958473459914,47.00306276858231
556.529327165207,257.0543262926608,41.73020980532821,46.37254858655341
553.9037915620629,257.386456472562,41.05847522548366,45.77377894940725
551.0260602168604,256.8417603581613,40.77107597741199,45.16280801902899
548.3876368608438,256.61606684429734,40.41739900780463,44.882169900272544
545.6199079072537,256.3357481464995,40.26296128510193,44.48098478610256
543.8341128019194,256.67946440716537,40.3747584049502,43.91116701086454
541.6747093440496,256.09180754231033,39.916908216197825,43.4984070101059
539.6995392759078,256.5751540761023,39.52362042279387,43.05704353236575
538.0779817766121,256.5793206432318,39.24587665673672,42.7967114967395
536.2616944055577,257.2547579888357,38.89645676993938,42.35773255748484
534.5939063996267,257.97983553938025,38.335899358949845,41.73434442416919
532.7950280888816,257.70738632738403,38.39685178122114,41.47272429347417
531.2860534883839,258.74159205310315,38.303701739052485,40.893112890863996
529.8107389153621,260.917049452624,37.90556074349463,40.049858003931746
528.0666067348302,262.1353249087682,37.29803042682391,39.43345174496363
526.269617542431,264.4387674432022,37.060420066505344,38.73167226691585
524.4003917618363,266.5329833633373,36.80459367359303,38.14385688172388
523.0779197698714,267.8737292398308,36.400541685843066,37.7289209148696
522.3597099219509,269.1530757496615,36.164353959809105,37.42767418427069
521.0111145283449,271.48695586794855,36.05488886323195,37.16741516839977
519.2001618728366,273.1866379858178,35.30820286565503,36.905380034223754
518.4129114696833,274.7038242834082,35.079328427820826,36.6344199146289
518.9962035890206,275.5955098174041,34.92029728973227,36.26209010640275
519.3830505925075,276.2691634987982,34.364956554242895,36.040820341270724
519.1720790916444,277.84952547444243,34.470966328430045,35.503799392911986
519.3579369604502,278.0062806479547,34.23966196777144,35.23736241014527
520.755872039596,278.157803474747,33.44228118936263,34.89937412960756
521.339380339218,278.84158292170326,33.083309023712374,34.45991582163253
521.0176748916057,279.56473040408457,33.34726435253075,34.001734260190204
520.6752917611814,280.11849222246167,33.47227719541078,33.5481412874985
521.0552860556983,281.70217203154766,33.08382486125972,33.216291923232816
520.1057897849535,282.9353857603732,32.64425539103067,32.98968685327704
520.4556054586822,284.03803320617396,32.510206318963895,32.68063219605046
520.3138158000531,285.5430115630167,32.25130516747185,32.32205792865409
519.7068409119257,286.3005557547933,32.04846112048438,32.11422052166334
519.5697183643555,287.7374007865022,31.964994423632874,31.888739076409742
519.6192610935904,288.59814618563524,31.773112639479496,31.690014391424793
519.3189435104154,289.1380056977176,31.291693667645895,31.607113909740683
520.2073630873764,290.2426581992856,31.081390463430846,31.61147772984683
521.0252827969193,289.93995632980443,30.98983967959886,31.74601812652395
523.0085718755099,291.7595547903461,30.816520189409765,31.547357704464083
525.4308172924977,292.39934890560994,30.631773618129387,31.327240604307494
528.3208038246404,293.7056962702467,30.519464128062864,31.184104590854272
531.8137949251312,294.77427743615715,30.176273675128233,30.989012266357584
536.3165521451067,297.37560735353793,29.894880328927186,30.52603749018976
543.0090409284105,298.6660050295513,29.704635428335266,30.192838878885713
550.3538967508821,300.89835104032113,28.965912552923335,29.698705023849904
556.0543015361876,302.389442375906,28.600976395398163,29.325798170551227
562.2935545408181,304.1021794266678,29.372088916410526,29.14163418865651
566.4260957195917,306.4983885498219,29.72534609743774,28.890140014613998
568.3027463626264,308.9744302189892,29.168043956876136,28.726081578623152
572.3550800607135,310.7287865188106,28.74703134585822,28.49804677439058
574.675529424419,312.66507956315684,28.53875743534163,28.163897575346454
575.3360140359509,315.5396046211603,28.7457117962622,27.80366429283565
577.1484426238475,317.57611620649385,28.834187750352008,27.8480575040045
579.5095657740983,320.0753192852858,28.198870771139248,27.6758995153659
581.5564668051251,322.5263810219227,27.40868046445688,27.74981974326395
583.1090930209527,324.08319851551795,26.802390435145263,27.470024172577347
581.8449346563542,325.95224093267905,26.38245734744778,27.348737739134037
582.0772207321813,327.6248102275238,26.082458865227217,27.20127676174923
582.2189520678579,329.1100287211225,25.932777626979572,27.312016532364375
582.4600755380965,331.3865071680398,25.719360032205397,26.949268073588325
582.0664327496256,333.7133971227863,25.623741556412746,26.596353337435147
582.0260181311146,335.2404499354183,25.658702873512933,26.20891183570636
582.2537936478452,336.0125532790559,25.579670089563585,25.979562631341363
581.2839874134952,335.8839888364492,25.486125209630654,25.872090381300843
582.0627643046518,337.0972838643656,25.503911698313686,25.708523701932883
581.155496857281,337.7041444854521,25.48182244754726,25.463552459759825
581.6335699300901,338.26756292070974,24.849528840991773,25.30602253504535
581.5668506933885,338.759692160543,24.951335844668442,25.04608351338659
580.7355823368425,339.2464435680178,24.631488829732955,24.809900644726124
581.1791092445297,339.1335343621125,24.514935197463902,24.670675416399988
580.9891450021172,340.23193950998103,24.466511326331954,24.493564217342644
580.5152531608944,339.74672911114277,24.17055874168769,24.09586672888632
580.8829901069628,339.3808531628065,23.774234324648567,23.75504019538317
580.2708457708835,338.40624949190993,23.639605760479053,23.634156289617607
580.2417252268114,339.3427080590028,23.770867783682018,23.805298908849874
579.7487068282808,338.43284688409534,23.584815957696353,23.64897755749292
578.9485228970091,339.3583755579412,23.594317731372403,23.675224286949614
579.1602074378195,340.1052269120885,23.098545695650085,23.435321017131585
579.0661149074199,339.86288424783584,23.2877378365273,23.31268365276588
578.0335991077469,339.53163195693725,22.730332912435873,23.329237917180222
577.1667030276546,339.7897493809604,22.73686066832346,23.228721147747095
575.1550626027813,338.3020984392775,22.376329567386573,23.364156392929456
574.1536272573367,338.3540900433874,22.400814332982954,23.251658780412786
573.0476981672412,337.5446124907381,22.343003934072442,23.10978777487147
572.3678554813046,336.2556130117069,22.202857152625313,22.874981557152687
571.8478790117758,335.83799467471295,22.00880130262022,22.61607913201938
571.2224541647262,335.45156065284635,21.807769588028087,22.295868562471327
570.3391750200883,334.6081326702628,21.957750728866344,22.115430216115026
568.514501863107,334.2507576115572,22.67218340757523,21.989413426787937
566.3780778595981,334.7166100674561,23.717133770549907,21.91385628110347
565.6301821360887,334.8410641434997,24.115841172158497,21.722206734973295
565.7761426564699,334.7237185787581,24.09623611040002,21.716968665237722
565.8710222900914,334.5331156361575,23.76526437977798,22.09011028041938
564.9403065387163,333.89742866330965,23.661768209188537,22.01303451908386
566.3024675377751,333.55581067752297,22.975677107066986,22.162342573176716
565.3724529418654,332.77494039854093,22.242642944394255,22.01052111942198
565.700622166231,332.5704927743888,21.817658255428526,21.88268846245287
565.8888005261887,333.18069373976886,21.406198691274987,21.712594759231873
565.6573980967493,333.57896080271297,21.292656199079595,21.843810267132618
567.2233216993883,332.99541831845755,21.32106442593053,21.523178560838833
569.0601707832442,333.83240715360665,21.564831468179488,21.53643386173199
569.0922299914486,333.79352023437417,22.481258095716143,21.07979150146647
570.3630406087077,334.51716838899165,22.44790712486973,20.841716078462007
570.7052024814082,334.87662970743264,22.695063787183628,20.507055526540945
572.8115991333706,334.8417763478802,21.572503332379895,20.39577011918091
573.9220468501974,334.68327520650837,20.746818164839528,20.239666017647288
574.8260968643818,335.9780545137835,20.276456173580105,20.189284344015036
576.080860358681,335.9376153413935,19.997260605880154,19.987157928052884
577.2109138660329,336.5716120237644,20.26992184068811,19.841868115557226
578.9387500340858,337.1751089256121,20.12434624530492,19.710565535006268
579.1362462369985,335.83333013564584,19.997458392702107,19.757885016794216
581.2430803272748,337.0113582132542,19.6976543478918,19.770191288335297
583.0974257768888,337.1254581628586,19.645724618097397,19.732054865689047
584.4448932465251,337.4891199182437,19.46292804552399,19.765740571227425
586.5117645411274,338.66705567873026,19.501136750264855,19.677485322226925
588.3831362059324,337.9213685279721,19.633210315186144,19.610357426477705
589.8912935125026,338.41605452377536,19.36270716444804,19.529394553523485
591.4689468582053,338.70374527596454,19.066142233296354,19.206088244457654
593.1819556067898,339.2860907977848,19.503695903119773,19.453239547008508
594.5850460577591,338.9698470042483,19.562451829794245,19.321216025683082
595.9661812748999,339.7592397018887,19.46177960107918,19.352835598664008
597.8191995686796,339.68129886373714,19.432302461762077,19.16524956256479
599.0102073767438,340.04885127718234,19.15551145500862,19.098723837236875
600.0392652633606,340.7123230543336,19.117651724255328,18.966009408911013
601.274130769943,341.99189347653714,18.954698665192268,18.749802219289048
603.4945637596629,342.03275321932324,19.049614546103932,18.604835053052707
604.7921265659612,342.17185447434025,19.049436748448628,18.49148850005
606.0065433059776,343.14599832743073,18.812703793318164,18.33493358195498
608.3037959069372,344.0643282298276,18.73122959725837,18.246709751282296
609.4391116460154,343.929549783843,18.807651646934055,18.16079026385691
611.3180315628314,343.76541416896464,18.814689132637916,18.087038178183963
613.1103301860007,344.730537721637,18.881726102607995,18.155684810632284
613.5778163928586,344.1286597039708,18.689269252856906,18.10757164430442
615.1019952123709,344.05064842063354,18.34397557867632,18.211195529338355
614.9014963135671,343.76232521396264,18.327012255678262,18.20570388115675
615.4382159748915,344.5372011816487,18.445658199142816,18.325644938948727
615.9175370732983,343.943914025054,18.45532349744638,18.228497328309935
615.4797786701273,343.37055979545937,18.60029525984311,18.098190101464077
616.8434779766328,343.74470965042866,18.257097696636635,17.891127268966947
616.4850288020174,343.7820894982265,18.417347791473027,17.914954609503987
616.6479056586691,344.10101486581897,18.610591270552597,17.807995292776123
617.727288255372,344.2034697139278,18.653036099119312,17.644108850953035
617.8990734866851,344.3338820282281,18.689462889911102,17.461516033875807
619.2216054805605,344.48095392726094,18.23886453936725,17.323324689423405
618.6170367811432,344.054531200936,18.266330795623936,17.153220923323254
619.9313221033607,343.8127863804734,18.207675922673126,17.096572319619526
620.8996777302561,344.3188522516555,17.822440193784566,17.042013514267037
621.8634904187637,344.0599641304399,17.8738644993867,16.783025840682743
622.3796788956301,343.6965050435199,17.907802242919306,16.726061873409492
622.6679651995732,343.1366168124593,17.826751180443463,16.716420916097064
623.5219290648748,343.9707255849374,17.582484643687888,16.755585573289245
624.6543020391492,344.31190488808,17.335614366525753,16.789711036828308
624.5131113040622,343.6962281760766,17.499671556914468,16.753768623432723
625.4725108343621,343.91645058279715,17.59439178342423,16.75042708147597
625.9635072839432,344.22634529642744,17.32276417967219,16.650268086344305
626.103694747743,344.26897154789145,17.41289553869373,16.332143574139007
627.0546805412218,344.27360246014183,17.519613832107137,16.14183621741161
627.7297453841101,343.98018346855713,17.379590042326704,16.06725147108886
628.8053985840913,344.2834358668124,17.181629894805496,15.927581696550968
628.745217394842,344.28322137884294,17.326253747913547,15.88457652942347
629.4628976549625,344.1820248631635,17.31144834241875,15.875116533438614
629.7572179663573,344.06411688275796,17.63143046132847,15.7502757559685
629.8047793019658,343.7590684188623,17.676299550365265,15.822660586591786
630.7504940995559,343.19003055306666,17.59729366123978,15.891026540351055
631.5332390258384,343.4354351330611,17.672779760823342,15.769640292959851
632.4244311030724,343.50818208621797,17.740210975007592,15.671738549732016
633.1786875898669,343.2845636555569,17.96606537202412,15.674372444745625
632.9002709076481,342.6193179915514,17.954913201793616,15.464908633596494
633.940654023182,343.1264548375572,17.944261106468083,15.38852404070585
634.8637042170734,342.8370610551746,18.146363233333734,15.600620016115563
636.0852555544874,342.80127080024636,18.358320372958765,15.731572474214278
637.644636923047,342.47561832548627,18.552805316503637,15.883869245023504
638.1165312460673,343.20866303112274,18.871246589896607,16.062112719492795
639.0708254285071,342.2840350719701,19.00333052726326,15.897200852153606
640.0726859855777,342.2352237773997,19.159750404332932,15.823406204966219
641.2210046538967,341.76041089936916,19.547317169257422,15.679579507414036
642.5751144579642,341.9300084315117,19.8777175562395,15.947401960218803
644.3623620716758,342.59933926611455,20.194007546101616,15.983221492184974
646.0072000212842,341.4762758654343,20.30404325577137,15.827195278408785
647.6333017305434,342.2105070000519,20.496656426608453,15.696905921771208
649.0458135812615,342.60031433177056,20.683900791578566,15.952493284701111
651.1909581228136,342.5938981426731,20.88757685740002,16.264329263970183
652.4117382470978,341.96150461511354,21.062616645452792,16.241579697995622
655.189638351413,342.4071543038383,21.442210723931897,16.174743211171027
657.6953887670038,342.46004753443793,21.769111687183745,16.261225121553856
658.9744372162094,341.73103848745683,21.875268023636057,16.217381643250445
661.607016206553,341.8649893281512,21.895556209940864,16.19156827973279
662.7037137523523,341.88590231049625,22.57861070330324,15.735382268655988
663.5684521684384,341.6804193240356,23.880429647498104,15.890198949585079
668.4470643243016,341.90790731056524,23.274450452959456,15.683933608850024
671.4471775092492,341.8952181724155,22.669586937068143,15.605636042864237
674.5575398691327,341.42100159989013,22.570734165543197,15.729018833911114
677.3672749996226,342.1305833886041,22.62358140944611,16.03776815931518
680.855996116474,341.5512652820742,22.73329737886833,15.979859267394568
683.9820268550401,342.1300516452036,22.50271264734171,16.034414226682678
687.4928843049032,341.2809102668625,22.212076849177866,15.83663985445861
691.2091536399869,342.20898618165535,22.154416108698154,15.771747790497946
694.3663184264625,342.07372356836674,22.630247668559488,15.670935126450054
697.6275952334653,342.3200667874388,23.24021663756151,15.630656525220052
700.9777596797302,342.09733753175857,23.996156055578666,15.684109116170408
704.658743975144,342.3867485776439,24.129853968657184,15.657761999985558
708.3825928149355,342.01275648894466,24.135861123058717,15.477195457169229
707.7489345749575,342.4021136033775,24.344614370592705,15.481020595979393
703.5010901878446,341.93582023583207,23.775018415814678,15.285036774429578
693.8490531485196,342.38836619912075,24.149866572833794,15.168412255078845
684.1063085666266,342.54105583868073,23.66805532158074,14.934917131232313
673.0087059982826,342.007122843591,23.5103895171066,14.831838907544538
661.6063348878689,342.1604456244826,24.76242788051214,14.804497850155883
647.3993486068597,341.58165448396346,24.70768858950336,14.684538016936363
634.3287029395264,341.82150148721564,23.397998784033188,14.998667252619505
624.5748956844698,341.89007463566304,22.951149335406093,15.230295369787203
616.397629132815,341.026073166822,22.423320072992873,15.208351713230961
610.6664010553637,341.99162178064336,22.313640302602668,15.036455535392939
606.9097045770566,341.3839996695632,22.419181086365477,14.214338612533737
605.6161978831419,342.93277484756743,22.68455445954612,13.887441027521355
605.8930584076562,343.1541248960486,22.46806790758805,13.853356042863762
607.263622009711,342.8262781819546,22.217991423693338,13.774651582868188
608.870993213299,342.97765581186053,22.355505791419624,13.810534628720342
612.213938668465,342.67912720964523,22.474897473861056,13.66499997524074
616.009347948904,342.3380877861106,22.416725092182396,13.692400477583526
617.790425350019,343.3217162967014,22.487390419346774,13.92874147886279
620.6473411929489,342.8167949702963,22.15244209530335,13.816483301594822
623.388879339737,343.6419693413636,21.905167498504674,13.860470496960218
625.487656760939,343.7253063716115,21.93200840805372,14.043169300234027
627.71940083415,343.74993707585963,22.175688840733407,14.13931652210885
629.9172764428911,343.430042210583,22.43759143184483,13.883560293189456
632.0678230316103,343.92515664169315,22.484474938976785,13.916562937316803
634.5636496124722,343.59539235720985,22.594369018463706,13.888889052670155
635.976674580585,342.75245163457464,22.187729787804557,13.500063466690534
637.3866402334461,343.89530794636005,21.99946657290272,13.76990809409626
639.7283480632586,343.86288882145266,21.985080149117444,13.962729437172808
642.6364635920658,344.4187290778526,22.07298574921813,14.212171055720592
644.1345118572438,343.7392173240944,21.95646685558088,14.097065840092505
646.799598141034,344.7707911134786,22.062184485754116,14.227254748140425
649.0722833036617,344.2198958639568,21.389479565772348,14.324864338980849
652.6196337716012,345.11900081614186,21.0571916547957,14.613888931681068
654.8531458974148,345.07669456128394,20.4119447469184,14.632125708975085
658.4475346576158,346.0674890119629,20.359863088332705,15.060792239746146
661.7867035264978,345.38700836730703,20.53472054099842,14.783318165288303
666.1322173667248,346.0280774266251,21.230251393259238,15.02051293239439
668.6622197289234,346.0534448493132,21.777760096596527,15.282064463971256
671.889646835387,345.8858450330389,22.04742370593503,15.221855466148813
675.0572658090082,346.97009561039954,22.552441495997382,15.7235050682634
678.3097558506647,345.78557806147694,22.498099230067037,15.833842656343002
681.1448045510289,345.6475233308003,22.59767040844023,15.770489837422858
685.18910950135,345.4948104352731,22.280644064926996,15.46705179791085
689.1832087175152,346.4327068151065,21.933452102323226,15.637874638829985
693.9468424799574,346.38833342975124,21.88952960917717,15.70977570641548
699.8358212165715,347.2533738411369,22.27185808565581,15.880497495948863
704.1086052062861,347.5936538237361,21.69986951296486,15.891420074695802
709.8873086466361,347.9601079221475,21.562834641542107,15.489421606876949
713.0434876877766,347.6320450858271,21.623660763362643,14.761239418189591
716.9381325989243,347.6905197548834,20.99707540884094,14.45008384228403
722.5879359608306,348.8462896407734,21.087452815887733,14.639841067574228
727.1382463359972,348.66245875947527,20.541725559206707,14.30211189999472
732.0010530060919,350.02306195889145,20.349025427025182,14.114467207705431
735.5751908467737,349.57833126146124,19.593419423396085,13.993834913600907
739.6462307497837,350.5431463354383,19.57115162909458,14.498057915060938
745.1620002141028,350.1529217131917,18.999283720964222,14.463527606331443
748.358718469083,350.341947393716,18.389820904851582,14.021671618818043
751.6667982316632,350.72093768464146,17.80121875273806,13.447361080912401
756.2536413679222,351.4637077522387,17.261916635493527,13.282255516030446
760.8592280197231,350.65110697257734,17.01434349058299,12.892724714513307
763.852997299528,350.9556802463769,16.655200011539534,13.035348186445392
767.4116444354287,350.9882004954514,16.489062355949283,12.531991343081579
770.0836971968481,352.09202124051023,16.492185837016713,12.457444640561507
771.1436219815844,351.5084574496118,16.115897058559685,12.31131691229983
772.0525689642925,351.4391506415493,15.693884745975588,12.097120622418993
773.6213208039663,353.1092429813711,17.86499389011417,12.963745940334027
770.6839854694914,353.22269004404393,19.211630348859025,13.985440377000051
768.6072310919076,353.2176435366578,19.621360875266912,14.741566106615998
766.1376080830562,352.6888078091663,19.79476064052826,15.573811841384199
762.6939805014509,353.9967813490658,19.880059626981,16.11427497887024
759.5651938124815,353.1569034533618,19.982115426794827,16.5918747033838
757.2864401058956,353.5251030668668,20.024821814575947,17.403151562799636
755.3767576570498,353.7370993944987,20.00898163414255,17.801279574039633
752.7654827048538,353.9393006929271,19.839617170858823,18.106448815561876
750.8384354271237,353.9593681079864,19.626992671143228,18.158469441986163
746.378468910278,352.5713684194746,19.264264266846233,18.392552925455128
740.8849698135789,353.7573331671239,18.788211617959423,18.717057451152698
735.1306258321273,352.330369697518,18.516374373343048,19.139824417219888
729.9139513339127,353.54087409787473,18.373932964498955,19.175953678029845
723.9358492415673,352.7066753493631,18.17870511183602,19.02011716626413
718.362692368433,353.3498489576722,17.990073179393725,18.99477153655995
712.3142926225831,354.47415408368244,18.134674642529045,18.910948577019855
706.4845806359349,354.3327820204217,18.28592371958541,18.92218544035783
700.1322910156708,353.77584200944005,18.685948974517782,18.957414034098385
694.1049008119375,352.9407718747648,18.78568940395721,19.25665128831229
688.8696472336226,354.1628470253192,19.21500545951268,19.121949229390903
682.4874979236266,353.3658633858007,19.55451465079356,18.894307011357515
677.3060400159129,354.42084665327366,19.957614487217057,19.0008703226031
672.8531046063428,356.2063243438742,20.388273209189578,19.200651635737927
668.7609057510676,357.15322805365594,20.723023397766994,19.628743630236997
666.391224828849,356.44852385201426,21.02753264210684,19.631047541332784
662.5544755394751,357.68498327878694,20.772274506987323,20.081888148236693
659.7009261835988,357.02013656481927,21.113421680654,20.780371249023524
653.3984436429363,357.5528178472812,21.29801475270157,21.076115556658372
650.2276395150685,358.0003476754377,21.71037038392544,21.066187736282863
648.4810447515592,357.48823267775623,22.007705723932233,21.3100451120168
648.5837989026248,358.90369909810437,22.459141696703355,21.071046475422136
647.7056446495974,358.464547738786,22.631832038695812,21.244416027554905
645.3535027016109,359.02024510005026,22.224505522071254,21.392970035495125
646.2614152940004,359.1830230538999,22.361599343639867,21.593636356799877
645.6803727713444,359.82085160683374,22.320063478307272,22.19532147505324
645.9686243757787,359.3736491750309,22.114898160063582,22.326527486119822
645.5221028802739,359.3848962479518,22.155501270702224,22.247331680121725
643.844587164143,358.9369138872464,22.298298205893516,22.2192546534857
642.5171161361002,359.1206898676111,22.239327298112244,22.834208491096206
637.9150932274264,359.6454029060199,22.24698487083083,23.301826481661404
634.4964895322983,360.666767123635,22.288949951516873,23.676158898481972
633.0214393910735,361.1019068999583,22.392912233478096,23.907266369761203
631.4299188264042,361.8410379227404,22.09148681008208,24.207782400368796
630.0967947977408,362.0997742312475,21.82582721360036,24.36387850894055
629.0265591608586,362.41195591843297,22.644277002989906,24.285787412401625
617.9609417709587,359.5647428104698,26.268912356520172,21.39075897744911
618.1032439846526,361.71760412192305,29.129945441339334,20.32952793169099
616.8390697536983,361.58678700875197,30.128379047291023,19.427236987134737
618.2749317011865,363.1839229238359,30.895418580049032,19.49694220774818
619.2107504575871,365.8365083008474,31.0451738895133,21.05702108751415
619.7467640486188,365.8677874265082,30.891557962332527,22.14304529468872
620.7969238859033,366.4053204664883,30.406938055830206,24.06765878015814
620.5900274948709,365.1710021485117,30.597563418461224,25.08925867294726
619.2367752488548,364.96917360674405,30.54007560092326,25.761081344861488
617.7278431977485,365.18560953272663,30.209863836436654,26.83647975656821
617.2420034782373,365.2598515160196,29.972688600166112,27.58821856830265
615.7534835834113,365.6195385629139,29.51655425651737,27.81061693545156
614.8729019810387,366.2358204570688,29.69397722688741,28.12998643571581
613.1614867820424,366.3363687949146,29.868188545290277,28.130771168715725
611.0354319953326,366.34309980329755,30.406553001522333,28.057220040621687
612.6085052225948,368.10468094510077,30.39366918127526,28.42973341619495
611.8493368557907,369.0849048639098,30.75394774837948,28.721627802697995
611.7825960151652,369.7433448261649,31.392731858829908,28.96868983375419
610.0006598891463,369.87658510839213,32.24761210647303,29.27257517506138
611.4514448683628,371.92251047303404,31.939921847747073,29.141722980933885
608.7846036198791,370.19864562880974,33.46148581444085,29.765058443308263
609.0137838100925,371.06534134340586,33.32005811223682,30.45079543208471
606.706460458808,369.13014911162156,35.24149039830185,30.94334176088774
598.1569562145299,367.57100657054815,39.166266403947915,29.88035242897204
599.0851391184547,369.44491912362844,40.83265145059072,30.438862772030276
595.9733401823182,365.825953971188,42.58402031895733,30.322575547614175
593.1870521321933,369.0721000254114,43.609492537371054,29.49803856612064
593.4219446284312,371.1300642100726,44.09303090915312,30.34658773586066
606.3440052830638,374.8106960299398,40.872368462192796,31.66582031194664
608.6485898717873,371.7127707935046,39.768005803300326,32.97180872427004
607.6191804728571,377.9402822757553,37.23662989901238,32.841492791018695
606.9673198320849,379.8311992181683,34.57967307997097,32.5804413768958
607.9471503506683,380.0200157924577,33.16911482600732,32.35011657792643
606.1297844673476,380.391079985111,32.33733963464081,32.48576529222917
607.5222232841852,378.27257506276567,32.72374190819209,32.77358690449791
607.1438749680898,377.5076811661611,32.8701327542501,32.98654120161334
605.2786752979324,374.7512563226068,32.5239024558929,34.38136415532342
604.7439991699081,376.3029495057734,32.65296235354321,34.50588306242774
605.3816185581742,375.1774181744424,32.431220891464186,34.006243820792974
604.2883021451819,376.83055857668523,32.82995088541744,33.590526981151
603.9607778808279,374.3922323034332,33.004973169008224,32.74590419806518
602.4951096303474,374.29188601769505,32.59216294145353,32.40359750196337
603.6905239081068,373.39445460053764,32.414072423044146,31.542629952977446
603.0075525188458,372.4189737281313,32.64975091933964,31.430359275915166
602.2120638399617,372.80164600050847,32.728101629158594,31.517843710652972
600.2048601332228,370.57990772173764,32.28633228482394,31.610619889776622
599.8737991299336,368.58716905795353,32.49156799989857,31.250424609923037
598.9406842847462,366.6349947067428,32.535867758632506,31.009883480801513
598.9114346883315,365.50041042700354,33.044653816696396,31.11550833910811
598.3576993364804,363.2935640184447,33.30118763074998,31.480662948217926
595.9451266498163,360.9730418683239,33.80433440788694,31.812464999924494
595.4203361016479,359.92241828760297,33.81213693977065,31.970841067616377
595.3451470243073,358.2652969787448,33.987447955780105,32.29184332888741
596.3729959674646,356.60095702790056,34.31135822376231,32.15940262510709
594.9374167042338,354.03609744941815,34.255774196513,32.30166450668128
594.4975056563451,351.6792235707064,34.309241311821495,32.59727566742498
594.2119686243832,351.7108279919559,34.55824811500317,32.851617484105724
593.6605744846796,348.08389921823493,34.84386720495718,33.351202570610184
591.7740144392209,346.5261192452504,35.24212462497614,33.938091251930786
590.5351155255786,345.47049716587776,35.46342220812015,34.313785483918366
588.2378275785552,343.77786827183934,35.743117731073085,34.702735898948234
587.639357271318,341.4754705857334,35.98296606039141,34.87763014811331
586.873357331584,340.0869627201833,36.16906445060168,34.98290820831501
585.5363987946058,337.91737830600516,36.15764827260479,35.501520396046274
584.618207318115,336.0855976657092,36.40957382812551,35.70910328308361
583.0957534699224,335.1161746840621,36.45809785751847,35.90147402665115
582.5394708166303,333.50787733545627,36.65324373050875,36.60572436351132
580.0641856722331,331.8618990102179,36.861977471451745,37.11386753742554
579.3678874469915,330.2262356182554,37.107708077208265,37.85986473150681
577.5741231104722,329.1417951717717,37.52824456274706,38.41998097603664
577.4093441235261,327.72500382468087,37.56724467531093,38.761452464163675
579.5303315300106,326.54593705063473,37.51174752347492,38.71524336088868
581.7221544048847,325.48932143929864,37.47562069462524,38.71885544293588
583.1905209082091,324.07803916155166,38.065514274890326,38.679649368547075
583.8228166234749,322.5893508717881,38.56569335217131,38.65064777424612
586.279368148898,321.5416756873379,38.95350888042654,39.043361424396494
588.3901183370017,320.9476286315955,40.0647874348833,40.04329940795158
590.2453744818163,318.47043948679135,41.036480345449384,40.78513802470829
592.3081448055439,315.9245826198404,41.6600699470178,39.96112605060243
592.4517923502407,314.6079716576509,42.44662739668668,38.99103071423917
592.9452225175595,313.3013507706247,43.229374605994295,38.641671780283794
595.543727834588,312.16412401442966,43.505569538343444,38.68211650361135
601.833396095537,312.7993154957164,44.34093638558615,39.598104390647194
606.5165338265033,313.80510707290944,45.65898709552859,40.67171105559712
611.8750715208542,313.67161296553513,46.928834924600025,41.82648613558012
616.33256756151,312.7171504950322,47.86659552883547,42.70701447014069
620.249523065959,310.40977438685684,48.8719789535313,42.67201693063204
622.6874984316272,310.5952633661379,50.38225869094471,43.1415693675777
623.3591485662384,309.4390522352825,51.49988066293332,43.642803885147906
625.1285952745723,310.57733540708057,53.170231020679616,44.34794225346584
624.3676490905931,307.989469997167,54.01214597164582,44.40944577837108
626.2271148550562,309.7361419634528,54.92756808041494,44.65084305673702
626.3204594790315,309.2536797473317,56.581012499456676,44.987563143276006
629.2542798020648,310.91753121341094,58.01773891881959,45.04523618768007
632.8751335179855,313.6196395325416,59.0203704762359,45.607389178325
637.5974817531442,314.33829468598736,60.125585504942165,47.08012830991
641.055715178704,317.3229303994566,61.44216613917415,48.1872271222294
643.3331828536348,321.66908036154507,62.511589920171815,49.76189497148998
643.8320707199886,325.91470971286367,63.86522409957364,52.0568911516653
647.4721808871515,333.4708819512245,66.17173472227904,54.941693281388915
645.8910347295155,336.0854337021168,67.54949639790274,57.54207281183084
647.1488179773638,343.0321372352773,69.47767074693247,60.44184811855679
648.8191941278449,346.60009832870014,71.03593577995485,62.432268705148594
650.2203292490024,351.4678356492352,72.20809180717094,64.8149581265784
652.699657279843,357.75317095800386,74.29307588220851,67.40667154224425
657.497891974868,363.1260750508569,76.66984257614283,70.73990388388191
662.0645221498168,368.05275403798237,78.82659077116723,73.75098682759975
666.4846291160057,373.6614078262362,81.10588367472675,76.92448735656085
669.174852288739,376.43107533015905,82.92505280777588,80.68373633309017
670.6661603522624,382.1891718087185,84.96776627057274,85.26028629589302
669.2260426340067,388.0332559137056,87.30860351372476,90.90024308591886
665.1572704148357,391.9778659133812,89.61213305948873,96.28320936586454
662.4455954260812,398.0732299474898,92.6391512498883,101.45429770389738
658.367992133689,403.5632479785922,95.39488273701663,106.94212663192698
653.584865124128,411.3357933354941,97.51210111160724,113.65744241226379
651.1772604079462,418.2699072149808,101.98313329787715,121.19607500485296
646.8909037003967,425.78875928768866,105.81747391024177,128.3561552832653
