671.0,161.0,27,16
672.149843378701,160.21574430790514,26.85951581828158,16.04551638907251
673.0590329712777,160.9203238034138,26.84566391584308,15.938420386336485
673.2991628441181,162.11346244633353,27.029222529537318,15.761440280672772
674.3693022709622,162.27627796615033,27.154911998602888,15.76216422150792
675.8059996025593,161.30750563223788,27.08600647115088,15.96080965837583
676.7459311421575,162.1837116102613,27.165936482774825,15.787186459653167
677.139498437003,161.96557022985772,27.315920423357262,15.88956876880021
678.3113739228527,162.37587669877374,26.958009295407876,15.985352925694706
679.3580549248985,162.3592553908032,26.723640821589758,16.236224020639664
680.5709173227257,162.70813116567342,26.66010627251739,16.518201169629744
680.5592117694987,162.9770606069953,26.86146537701818,16.584628480833594
681.4817876274424,163.86287375279898,27.23929034570117,16.259451469011445
682.6672073244893,163.57718442355502,27.629185509713004,16.251888782284457
683.016092701779,163.78683368269,28.061335714605953,16.416269463233256
684.2030991291912,163.3195399653367,28.03644395353178,16.556072352041443
684.824226439646,164.0780858159994,27.923248170512593,16.556406187825424
685.5267454489031,164.12650011047688,28.092718818990715,16.570089378655616
687.0897229620678,163.33123706002746,28.075124083188737,16.668130433167747
687.3144551395582,163.69907219354488,28.05283715740712,17.04566512218759
689.0352839766188,163.91912873704393,27.97266019617648,17.141974764681677
689.709074550949,164.87931301458246,28.44487274868782,16.988558724253032
689.8438445275317,165.19219509152154,28.640550385854674,16.788438491273318
691.3995249709385,164.33918065151465,28.946532638689405,16.795538538279285
692.4291421426088,164.96776881764973,28.83751649603237,16.89901131489586
693.3881739166537,164.73591608012057,28.99601392206355,17.136795159094785
693.588811579799,165.27617256669808,29.032917611886518,17.24737563076401
694.6543164898136,165.44234368459024,29.260352005724407,17.0676060268156
696.0199034095848,165.80026231510985,29.725902104170206,17.17000607046389
695.9115705883487,165.93532596337022,29.722955625060344,17.206054005876766
696.8096423238785,166.48812415546476,30.089219075387586,17.217828227156442
696.7400840906017,167.14521287466565,30.15320889399186,17.298853425473386
697.204387989059,167.0176286514428,30.32691890713592,17.44567684018082
697.5497496589647,168.28929565387037,30.48310413666037,17.406981507200655
698.1242774642499,168.80939420191987,30.619700686734653,17.530907946257894
697.8779235023424,167.7332267826954,30.604603739944153,17.868431078163884
697.8122009913933,168.66985352812785,30.554560724732887,18.055297216205222
697.1406154188471,169.57076305547594,30.539501279004966,18.412894360239537
696.729223981795,170.17448638047676,30.505083530550497,18.520106828890206
696.7349562168836,170.4016297851435,30.85075101838126,18.540269177271558
695.9867516481121,170.45322435799451,30.97543316617807,18.833922988112512
695.3778014665704,171.8669658452448,30.89180459859756,18.725067943299475
694.9562021353603,170.90857261507745,30.964014796662177,18.88181412043102
692.6160720393099,171.6330757255773,31.023570337884152,18.701240516618853
692.2456154284885,173.0367545507586,30.695376503862818,18.471977348678156
690.5203926681496,172.93903402395506,30.981400942997716,18.354086798281287
689.9352780629305,173.51403603578854,31.06238149620929,18.313587474321395
688.9136479787406,172.3460562261058,31.357556642616476,18.342738622007168
686.9391313413336,173.063502202952,31.72700007368053,18.300066211771792
685.744774476146,172.73183195917449,31.759375303079295,18.37636293711978
683.0825025966175,173.26914156499953,32.249858393190834,18.28732416980562
682.2518616871632,174.25060640334388,32.115470656435164,18.325439720167694
681.456127274796,174.3221727472186,32.17726113644318,18.4156062877894
678.5121637949362,173.36651696393764,32.44989268600656,18.564016548198914
677.7721869030431,173.7978643013422,32.84107083502699,18.6999485823742
674.9412804018751,174.43272093000508,32.9650191523045,18.53523105258749
673.1335797824797,174.39249717339192,33.26317490769682,18.673562782122445
672.3607585060383,174.3535548113285,33.23663575891933,19.11632329970625
669.1025853103756,174.8345509656224,33.38358975522531,19.254726193755197
668.4620470264836,174.8254331958052,33.46283069068511,19.483540651846646
664.5705192548951,174.66598814933104,33.5181945834715,19.919831867841793
664.0089974753402,174.97243564056063,33.52185337695644,20.118933345343567
662.719987992262,174.90527898222922,33.627841703464334,20.327961322650964
658.7452925389596,174.4019171993602,34.539871465049565,20.453611890342067
656.8435126927163,175.99914613374781,34.73758093780964,20.413107573812955
656.1180247439239,176.40924127847643,34.49789063666388,20.721533617363562
654.9058007667769,176.04484221935294,34.640310392715634,20.783827829360504
653.3494133595926,176.5115887850992,34.7799101582562,21.03955131163755
650.7494862724601,175.65635592254608,34.99104057763846,21.208223213501597
650.0620714386048,177.07218696375782,34.99690509642326,21.27067276437893
646.372804757151,175.90514888031396,35.06209159653772,21.59615060362991
645.7064863363564,177.19680841098648,35.25022007631066,21.708281371386448
643.890748354076,176.22762859094914,35.546117122414486,21.749813313707207
642.0118948828288,177.04482721040418,35.891241667447915,21.87848522762914
641.7846324403596,177.76197111664942,36.03882075160502,21.79094576718942
640.164169213486,176.74389864214962,35.979301648711484,22.06371638757574
638.44116182821,178.33836485175829,35.789360608716564,22.192655062108443
638.0101298643059,177.2414946352154,35.65178311806796,22.463421862381736
637.3484369966716,178.3622487110352,35.77752938800438,22.46567286601556
636.1811677563329,176.9362855143232,35.84360473391611,22.644534073892657
634.9568596398922,177.58845603423876,36.468757526856336,22.78008866394433
634.2182018799401,178.3716578806803,36.822034350471384,22.629639560905026
632.2658211004826,177.3235263993068,37.24262690303863,22.855319943085647
632.2468434295748,178.05961249164736,37.86105709836983,23.140792411724817
630.6038062107423,177.50799877885024,38.21176776650361,23.394952149330766
628.8189492829389,179.80184124226074,38.49715697611438,22.766808543310585
627.8106706221652,180.393840579145,38.36276672686101,22.42410320450294
627.3726525509136,179.44737013759703,38.42520423655182,22.706707783887985
625.2969914059103,179.9399674148886,38.71392429267168,22.69201036065247
624.9437669378357,181.01619020007593,38.73631408575446,22.42334622338332
624.7093629106133,181.1431816908464,38.88802924469134,22.292165976217323
623.2250235978768,181.5802968420728,38.81183940092606,22.436497990659056
621.5753436504092,179.69385701606575,38.830201065880814,22.97859608749742
621.5340514639138,181.43494473063345,38.77528849062936,23.05984381510028
620.9395629427274,182.54354826096298,38.70962686112718,23.069168736863112
618.3275167037708,180.6033946277727,39.31130570378649,23.346837758614754
618.6667628274713,181.5183950759221,39.533738139002736,23.6299044892691
618.047880860224,182.62289717862748,39.527140196055825,23.742937027022403
615.6279300615811,182.87911956110304,39.78881761121278,24.057099012559572
615.4113588733477,183.00537033709395,39.910825649300676,24.232881151984
614.0519310671261,182.18043372588636,40.467129381861064,24.48169999207493
612.1675718671053,183.31608463525987,40.47988922477376,24.324320292468528
611.4753376489303,182.73249359420385,40.728081416006496,24.63966521637748
609.2663071728363,182.83472721380386,40.97576272952282,24.908464578739952
608.8245487620105,183.5500723933363,41.09339515176024,24.83392961518288
608.1599910169812,184.7521429668233,41.10296108127215,24.752679703560418
607.1442138404415,184.09562088988568,41.20298162087483,24.742069682630977
606.4473250379672,184.53880923754267,41.26724567601878,24.957118158215465
604.9619044410588,184.72924994581814,41.43426912081216,25.263614671352023
603.2086492198513,183.47735735185526,42.074461814203616,25.808888506738704
601.6502519785566,184.22416722813514,42.45382953898056,25.804709672147666
601.3201986712396,185.14077855758848,42.45237609502088,26.037115064998815
600.2632398735825,184.81508273559567,42.22239110244437,26.424544916992275
598.9634363511136,184.4749798092713,42.51331284464767,26.540282385851953
598.380638092338,184.83925007120658,42.76023870790207,26.690342936200103
597.9671446608481,183.9059517778611,43.08031333943647,27.41410199847703
596.3004973960979,183.2228669301243,43.5784638259683,27.60661141563029
596.5456965747072,184.03808481981773,43.876502358398035,27.59195932764968
595.033067820739,183.4841840942254,44.361644509889096,27.669441564967123
593.502270210442,182.40961290325853,44.80019285548318,27.947871666627467
593.51511881795,184.11587783525022,44.906407871912435,27.771303716706594
592.4162173093193,183.2289086061801,45.08146003468172,27.593093737346784
590.1141874817206,181.4942367641963,44.84830045159785,28.045790082447237
590.5913591383674,183.2702073716825,44.96007347131206,27.983167715131138
589.9495900804258,182.94812094015302,45.01109815946094,27.970693849674443
589.0636724612399,183.56669295224745,44.71954838806704,28.16573976689181
587.4428510962033,182.4092563680946,44.885202348608935,28.09523695863505
587.1327199295652,182.02402418962296,45.286806234619576,28.382974264797063
585.4409006110191,181.70667440924302,45.84747734241493,28.280811642939714
583.9872997595835,182.81713559227015,45.93868478259073,28.323683222198
582.5251657456158,181.8573443333495,46.221870046854384,28.611109367968986
581.1826566299825,182.2798731268848,46.20329025566012,28.709121238906178
579.5796612504655,182.8191187481027,46.18136048246746,28.97601268690007
576.8414808512931,183.55357030903178,46.88159823393714,29.061949652932512
576.6473216556717,182.99539660498132,47.1576882316253,29.459852236814697
575.8929880427023,183.24542273273835,47.408115711470465,29.88095781821471
572.5332071734257,183.31854266638663,47.95375777228919,30.2833934880275
571.2070024513098,184.191011803851,48.00387229464605,30.545825208215962
569.0588470400983,184.48015163025553,48.472653209842456,30.65902809935222
568.011958666265,184.24762455614305,48.71643911278259,30.71944967921779
566.3774057785141,183.6135538882391,48.98884078672174,31.169994579478853
563.1113538461195,184.19159096188778,49.475992258932784,31.204441672415815
562.2384790314793,184.7855231094292,49.166474554228834,31.27840293885646
559.6130512047815,185.17926601961892,49.43693775156967,31.532009037422295
558.3970819218965,184.89468502144578,49.23510251362872,32.041387098221726
555.949619429258,184.146639002062,49.6957623621872,31.929141734645576
554.1552334427809,184.71922827018963,50.23352420330555,31.558239931788687
552.1607571115052,184.9341280515381,50.51933660706786,31.642478455029252
549.164822700617,185.1266677200909,51.18285154700803,31.70936444995492
546.9460165183415,184.6101490599948,51.37554508831705,32.13650577405339
543.0359207915388,183.90242228588818,51.766934051687926,32.51771859961038
541.2589544865297,185.64929789351658,52.058919029870275,32.48041880036919
539.4947931412387,185.78517220689935,52.43929250170234,32.36636975856461
535.6544715522198,186.68857396122272,52.745835948294925,32.4833791161288
533.3936967204816,186.47077114475084,52.782293448685394,32.49453101372098
530.6755707507771,186.66447556304368,52.966439675203766,32.67496275330719
527.8416411072608,186.97543356610703,53.20607630598619,33.20426134678982
526.2560341938297,186.36928969693358,52.65802133402026,33.87426698064454
522.2438198024797,187.6186322447958,52.88345414504045,34.10527243667791
521.0563178563955,188.43375986790446,53.25685586435742,34.06164133596842
518.1593733583323,188.88885518757004,53.94753441126507,34.62097889487946
515.1590878826051,190.0661407916677,54.250412491625724,34.88689108512165
514.0926272145927,189.92926063327994,54.30409493604904,35.03697891654561
510.80489822737724,191.94736055423752,54.95581633821429,35.29431239982574
508.9547946574503,191.4490669176848,54.94731376127129,35.73900453132961
505.68472361889314,192.84630616865803,55.475767605963696,35.867408109461266
503.5853154973744,194.34368747303375,55.77004283337625,35.75847924094418
501.4836253090079,195.32501120971693,56.29030248257018,35.755304423827845
498.12473547140604,195.91855777057248,56.90796924273475,35.59528039391361
495.240089254361,196.65334325362758,57.15708955768423,35.51537312409249
493.73956248091696,198.74302908969025,57.33981424715044,35.05987840509213
489.461405951658,199.57653850476453,57.910363755863756,35.33162605443577
488.1486272348811,200.48790644707083,57.90258989058944,35.38212015029197
485.49593121989534,201.80691833591771,58.1194046500531,35.50254974173879
482.72268403280424,203.5552476648947,58.789464698063384,35.26580929667548
479.8657834544614,205.85347730445102,59.308136460217796,35.24628483201592
477.21269213670263,209.1598632339572,59.59249902737597,35.11823892515203
475.54734162262145,208.48724802864564,60.24380247253057,35.71940500472045
473.12219949441146,209.38531644865213,60.62817486371618,36.17943271548869
471.53133722811805,212.56669570696545,60.872887677552995,36.283425297494865
469.5377052195924,213.6992034094691,61.187162803002686,36.58463303701881
466.37289843819275,217.38583271335344,61.611319822833295,36.78620353081267
465.4976693196937,219.34331735691381,61.68009165846414,36.48445445853568
463.2427150454145,219.39862427036576,62.23742452342876,37.368469537881765
461.6793926013548,222.40904572926158,62.746805617602966,37.8414162929417
459.07320098199347,225.4550871443113,63.46965638562241,37.74850948823287
455.79608871738793,228.04927409176233,64.13697905936476,37.91642831794019
455.28791883511167,226.95927977779428,64.50396579657358,38.88509797614975
452.6106229446154,230.74902445681388,65.2338474945583,39.140905248969894
451.12045525050405,231.49836155025477,65.81003859567157,39.85423667732251
449.6295969555728,234.2275771705336,66.09444378416688,40.16236122289766
447.3265217011601,237.58329874078936,66.3548453916251,40.34833324351895
446.4946851405096,237.52572725648324,66.58931929417612,41.16583827267806
445.4819109556228,238.1511771739196,67.11212108191839,41.77944039093035
443.1159397743692,240.92060448345225,67.63286654501157,41.697159258193174
441.75529625258525,239.94533941827032,68.49041457490765,42.655501888557026
438.9336298232895,240.96168013305066,69.51013598330384,43.04124697266818
437.72599090119115,242.04276213231034,69.90687439878957,43.64414339895351
436.0872343654292,243.038282077048,70.61257960898537,43.73890368037666
434.7407338556584,243.73432292222256,71.19866229356609,43.98033639432443
432.8155537751218,244.6798712688481,71.52782799663136,44.33081684951083
431.8427746502086,244.96022589061724,72.18650575329376,45.130611756363194
430.564132205704,245.43909975578893,72.72879125265449,45.42457301039479
430.1263308430121,246.17714880928222,73.33721258155391,45.638340015712906
429.79525635813593,246.70278573108027,74.13270810892345,46.30177259301527
428.71573962743565,246.56295862958606,75.14272423633966,46.79436319737083
427.4919043931796,246.76952261526182,76.19853374293764,47.52408800922246
427.8515874993368,247.2105698726717,77.08962590464665,48.21476265944175
427.71969984478295,246.89652735889146,77.845726042856,49.15559182762721
426.9837308000159,247.6196835324635,78.76312922028069,49.6256460576316
426.7528734788987,248.51263081494648,79.7169703273588,50.183898221181266
425.66555336987824,248.16191282041393,81.03583661961846,51.120594220011995
424.968006235268,248.1123679532315,82.22576121110464,52.54164440359554
424.3293899757353,248.55394993242155,83.34472957001378,53.15182761318424
424.24284080457767,248.8044980924829,84.34055130100087,53.78528329501464
423.7014287522941,248.62155078052356,85.69025162627119,55.28695062401145
423.6138229192083,248.89246216589117,87.06797794088027,56.16642301929185
423.56759528710313,249.73007228358014,88.2150596699344,56.73531289133581
423.49375267456537,250.25049971206363,89.45799025633801,57.30435183319694
422.97557140531956,250.56379702027752,90.68582007998593,58.27678675778482
422.9275804504248,251.38068634478907,92.05761986086924,58.98843657555858
423.66768793531946,252.09074893775514,93.6572388754548,59.862378772438944
422.8863974846191,251.2428687549879,95.39108442529303,60.815982155551524
423.40506630097724,251.4206995890357,96.70448531796735,61.737755790190285
422.9850210774634,252.46101191211923,98.10390193687012,63.027706095195114
423.3071811485396,252.75532099158994,99.97474903104575,64.00460917648812
424.1693092002094,255.4371598263548,102.02444922653432,64.8310865362553
422.5113497928991,254.3802289741192,103.88770080482679,66.19934277197643
424.34540312964805,254.58915479236424,105.87917054734454,67.3659027565801
424.3944496013014,253.58651905095329,108.22770235989722,68.46275749135513
423.2543978329647,253.75200963458553,110.53200633602373,70.076203814325
423.8237101473934,255.0214240843883,113.20246373841636,71.71184390886012
424.96849941205284,255.97041125111488,114.9726081094881,72.62289057150072
425.8042823316946,257.9871887135028,116.77485818817334,72.96570893774053
425.0163409880216,256.9952482849256,118.96432730130047,74.40234858395738
425.4437223989618,256.87317127767415,121.35495632512323,76.02669058674155
425.67895999528406,258.09963668012705,124.41710442349438,77.86199830722639
425.8999185476732,258.0888227800848,127.10571100035669,78.78682434949837
425.310828702171,260.57873348878184,129.76591583784545,79.57998266843246
425.42521589314237,258.9305031566455,132.23220981527777,81.07306808856443
427.84955983819424,259.96450497875014,135.9748000013459,83.34118504982396
427.2389938288797,260.9096807605856,139.83188783052185,85.49712865216861
427.16680917392716,261.36945741657576,143.16363507011445,86.92391933432891
429.62524918663007,265.69483379182714,146.45985929275548,86.66855232601375
429.1178298509249,259.4968641835608,150.57702340361888,90.2809832417652
430.28556086731083,261.4240172018199,154.80232186889396,91.70045039860629
428.5837979599361,259.3056091217721,158.3897160918466,94.31867525010819
426.3066882407656,261.54186311443334,162.14779295206256,97.53372829994186
426.8084783912431,261.67019264355713,166.94365112767005,100.44918838231936
426.2337771203833,261.98684138323205,172.01444038813963,102.9543796725007
425.37311701669813,262.2813321920034,177.38010874004124,105.90946543777054
423.10450719820307,258.1715049644324,181.66360523250012,108.96817018588126
424.88799332497075,259.2533050975181,187.50886442427722,112.9002730447099
426.18277050195394,260.35947146892653,193.88348243359212,115.94148034095554
425.52305455876603,259.7650668216804,200.9354582652804,119.86576326826022
425.92726461684595,259.6455168006874,208.5289546530268,123.97437014618376
426.19538212598036,260.4799881592305,215.89237783788303,126.90283953847253
426.4279437437173,264.1819040577793,224.38916866490908,130.03581194059367
427.5377540738271,265.472650864923,233.99840542656455,133.78714303333754
428.3556697533703,260.9552052304634,243.85396811044683,140.87751525928806
430.1035124048959,264.83519112213224,253.51367831520813,147.6423847845441
431.42276688638316,259.18186838534825,263.48167569988993,152.8154853362371
435.4389583064431,267.53470346310576,275.3600594613325,160.45838695806577
438.6435102685863,270.4835355765548,288.2015658886087,168.29790534835527
444.3397420297128,277.04449651279197,301.6796467999494,175.4570503704121
449.56501731264177,273.8078029765769,319.00009232784146,185.58381879049847
449.91410551024325,276.7964453512296,333.985631752951,196.15408042791194
459.1589213839169,287.6062503102567,355.6671425837287,208.16655058798264
471.2305963506742,292.08244883558496,379.86607780646403,220.35868478732624
