811.0,368.0,75,43
816.7852635202862,369.7289517555189,75.2137289408729,42.96111809540753
819.8969524830486,369.8296946571149,75.84446173312149,43.04368990940304
826.870069512774,370.9627414212939,76.11644361605372,43.46672907147472
830.1567835533036,370.6142324596576,76.49624734651765,43.71700016857539
835.5094061678127,372.0654300069711,76.71893485675751,43.730010347385935
838.8512707914213,372.64540173301424,77.04133964274348,43.754179444127736
843.9905076302872,373.7028690481841,77.51213354313649,43.74242474542871
846.9841214607882,373.7190968390048,77.97497912432218,43.90221464718574
853.1615631277331,374.5398791900812,77.9936614642605,44.02076652218134
858.3639611928147,375.42864981078475,77.87806516319881,44.36268634034453
861.4597410599388,375.7600319004431,78.0294314543411,44.3962112235279
865.8668503187996,375.97790215926267,78.33835136435385,44.649267702959065
870.5170933683096,376.7987480442821,78.95970974775582,44.77007288116236
873.9652483192685,377.3397960247045,79.08680682825991,45.04985436172376
879.5394525014417,378.370941177811,79.52216921586661,45.12654110629209
883.8964529562674,378.0931050341047,79.4931353472309,45.47907313491555
887.7989821953161,379.0730783032955,79.51208199608672,45.55191773422925
893.9978139181728,379.7758950433618,80.30011801326364,45.59625068476077
897.627993184607,380.15765535467636,80.48299678508292,45.73214412463161
904.1924672398382,380.19855252669424,81.19700521758939,45.917226001298964
908.8020915843155,380.57167723017136,81.25131609894723,46.23716922129788
912.8567007395249,380.9321394655859,81.68384583540342,46.32036767527345
919.1191330519727,381.8692629508142,82.05067432574214,46.38377329270763
924.004489233976,382.61955807353297,82.5007261218919,46.62787298867627
929.654532097308,383.79848143608916,83.04146070772788,46.63632875379824
934.9112039239966,383.466040813931,83.50602232778806,46.895814490302115
938.1368817842153,383.7029815064533,83.73707017180375,47.049008300570044
945.6840684634435,385.12818950193775,84.0580715692068,47.209822778351054
950.7635164710564,385.43305798588415,84.74857130593405,47.39244420889577
956.2133847915298,385.28031968503285,85.72069135444022,47.30869961919215
961.3609814917586,386.2791431936995,85.60436147937352,47.389940541311944
966.1519824083771,386.9137194404038,86.01451662855838,47.62423653423146
973.1416425997694,386.4996187233049,86.44880098210193,47.91038474577308
978.9166110405984,386.90709972510945,86.29077083872522,48.260583874976476
985.7613055937255,387.0868476008801,86.66928334379885,48.42830980312261
988.6687769429918,385.9125454378449,86.94873151440699,48.291532049114835
991.8697448959945,384.3537073621382,86.74659419238607,48.56930341537205
996.3628764782065,383.8560287706615,87.35621725843072,48.6830993190286
998.5096535110409,382.19285138203264,87.47770225526179,48.71309789511442
1003.1488379249025,380.5339542227172,87.81084465800748,49.16230090515144
1006.1060073517967,378.8958116457442,87.8297638608596,49.496386352066324
1008.5459712367995,377.87842280857006,88.11658413772926,49.473577356492676
1013.892443313402,375.3533799185312,87.86040756264913,49.79243144711735
1016.5336299443512,374.65076957655003,88.22656335348512,49.96883133029839
1022.3371614958687,371.770117634033,88.69414624654372,49.948122275879314
1024.7353569644822,369.1456004164411,89.6041151725979,50.01148776575059
1027.7444737003175,367.12469467630575,89.33463048022438,50.148544607349486
1033.6500096734505,362.774838942316,89.7496327527081,49.84154220814138
1036.4401854391708,358.8701673300917,89.90695211970527,50.38059124313692
1041.55141983892,354.5972062092007,91.08395841786276,49.99545269390327
1045.333116649458,351.7361376085998,91.23922324405312,50.48239092049569
1049.2798311256004,348.3585955148445,91.57864341286188,50.82414502988127
1053.9445503513653,342.24056950264486,91.25320276406634,51.022874056233675
1058.9132841460482,339.3704258281917,91.76370270399728,51.02491067271815
1063.2204532675842,332.7856591345852,91.72150801561303,51.20887887438424
1067.7379606619547,329.7105939537405,92.05651886163736,51.32409712669873
1072.121290308519,327.1464467160055,92.4171789044463,51.519194580684214
1077.3271480370186,322.408383755322,93.45285114275994,51.47560614658252
1081.5135221504909,319.57408721557675,94.33474158769027,51.473544929198056
1087.501833781305,315.8200648028189,95.1191046541869,51.50878091682321
1091.3289668414006,311.69340430511676,95.43960049688634,52.027787947383686
1096.1724700218288,309.88757440335957,95.693786762983,52.33472973331989
1100.4000417808363,304.7197465768595,95.98910100863978,52.81125452694501
1106.9182730412272,302.7220023617632,96.13400445465493,52.977397254012715
1110.0462616710508,298.16643470325505,97.35989975360143,53.20169175071643
1113.140281399842,296.0455189907693,97.69361932922203,53.17707420107852
1115.9342542316112,293.0625453132637,97.56044661490267,53.342942210386646
1119.456968755428,288.2953953825174,98.21011644422187,53.6154622867229
1122.8895466614563,286.06063273740665,98.11882537825926,54.129787381632056
1127.9273497148447,282.0126806696429,98.68564480859186,54.05531187848756
1131.5432214141385,279.52459424254357,99.0267163514104,54.31954015260811
1133.3957542812768,276.6782794749156,98.93236839057154,54.565819590207866
1138.3531408634778,272.1557989281942,99.56978028476306,54.68106266607253
1141.5208297583897,268.894681857969,100.04278262189239,54.78905120105421
1146.5499252290838,266.08565108505735,99.62558289144194,55.0831686550806
1150.2738245891153,262.6422999910428,100.30305882958183,55.419028557953425
1152.9490529593563,259.19358525900515,100.71892899339664,55.52953175249754
1155.510450340965,255.07897646996682,101.43362812666366,55.52471002393356
1156.8211713819092,252.4493679947827,102.52370337875969,55.602347384458014
1159.6924669863504,247.69457533659838,102.99748179878344,55.5945071637173
1161.9367896487645,244.4110614395598,103.57420512629909,55.682958297638216
1163.780259472095,240.89289516035038,103.43676499135714,55.76573860996332
1168.471179622895,237.21360085541517,103.22353430889751,55.74563459288058
1168.190147523847,233.9452411424891,103.374770870275,55.96924366717023
1171.941137729708,231.92446419196278,103.64189446245892,56.445276327988466
1174.5239786189659,226.81068994235676,103.38206595542766,56.37683483696616
1177.3572016094115,223.14090005103438,102.1820506385989,56.49153058640781
1181.4546791727666,218.70847834991392,100.36954180095093,56.6570026507581
1181.3147922362718,215.01107382039382,99.55034716808117,56.80608417073582
1184.185437385064,212.31021272889234,97.96606980995017,57.07239985959812
1187.8285414565316,208.703426733948,95.84157431349938,57.495536058471224
1188.2112473711638,205.73120787484174,95.28114905650051,57.85159487043367
1189.7541998860063,200.91576449876231,94.51656360689347,58.07067742337384
1190.661534966126,198.86574628969987,93.84785902282587,58.369749486029946
1190.606769408261,195.80980637402064,93.42971069519676,58.6267709189509
1189.9920271329627,193.04305623149267,93.37254363446507,58.67379049111621
1191.2812474237376,191.66269074679403,92.73264065057157,58.97434689996662
1189.3231173107401,188.83334858030142,93.51639355234788,59.18405662357685
1190.153468931076,187.13387110914454,93.47852356362905,59.23471444674996
1187.649415344355,184.56457003502985,94.53024035621164,59.30245477857312
1187.9770971608932,181.05621270684819,95.01721070751063,59.49446240368643
1185.192195313738,178.64918615713583,96.35099145260205,59.518110229673624
1181.5885112304602,175.48661475172852,98.01029443361068,59.0289525033789
1179.3079456126713,173.38489443456595,99.68571399926654,58.6349199931728
1176.070826269172,172.12656152629506,100.63343291087486,58.0558216495583
1169.7239552503052,168.6324502038666,102.91680507556151,57.809699811993355
1165.3077785462533,166.08740478746603,104.49540482155588,57.299082636982035
1159.385366418688,163.08303583128205,105.41698078567111,57.02025341067808
1153.3908662137435,160.38037940037685,106.24432958423176,57.1730638310822
1149.3796740176117,157.57752398811198,106.87639415227679,57.08248559311197
1142.0564916515834,154.59002445447572,107.7130665015207,57.10127738499388
1139.6397345211094,152.13546676258986,108.35493037184365,57.20808563985935
1133.6092128939006,148.22542689250795,108.46190258133933,57.130582372210654
1131.039409464286,145.44606700699455,108.79984318080294,57.094728168628066
1128.16711174378,143.65238409648518,108.78625991087772,57.09926928261558
1121.530268748722,140.5670126093107,108.88294394786861,57.04262578235518
1118.8168714728486,138.30559071641886,109.2010654039122,56.86423665798258
1112.626181179641,135.14908360852476,109.53666962313997,56.8396349069739
1111.129891565544,132.78242206309338,108.84840168336494,57.077474599399196
1107.1855923511546,131.05942739484556,108.87268126448765,57.07302448276983
1101.2256169536417,126.93034639743641,109.4256581825604,57.048013870166244
1099.6185576800715,124.90806166045702,109.3185792199353,57.08284823670315
1093.232432869907,121.40111430560708,108.86640257073324,57.198030788199915
1091.4630328971039,119.51344129311269,108.57185901047974,57.38286167646993
1086.9876190969944,117.65498052388438,108.23481429624562,57.56410816609843
1081.7918080781328,114.25893289304562,108.24911699803138,57.72567974613533
1077.5482525025184,111.59976757770599,108.33721081527563,57.97082922447085
1072.7836800197438,108.5577064784201,108.77791583941884,58.00261377655824
1068.8405642088442,106.17486369161324,108.87078198270223,57.9586374849376
1065.8842025341933,104.73680733010889,108.9981964941133,57.71362594036816
1061.1913071755785,101.09901541737239,108.46449258243696,57.783887500216174
1056.8613201291964,100.85189841875226,107.69648815957567,57.876418616597036
1050.8172304438115,96.21511826181919,107.63781694440848,58.042923266400706
1047.3016532696206,94.70627486582194,107.61876987677442,57.81045747050456
1043.1134415433028,93.07115057892345,107.6294096380037,57.591082020864036
1038.2266432012127,89.94309115607103,108.19173312882475,57.58563470445948
1034.0900476403688,87.60642980493222,108.00984612551255,57.52647449658088
1028.9497404035353,84.87121402405946,107.91906167339828,57.61110283567015
1024.8794090172153,82.53900952084074,108.34762727806952,57.48004065070135
1022.2403883178436,81.54810699011787,108.23159519048485,57.16991455980331
1015.5440775055201,78.39459977871887,108.93442799677229,57.54531887517945
1011.4610332473205,77.3485291874709,108.79866714793711,57.19291049712851
1005.4963027342427,74.2937159290528,109.12104199245212,57.282334377245974
1001.9187213925229,74.07047841711214,109.29060897276675,56.709919020267904
999.3571637915273,72.43190817013271,108.5506870653828,56.743620793523625
994.7868388308987,69.65536816097634,107.7210000725778,57.09092078253953
990.2692601260385,68.32060875086617,107.2939077264387,56.98315688791608
985.8576504064463,66.78628795823876,106.46304391366994,56.979685436061544
980.1466759994009,64.67390236076793,106.62843144846372,57.07143050795632
975.6567429699547,64.00782279289876,108.16045204837178,56.984369672991534
970.5952289465129,62.12824596299361,108.10186998783362,57.10485145780184
966.0483434578358,61.572603704165424,108.88387338706283,56.749766346551965
959.3917086791165,58.83171219218109,109.82232604997009,57.17899810098938
953.8669157871359,57.406746218148754,110.54287130658747,57.51797423850718
952.0950071275906,58.17687087812936,109.82573281513118,56.941897281827224
946.2518830465774,55.15226921800674,110.01686378965766,57.25272779933809
941.3081389300728,53.85923543616322,110.24767477657304,57.2463576188845
935.9554806332028,52.29049390416113,110.31132877265682,57.435537460232425
932.988963563023,53.113186078848635,110.21576794231336,57.24199637257617
928.239472073801,52.03187217472242,110.33654657505423,57.32027359489109
925.00858242737,50.80898927535438,109.7769330456505,57.3205132705803
919.3177970076913,50.10914061762964,110.20580613110172,57.290492568451654
914.1490677384337,48.121092218366414,109.48036794110132,57.61314698416561
910.6559206555596,47.29601127828414,109.5979792455213,57.336551051830156
905.7323995931204,45.96576589456414,109.66477845047811,57.26962482708265
900.2951544959949,44.2239840107972,110.05727401582268,57.51878307703841
900.6495852193358,45.95407261336521,109.76668649492208,56.46613761018364
896.8622402717664,43.59680755386466,109.0095587631078,56.89978394012225
893.303911361834,42.81310264143825,108.77764480562891,56.724334878256315
891.3904595571441,41.90182741967152,108.74697395211791,56.58991510694602
887.9414166231592,41.06095628318984,108.294718023213,56.62727871780001
884.3861753741708,42.124228454708486,108.66566805048672,56.03537182593459
880.1086054381242,40.18436011493217,109.00568951437671,56.44077378869035
878.2354076492353,38.89298454152716,108.39188611754497,56.49068802143786
876.1961296378938,38.64910680753106,108.48124536288412,56.26717029607069
872.6750995745074,36.96631012210615,107.61546857559469,56.85932616692051
868.7786787845831,36.15578220895839,107.18162558513066,56.84116080180978
866.7990228687847,36.57378656336729,106.73203238743056,56.57372509103885
860.7847457315747,35.188416673872524,105.95199291185048,57.31852492862214
857.398552455324,34.225842781838686,105.9996785366177,57.29802451933044
852.1869303586619,32.523736015823786,105.45801794478552,57.91024586386023
846.1721532755134,32.88799511319679,107.74675790209803,57.69958045231736
846.2905760845712,33.16947855182067,106.30636003788888,57.22798320397585
840.8345673885412,29.158148538697034,106.20327122877691,58.05642936303562
832.9856144655887,30.226239345590386,108.58379426218204,57.31133051292079
830.7725951580645,29.7422245842114,108.33276988894917,57.07290861966314
825.1892468045771,28.762472278048534,109.37590092209587,57.19794057573887
820.1292900952511,28.419613137846227,110.62682630363835,57.069510906924734
816.7567409765596,27.664073046923153,111.25147166016193,56.759515649317756
813.8189303976918,27.452580978846747,110.77406547414762,56.546543974923694
808.7064518571872,24.958130393145694,110.53607089500056,56.82408040023205
805.8419178404433,25.75076302185235,110.6386435671603,56.50276167602186
802.136121646577,25.49993343492681,109.99991246856487,56.81643256862294
798.838811238815,25.26961200500338,108.86446126260438,56.54166283081355
795.998595396282,25.212140466383975,107.77658240079543,56.51680488266174
789.1572215638082,23.874930681256764,108.75031517316486,56.74755990213491
785.7461163385644,23.97809314627887,108.69514525255875,56.753667833418824
780.8179282174876,23.480963366488346,109.54120655330604,56.717318262140495
777.7478522654878,23.66347329380026,108.9453049905087,56.64776959892292
775.634214511329,23.65479251092724,108.42300774492018,56.419952942012706
771.8923940717191,22.4991127154492,107.04297064562431,56.80818631226566
771.5185628297883,21.81929422374528,104.70509235800156,56.998115043720375
766.6942686385324,22.244025148181546,104.97102082840384,56.999483272972846
762.158861171559,22.312223888146477,104.8752097857882,56.50471787312111
761.6372520805543,22.419754306983357,104.89358665920389,56.38990727958797
740.7749505709659,20.117712704752208,112.71520505924016,57.23932129459715
741.9138537491511,19.69243826495436,115.26033571458827,57.50405474450534
737.5893083282645,20.52706898751997,118.41842924190864,57.505722254452245
729.6799864289139,20.445247978694475,122.23856840193764,58.03661280725949
722.3289178040324,20.290358824964642,126.50262581771653,58.244279298312904
723.5067385689933,18.368722006859212,126.04670352607579,58.65637007319564
716.3056207439006,19.37589815323491,128.20482906883933,58.90599483122549
717.9307988667476,17.96750317623271,127.73428849697336,59.04157140632364
711.4993629465235,17.105215901189613,129.30303191945293,58.77731539000359
705.744999603947,17.852077030226177,130.88381060655905,59.270440055758584
704.8849020423447,17.42604316384965,130.1134051438261,59.239786841246016
700.2436070804093,16.966523636958456,131.473174022775,59.848370572762775
699.9124707380766,16.660590357764978,130.9106542269717,59.81952057841536
693.2618939496662,15.542579852157353,131.25099237410518,59.44387777127123
691.370914629537,16.139587565725193,131.4039837292073,59.613845498432426
684.032933849979,15.909758390403816,133.9838759523856,60.437975284622055
680.6237104393168,14.835272999552942,134.09001198269442,60.94085841983943
678.8372750552414,15.84777241292069,134.23435491881392,60.74599875326018
676.2575465525418,15.341978978644534,133.92155240272876,60.348711110093745
674.7286575669367,13.630968769377262,133.62804253214227,60.567453940737664
667.3897596556857,13.50810390597466,134.02892185073802,60.979687573792866
667.9204588271631,13.895220825100981,132.7394961640331,60.799997192571475
666.090786636379,12.999247611929267,132.09375631708585,61.01647364821178
664.5643324669851,12.379488133416583,132.701230085561,60.60148210719027
659.5036526472867,11.24096180144491,133.62324890464546,60.895014263321116
653.9317791931007,12.158988419917037,134.4465002075485,60.74313461036124
652.0653368659727,11.110890375385278,133.68887582860154,61.19736292598726
650.836949134915,11.568613612122089,133.38728947431056,61.142206979857384
644.9499077655173,10.479293342570486,134.03927138302788,61.351273544351216
645.5777627744391,10.30286178442455,132.80992855268437,60.83749847704934
638.2924466384435,11.43057687003817,134.34946341256614,61.04212079605647
639.6274429465246,10.112916229172356,132.62594296437254,60.736493591459976
633.061233200455,9.962176911732513,134.4804693901056,60.70652081032404
631.7547891115887,10.873182094541573,133.42502260690063,60.39830439001842
623.2677211570364,5.0540188204907,134.86598590858358,60.87983162171391
620.5715355624561,10.297131727048825,135.25738053524398,59.55748520312891
621.2245185734088,9.554621446809868,134.9958175895106,59.541224025325576
616.9003940931321,9.248971895353769,134.93953774147002,59.740291682925275
612.2797137875427,8.685686009079689,134.03233878233647,60.17078801602031
613.0029911984279,7.482780650221699,132.048430444941,59.77502402670504
605.9409091517634,7.088439988908242,130.39082573944177,59.07673635519133
600.0414168099284,7.983315570074595,131.71126428053395,59.17544344481175
599.2682239241138,7.565624383370292,130.93932119474115,58.498679822126604
596.4576171567046,8.53236262570421,130.17042852838773,58.64070382574002
594.0291913231105,7.732063340360902,128.51434074245088,58.73376455462976
591.2121518738918,6.872897079212841,127.36097457252883,58.54017080739463
588.5637351595254,6.470418363588308,126.2781998469647,58.78619879528432
583.268557452088,5.765501941582109,127.12621517394909,59.03856093617172
580.2204907433203,6.106735363531321,126.60238399187499,58.58213779344517
580.21411590253,6.650471348577817,124.61385193517435,58.216986379992804
580.5717890663828,5.2230997657039495,122.47006932817176,58.05531108870929
578.8023110261834,5.237499247259542,121.55434401208642,57.9104232584106
578.5092879323964,5.356312630336632,120.06922320747273,57.71799302545955
571.8144575412031,5.819226736628821,121.13399385314071,57.443318377328296
570.8944531146855,5.396059462533309,121.07690797961355,57.75803671458182
570.8233551156046,4.519056285878378,119.90230099925962,57.73686606593856
566.5079029385013,3.9759585479928283,120.47061380073174,57.491823748740906
