343.0,112.0,43,21
338.06829719573216,110.69927261703761,43.43899764955131,20.680556328424792
332.6793278453551,105.75805801091936,43.86366486593042,20.92397034290739
327.9830686464009,102.066976984301,44.10113107878021,21.036151011866774
322.6837662339242,99.47160836519734,44.451681399339144,21.280858586988145
318.39637070806344,96.39205087582567,44.38251340565043,21.604631158504887
313.76000371450004,95.31690508979523,44.93973225605855,21.6374453135736
309.3565122636445,97.10972653469435,44.956126778863386,21.819029596626923
304.55826040881584,97.73057055768808,45.31844622338396,21.917963498881633
299.49638545239185,99.55431831866562,45.33337045263813,21.916006307004686
295.2234813239342,100.7105756467547,45.093137449787804,22.094611035592138
291.3324900815339,102.10011301628307,45.074575195818916,22.291610515285424
286.39550845176853,103.69702458013387,44.79266229568172,22.286447055552557
281.7282639473776,105.08732622852007,44.99046307204159,22.35111963768642
276.72733335103527,106.45672433122289,45.44534245320292,22.250415473296428
271.999217931712,107.37910102864981,45.52404033286509,22.273719329419126
267.4375304887913,109.1481442381172,45.81335454976113,22.493857397789036
263.0295669100924,110.92943792529381,46.02855844055739,22.405070682615495
257.75107341244217,112.12537062908281,46.24768532843599,22.480856642224996
252.59278377435513,114.12361446405875,46.59967262462958,22.52408760020283
249.0203349598988,114.80906932167454,46.494097231081284,22.655192045127468
243.15771423922624,116.07486818041352,46.551202075746744,22.910047574719844
238.89262566672664,115.19844012969452,46.88914899613657,23.237732777720353
232.67367530753248,114.39102181623373,47.16662643571631,23.725707832376283
228.9517426029016,110.05902202239723,47.6239500969312,24.424909446416486
224.5075186336323,106.96407402919174,48.2274401497276,24.750776502163408
219.06544858131417,104.91520213819169,48.525535942840406,24.862863545882238
213.48147445977526,104.08841536787489,48.70552337048852,24.76755097811741
208.48361098496974,101.95034152475006,48.43904328884956,24.932355280577994
204.3947510472332,100.88940993215398,48.222399761002364,25.37381380268422
199.39703021747926,100.76865344043235,48.28467491660399,25.784333133783754
195.12517383609696,102.76080398895854,48.38844627311859,25.939314263293866
191.77493176478416,104.06895265876608,48.28831701242388,26.21472529770221
186.69867309163115,106.2968439869283,48.46294434408144,26.408829726338716
182.77858657767183,108.30946366742751,48.48680267473445,26.557860995223123
178.15080951926046,110.42893797206212,48.44041587358843,26.88457095528982
175.17949401416365,112.08024068582498,48.125737923821134,27.319895825615674
170.66657250028865,114.15171296725649,47.72528090274302,27.592600676815167
164.76514624301547,116.44237741626245,47.891750360648786,27.970942799311036
161.65045041243548,117.19947295757612,47.82945501009001,28.815363777230562
156.7610861033473,119.14095001482745,47.6380145608835,29.85324706507166
152.74434080884194,121.31154260073633,47.60958498387862,30.861472903996088
148.32612663455123,123.48998518714203,47.74230849847565,31.704813561262817
144.78509016973973,126.33340804522626,47.916727619504925,32.236961985719354
140.5004718088656,128.1459519863344,48.368883652776645,32.385067462878084
135.79568121783512,129.3941531931763,48.54918627038445,32.37804493200681
131.34270915594865,132.6116091968825,48.4350650865402,32.70735411600062
126.53254977001555,134.79682459453667,47.859018501961074,32.91912241737198
122.67470559643778,138.09443536974365,47.9087522592729,32.79498546168458
118.46316228474983,140.36064273572043,47.83595875569566,33.091672292231024
114.48285586702184,143.69932873836666,47.84918389583915,33.00641759650884
110.25177421135544,145.6138956162368,48.038397988421934,33.25276907026078
106.18453000219604,148.49179150508417,47.85782293017823,33.215956174402
101.31702917226713,150.52768876302267,47.707463872262615,33.32288785481405
97.26178145148106,153.40765064175847,47.735256677116,33.33667625554558
93.3268419884489,156.32467807143863,47.67747752212563,33.46816705048212
89.87079997110457,158.9400001587716,47.777229403493976,33.629566943199
85.25043241715848,162.32773939156073,47.765233188143974,34.140114478597326
80.81887350403558,165.8379532497157,47.99358538938978,34.52306810994361
77.6970441811287,169.2752572970718,47.924667741258226,35.63196526425484
74.00068752789204,171.80886898948347,48.06315436316122,36.25602605911898
70.3984255849903,175.25166476816304,47.95789431341782,36.26314995586142
67.33485565778135,179.99993178965371,48.30984190709356,36.297255561317556
63.67290032630464,183.31734307807693,49.0012910221954,36.577090577244554
59.80188384158717,188.73369245201417,49.2009045580366,36.54730930983887
55.74265000742314,193.10218964977554,48.989309360153726,36.511990329355186
52.75799192136583,198.09824454818366,48.216941572307405,36.61714005402331
50.280130823330765,202.53485151454788,47.73131855353379,36.603667332232355
46.88325194233654,207.594294579184,47.62033693563941,36.83011811702262
43.300363817721454,211.867617346459,47.52039663213522,36.88070158637884
40.59076542296617,217.58560426680071,47.41488944215359,36.59098323885953
36.95070330592327,222.0685469050381,47.521307621551905,36.984533997541035
33.30618528234599,226.81935940896713,47.637782023198646,37.36514165569856
29.97599766123112,232.30181126652786,47.86163382792839,38.08076467397552
27.752147382101466,236.5919764327775,47.89676724751582,38.46521705631998
23.354150555676796,242.50134138292816,48.30759854684953,39.39993564234681
20.703610502652324,246.64492100854673,48.16612799371879,40.776060692867475
18.286316097732335,251.91548962436443,48.138396857269704,41.128356078419586
14.875795431718807,258.0264672411886,48.2061270320702,41.088194057661944
10.673978274744446,261.49983983073173,48.26132689777673,41.26806631021622
7.986137704243838,267.4953699681265,48.43937620284045,41.415693169215714
5.664933558708803,272.6494932370152,48.63396955250427,41.78150363827434
2.9189582505102862,277.0225685329053,48.308430544877865,42.14239345176753
1.590066502492558,283.3719805275218,47.3427704373977,42.220012943979825
0.3812053233728463,288.17501100164395,46.10248803489493,42.5165551451496
-0.6197858367322056,293.3481042512574,44.82526503283941,42.54475829436025
-1.0673974460966562,298.39144344557724,43.260481537701125,42.82389411470485
-2.4283817158645924,303.0193328884316,41.35111767977606,43.213699335441405
-2.6584736123075317,309.1171288817262,39.42629170703694,43.47870915549292
-2.3786048863564524,315.00711910801374,37.55924224341603,44.513548038855276
-2.29627700574812,320.87685670565867,35.89431182399624,46.5590154705186
-3.4737124009800233,322.6841366284803,34.03797045625692,47.29046392565653
-3.0453767287235394,330.83529998824315,32.72132291545489,51.44980712800594
-2.3240559970511825,330.5576542396673,31.556116754844552,52.096346183751436
-2.734238132496092,332.7146385531613,30.07464691928906,52.36474450012267
-2.542448448668482,335.1901855519637,28.535046433469777,51.991058339432065
-3.0565011426385453,337.21191049382793,26.938212856566153,49.67722271351604
-1.9354988783790823,339.99088235936404,25.471751540937852,47.918168142599995
-3.0900523048847965,343.73429816755095,23.983632441800843,47.36796677524963
-2.3140626734380874,347.21847056597727,23.102124370313675,47.18094827234232
-1.4856507466462503,349.60211618169205,22.9224733682925,47.299658627826844
-2.2590507598676375,352.53731287031866,21.899571246297775,48.08138011873764
-2.9649822528044876,357.33762365818166,20.657564603265225,48.18099963187892
-2.16233202682686,362.828435619357,20.239474234317782,48.66606577300483
-3.0110328791666863,366.09221279306587,19.465074181184935,49.35883308086049
-2.8563786767860826,370.81620773931735,19.270633940486228,49.947113329959066
-2.3511497769793497,375.7710975149236,19.133955437747762,50.59115152776995
-2.2893946063814923,379.5399301522004,19.238762357294235,51.47613945145861
-2.1213164605579085,380.9735603152601,19.44858079709238,52.27321628354231
-3.1838362017062085,383.1936490864988,19.385784586029605,53.547821455908675
-3.0530699768797067,385.4098771711574,19.241027649071913,54.87056853366174
-1.7752913907349317,387.59315838652725,19.71333302561049,55.84510107362522
-0.9162356649878571,388.5945702436089,20.598233659077277,56.48157484481341
-0.9627486934196483,391.90803914753513,21.633993480589297,56.52664936606254
-0.2572451361770689,396.0227643735129,22.973413612197888,56.51753582816942
0.3706280092618641,402.70563253831136,24.072724084015334,57.17236834622883
0.5182746770004094,407.4204414718441,25.163188194827306,57.017744375647794
0.8560278399447938,416.0108713552276,26.778193953899475,57.43612777294317
1.017617154536012,423.14780486490804,28.298811101084226,57.760405284832416
1.4641071907808492,429.05520561919064,29.785561253203927,58.061189103415586
2.045173323327255,433.02916476501946,31.490433382642365,58.02002435179698
3.278211818767854,436.08508664060184,32.84649994644867,57.55962408207755
5.109681322508017,436.0668406792358,34.084775538577716,57.28495877824719
8.025523383957502,432.35806085007385,35.218789657866246,57.16711804594608
10.755934644222798,428.78426433013874,35.51672568225753,56.995481959839736
13.119919892845637,424.5536008206729,35.85581756294154,56.856329852794836
16.45698234876476,418.64670959056696,36.71910720188454,56.867133797381754
19.506426114490708,411.81538429092313,37.74000116457327,57.27761764862244
23.757291406300883,407.548082462889,38.61160737294511,58.09142662695642
26.24776468476403,409.17230600821597,39.37461833555007,58.88066874528677
27.677045136437314,416.00123765368636,40.48665374568006,58.682323886963246
29.75754682974355,422.008453739701,41.74194064227071,58.35273668563704
31.48406845112409,429.1085381848111,43.39473236044713,58.200678757330934
33.9368172086951,434.70883242947906,45.18689719882073,58.395903256276256
36.56865759828298,441.8804744757264,47.15693529171528,58.38301772335194
42.98613471105148,446.2557479797289,47.28770982594392,58.81887208253437
45.42037512579612,452.93173497602754,47.388589348017135,58.847620135835584
50.56921481462255,460.08340246828556,48.012510312161155,58.5173533886242
53.244098536600056,467.96650897319705,48.59200312211239,58.12192895301992
58.833875597714844,471.19545893621654,48.69418728113281,58.393246556277894
62.60785348600119,479.8165494449084,49.56134686100543,58.112811754714436
66.48967837066786,484.7222379382335,50.2042217498752,58.334073317868906
70.52854055435677,491.77642062610664,50.94206439909897,58.664489680403854
75.56904669157397,496.5028660114583,51.61144885318018,58.74803689798177
78.78827130819509,501.85045652262113,52.17946934650044,58.555358317062414
82.31779404257372,508.49510132360115,53.044068897274414,58.50048949146955
86.65776377242317,514.6879142708519,53.90456522859117,58.52428742509303
89.93593453546876,519.3952148767506,54.63728620249998,58.91402276114728
94.90752901377328,526.7407522341473,55.31044551249251,58.600236864713295
100.15365447348672,530.6501120674862,55.69188233720623,58.26680772537917
105.95960112027637,537.6679943437288,55.90156802311911,57.70786507230807
110.93135513969813,541.3868261848539,56.29758329970532,57.776808445721926
114.24786578259427,547.0572094999668,57.073879030514576,57.60921381256651
119.51758506938435,552.64838845708,57.32177871377034,57.414587831933716
123.89904955701829,556.8829920415568,57.77953760471342,57.43505046278479
128.85167480172157,561.9475031024338,58.22382019636156,57.118299459195065
133.49592651192168,566.9761464785971,58.65560791365666,56.99695631038398
138.89209498630146,572.6069152740107,59.31271859673301,56.507894915845796
144.01059317279277,577.8795651901326,59.78992510460976,56.259515859969255
148.47738159560944,581.0933601680138,60.10767577362488,56.232881104402146
154.06063665884108,587.1218467546005,60.67642565692721,55.898472628494346
159.23155168776466,589.9532288056556,60.79300014009567,55.68987112404034
164.4529035689991,595.475659791562,61.477127432314305,55.5666857879698
170.41764475363382,601.6633366726202,62.165152997615166,55.37352196725966
175.55197934814476,605.1064265398267,62.580611616210504,55.147162789487226
181.8111950359558,609.8406131037657,63.20799322886969,55.510180042468605
186.51140820610627,613.5221311271503,63.551524408099965,55.23366132968377
193.01966641548717,616.955374804903,64.27919439070537,54.956392113826666
199.21444955126262,622.1775743163229,64.9573161074357,54.671661059737055
205.3864155663268,625.8585115681693,65.2274893019167,54.28813433436441
211.11279653620542,630.3452460431903,65.80181171274539,54.20776230815076
216.61841099236267,634.0596072859006,66.14455618910279,53.64268728366751
223.50564838739248,638.9009051682573,66.76122519787127,52.99921505411038
231.1860990851402,643.0414499892796,67.22258942737582,52.68000895698773
236.96565713372536,646.2418238874278,67.79329510754927,52.326685477097485
242.99515392653424,650.3582774892209,68.36790747896275,51.84400715534724
249.44198374687645,654.3763336679542,68.91933145644242,51.3660002666306
256.15989762080625,658.4522131666791,69.21143949959841,51.14147210414178
263.29197606784385,663.0577243622754,69.38069325005448,50.8625481016211
270.25452100883297,667.2454113352296,69.34984470108411,50.584479453564285
277.199997394663,671.1281724257302,69.65794283274425,49.5423001680708
283.81439034678215,673.7744515499045,69.96672406717794,47.73031748124576
290.5116842115366,677.9723442825465,69.74549144020804,45.26316665951639
297.2082417104165,681.4853348027417,68.9656271748702,42.73656000877436
305.08028753930944,685.6164933959477,68.36840136181081,39.6231228272453
312.2477109957746,689.4091765450236,67.99255408266964,36.709951963663904
320.10216696739275,692.0296152430368,68.02114519119111,33.53957017310606
325.0634574195686,694.8928399962658,66.29291548312847,30.344553772116733
332.6071463740623,698.8381491770998,64.32187058195348,26.404329087206712
337.20932374112755,702.0647685187267,59.94582395329181,23.04085786000748
345.8868495191177,704.8099483219526,57.21684051254593,20.415869957657332
346.0406587719638,708.2226339692318,53.642666220720756,18.51229736915362
347.2338337438127,706.5407979835488,54.11305150651526,18.293693949894426
350.7718766472196,699.0458574768493,53.349770875482676,18.69769849844979
353.9006259516746,692.728735020632,52.12178276461952,18.948551076900046
364.94250504244354,681.0179927626908,48.95649687312073,22.241083566415206
367.4483605153244,681.4761069955961,47.64821610314023,24.24392248341715
367.9267260924766,693.9343133054516,47.442308923445275,24.21671579632345
373.7020928863648,697.6910027765006,49.21127748410633,22.972944398170764
373.87444600428245,700.5661416906963,52.07254964182575,21.294764348099644
374.98815052782464,702.4476910345395,53.54985250880381,19.40680298951481
372.93256770260643,701.1493892033034,53.63802316412308,18.997699864877585
367.44436533612037,702.898577145657,53.532442423462356,17.986628667670374
363.1687388402342,703.741367193755,53.38089084980506,17.10645323456034
361.65221307957177,705.1174510995899,53.18963817191118,16.514517966835914
357.9749773459581,704.7976735305733,52.9134181108182,16.335484848033023
355.6441586183195,704.9838838249132,52.87511965300938,16.09335905915801
359.38217893891994,702.2059800734019,51.18508975399608,16.59122894011042
356.16012034620434,692.8349626678416,46.76168374606786,20.696728106699446
357.7838998829301,688.4974732940058,42.083781044686674,24.848666082886858
360.9069656317673,687.2159501996216,38.69676514759813,28.052062613452
363.6607597454812,689.0113270772109,36.706495645756355,29.42114772546092
364.2383506863217,685.7637010256419,35.15545499942684,30.813334337876345
364.1475710741499,688.3345745268904,34.42217352552835,31.08984600237159
362.94425120579126,686.5699446654597,33.97622842337843,31.529155163709515
365.42133757331635,689.066946892174,34.92766481918764,31.321008864577912
365.2427083950347,686.9086322908424,35.62910042184461,31.676609014506546
366.81029188100496,689.0115153696946,35.91185642353691,31.473482627309906
366.5098343926092,690.4664858708315,36.24049356829724,30.952320311559667
367.2370036911637,689.0761755136422,36.74388812548513,30.902710313047756
367.39961017849953,691.1443334401287,37.397633280696205,30.41838725792619
365.12958412026035,688.6537722317856,37.118837740924626,30.623188263479584
364.33236713320673,691.0912678393543,36.762023546086525,30.297742336428158
366.0520491480337,690.618215829728,36.90662863264355,29.964534221891682
363.1729080426305,692.9052042076667,38.27765803583265,28.72245138691274
360.4193308193682,691.2947512178256,39.091834577083915,28.473874944719864
360.08748633984146,692.5043680715999,40.22274765723115,28.154571046741605
355.27718263928233,695.0636396681284,42.793702958740056,26.67485231657524
357.02187945703145,694.9220382747086,43.18602319042928,26.351213062399214
356.73652808789024,694.7137619175467,43.78352036230551,26.228352324574757
353.5135624161113,695.141820073556,45.520421554496174,25.854413746930963
355.09671157127224,697.1041796301828,46.34510529983835,24.87689922352111
356.15015106138026,694.7300664566444,46.5287689221614,25.33052413016818
354.99649336004103,694.6432140301362,47.20418735218362,25.69404831912219
352.9646806589273,696.955285977068,48.72200586964543,24.67161951314913
353.2871156641287,699.116858375008,49.50865441393012,23.48163816941767
351.51141173421684,701.0547731569777,50.27753053547258,22.070591320321896
352.4015259701461,700.7596181424561,51.1025877081453,20.99656419116195
353.74587574966284,698.7427998428317,51.740456752627395,21.126071762090625
351.23762276305706,704.3819573324727,51.95656294556559,19.757012764253776
352.86605285721413,702.3856790744071,51.64586974943891,19.588833196400717
351.61495316289546,703.9303157583917,51.696820969130926,18.325365492493965
351.6029286208163,706.1468461328154,52.689803158758124,17.203858698724506
353.7361346406202,703.5567519823293,52.62079407325181,17.46279761004847
350.3626972860779,705.1845228217416,53.39220491514892,16.61814460309889
352.51807809635426,702.1951304894911,53.03481243522112,17.685277656271644
352.64017910483295,707.6959485250516,52.82248602861535,17.09201255683036
352.68901306659893,706.4972846252762,52.94779478965369,16.686361840756298
353.82402351553907,707.3994355109372,52.029580532398434,16.702677745215475
354.46765459757717,705.4001796571347,52.28212854898632,16.77845996063286
353.8297571686356,706.752160966606,51.78457745960381,16.470142483291948
356.4690659465322,708.5852136317095,50.812478458498035,16.445272504647296
357.8438705565798,707.3708791628369,50.039279150512215,16.471292516611324
368.9684341283688,695.0378009233228,50.22107546884836,17.825010030795827
369.9011489029058,695.9550366341678,51.07215287778214,18.59020901926216
371.8136108173755,696.9372776630154,52.4414581748193,19.7030890221137
372.81562742718137,698.5215540308851,54.318055448371666,20.474218293210324
369.6408144160447,697.8549692965188,55.21028400970751,21.442351751200803
371.0818376156427,698.239761987551,55.686910706214576,21.743384044917605
373.42072086287504,699.2293779793301,56.81248893831239,21.874473106281236
368.6329565075781,701.3627451083222,56.12124823972663,21.198467608062593
367.2723741078426,701.0857269059093,54.27130708216635,20.945649764841605
365.3687234961377,700.7253192833698,52.68494680655275,20.73700639175658
370.83809760133033,698.9999590352187,53.16085618894091,20.99862471520713
372.48447397934854,700.4048017547317,54.21745340849043,20.936742010556134
366.7886326613682,702.2848668733379,53.97391265577927,20.058340899320303
366.6592214451732,700.2293284069841,53.78575938016141,20.19935557616841
363.5936699620999,696.7906370079028,53.34967789806582,21.86221505890144
360.44884266214456,698.3874299952723,53.01123496379678,22.192799006037326
363.54110512164266,700.7476646643577,51.156421958863106,21.334283403218144
363.84382628834584,698.7220822104529,51.46246339010515,21.730586860832446
364.1589364391718,700.252408029758,51.776044968336166,21.310987468315933
362.15107998779513,702.2566439501807,51.896127988276895,20.38205969485362
363.04296103251755,699.1166010694513,51.156189141019624,20.949056467054383
365.1706139528704,699.118574901488,50.56518994093888,21.420450599856018
360.8848715532601,700.1231772850965,50.35765252336263,21.268621931271856
357.748075337627,696.0496330295142,50.01453047708982,22.739318840874006
354.8029650387405,696.1933858735559,50.333843482089236,23.585434368610677
354.79934865724783,694.433571799433,51.81901203609027,24.27246669166123
357.14817165641955,693.7592012190769,53.4424262184109,24.735877652178214
364.0633397143251,695.3025531177076,55.29251002447481,24.778873561948046
370.289825793139,698.2534437661898,57.76017690493286,23.992235087249313
367.88751384874456,695.0135559655934,57.70641761501091,24.48668964352029
368.75937555527156,696.7818528424472,59.70092967558966,23.845496890789253
370.15561198725237,698.7087954367486,60.829629907331224,23.35316870902229
371.34347248153637,697.9199183962344,61.63251304473978,23.178557677746056
369.61855536878295,699.5691670286553,62.79426133274656,22.64626524688859
370.4473193269984,701.8321026293411,63.26943910479224,21.711015993759236
372.2592142920647,698.3553812775577,63.79860327622218,21.960830157286818
371.196926705756,699.947801327317,65.07596470372236,21.830097723783865
365.51999262126753,699.4436084163573,66.23995250160561,22.06422207109396
365.9120947673184,696.6315237502475,66.77244437649594,22.469946579094792
365.7514556095251,698.646985423694,67.56845413739501,22.494961952905015
365.389160761361,699.0817189925148,67.89439271067644,22.4321812166307
368.33486811777504,700.0425583810846,67.23982492167644,22.177555662147167
369.45359427669683,697.9529687409376,66.71678910773919,22.310867022519282
362.91684176424894,700.0882722568922,67.23173090021311,22.00174680701639
358.58696423465165,697.4428282704747,68.11276891839198,22.351808363835758
359.05502171173526,699.4318009114517,68.71467886656856,22.402061324069425
360.30990743470187,700.7727158236845,68.7948274645806,22.161164727142772
359.5878218101618,698.5076827095345,68.56716949002795,22.17292040856766
356.0971559587946,701.0831793403171,69.0177699915905,21.55014064797918
354.41827507438813,702.5249190793627,69.39184340591123,21.116658118129994
355.066251891353,699.6831041603366,69.76555224756754,21.318506950322906
360.8247940211867,699.9072308640896,69.11242062461889,21.383696535980953
358.8182768789923,697.5906538111042,68.47588825861693,22.01163213609254
364.43245693028763,701.2686758947043,68.02105720876065,22.24636250502494
368.3066155621541,698.1058606885335,67.57336860713714,22.43847851306959
370.5241845744282,700.6491126062745,67.56579711090923,22.828155707861207
371.25825177257997,701.2448992821688,67.38439061987916,22.80592439708818
365.9555114986267,698.8871300722044,67.56634821856689,22.713708300415444
370.8725547585912,683.9082826165518,63.32521824160669,26.168748182423844
367.10912261150656,675.202680612978,59.15403871253369,27.85111613000096
375.09890957023634,672.1448688364748,56.49961433120705,28.71730425820284
379.1465016327272,679.8972849722506,54.42686062614713,30.659066224932346
382.5958739273013,677.7744975068025,53.641900827038086,32.02887821637538
387.58579556579554,674.7846430947752,54.08616033325264,32.297725834375285
387.70054803128585,678.4286964507163,54.31040601262365,33.013586407649434
383.4636437103058,681.2171632100974,54.1095930725525,33.87779973947306
385.83725829342393,677.7009484630428,54.078245253972455,34.23028233416844
386.11549015527856,680.8570552396736,54.56133231151318,34.7480095768052
387.5628019225412,682.3126706165508,55.166495153941,34.72589320293345
401.46313539002693,665.772718612902,53.78030270627424,35.26153146316071
403.4263385902366,661.3578117950499,52.78730695038626,35.930670050037065
406.5971828757275,655.9954012228925,52.63823007374023,37.11658128224244
407.66044668006174,651.6927814485175,52.91078083421244,38.32724380462525
408.2241247851757,652.8726840378424,53.390800722617286,39.63649074999884
409.24282138693906,650.3454990402846,54.17138542436409,40.353534695309705
408.94683219498086,651.549891377941,54.78194901335857,41.29774684616891
414.29850143449687,650.0015163725822,54.90531646694373,42.734783111769175
423.7562960509601,631.7027156088726,53.95856878675174,43.261797480985166
429.62099105328093,608.384039405462,49.258735056524074,48.0067701270644
449.27999170128663,590.8096295629535,50.68159374586423,49.08770345954203
459.56208145350547,569.6018877641909,54.53350616037187,46.11169230609082
459.76062451704985,554.1835172462421,57.21997716218939,45.098900260933696
