533.0,384.0,17,11
532.9695675458464,383.9968816108732,17.25710437974276,10.646537528986073
533.3365650315471,384.1773485715381,17.601463290177193,10.461270416738174
530.4362702312484,385.4875224565171,18.25151349258135,10.0823586514189
527.1606043822254,384.6467475891113,18.93950290547095,10
525.6388071978678,385.83973121643066,19.781868178727407,10
517.3832965846482,386.5733871459961,20.311123658096143,10
514.620887181428,385.8404690035905,20.30439110345263,10.254322765524057
511.3375922766644,386.727506422292,19.697084123429,10.952080203511688
509.8304308824695,386.39611453980916,18.972023214309072,11.541911697969539
507.41856448747365,388.5046074737315,18.447004936185493,11.958150317429624
506.52110584581413,388.8054195859634,18.069310982932247,12.172680572946224
501.7131399597175,389.178171955911,17.92242918701026,12.202093435590042
500.03904767910944,389.77801058371983,18.347083169613107,11.91481928666189
498.5472428204316,389.62321399505566,17.689453720708997,12.243966602173868
497.07203352493894,390.50879485684624,16.958204983813467,12.6405867084267
502.1799206409053,389.81705175796566,16.70316988762299,12.813165923765943
501.2707720151256,390.28448357381404,16.756627966819096,12.731131271561345
500.07298059721256,390.7451259539678,16.894520372957633,12.79353868044333
495.68651022487074,390.42558898749263,17.13183947457486,12.867953494741322
495.9534856170281,391.212775521764,17.327693682935987,12.871442212087254
494.87950816080826,390.7419770205861,17.45501489786595,12.894620330165736
493.04367875714695,391.64739344690986,18.042880065051797,12.830834901834537
492.01998266655,390.69381585972013,18.1950314625543,13.001913721233583
490.4851152805758,392.0245656368004,18.503093260869793,12.948988080647243
485.34856709385474,392.8094637413236,18.841234037388194,13.057116981464134
484.909947012317,391.958542090538,18.972914508080894,13.12332872175602
483.8775184571296,392.1715591449402,18.994268810838413,13.31068267447501
482.4413863899986,392.8588670421843,19.353856706086678,13.432008042096339
483.0604930225894,391.8061641982122,19.57861035985043,13.491637362852963
489.9871803884154,390.3525853097352,20.721039461206303,13.18424893619361
491.7393256873154,387.50479128701426,22.343106895632886,12.869964545112088
493.2926957129197,381.94064989392865,23.397621727236817,12.667558854720845
496.32278845601354,375.5736831487405,24.036441368002222,12.540301549198745
497.6525263357974,365.44838685686045,25.06053647025091,12.452034574853318
501.1038683695893,356.8654505830951,25.72434257600692,12.589296892891882
503.13099390527833,343.6238945275566,26.885446424062465,12.099024146791056
508.75455655305285,332.9765439152171,27.619079795505645,12.257014250864543
512.4732806204205,320.746611406989,28.390135383914796,11.878630060777803
517.6752613406488,310.3776211927047,28.994161919532367,11.682307205655057
519.3819382850312,298.4546690847516,29.185140000982436,11.957677669119885
519.7997563656303,285.6507552759039,29.378220880799997,12.185450812938273
533.8965475021004,274.69300610349114,30.341537106394917,12.21565328984385
534.8523897528801,263.56319217348795,30.35627472397626,12.455852896676394
536.2611243714316,254.01254125185866,30.63870477886522,12.56379231317721
527.9897900105288,243.6434387349558,26.78717794403014,13.620761079893096
538.4082792573655,236.91700065301578,24.398815478188993,14.46376633312863
548.5955267559532,228.61743370285993,21.802091477107258,14.91814010160437
560.0817068676073,221.79163480845972,20.512226370986518,15.476903417748513
571.3551497253239,214.26221888378453,18.8879480774282,15.484496253427016
582.3627000554513,206.6479817916871,18.286360600767228,15.40154618225079
597.0215331299672,199.63016653193796,17.373632195876205,15.235527989590876
610.9126645998354,191.75217401947728,17.755622491003017,15.097817183213408
628.2533213612134,183.95401828703567,18.972738838852646,14.775908128077106
642.091476782036,174.76430074538928,19.996897967910442,14.670468486028081
656.8615038457403,166.5921142288019,20.976497160814283,14.807100735511437
672.0938819434052,159.63604113688055,21.811591429351594,14.810601289471343
688.0920076272307,151.21754687313324,22.676866550958444,15.055762424387819
703.3490084749791,142.88003125682295,23.471038988762462,15.27635258645177
718.4764317862926,136.0704598340044,24.21291935588161,15.523402231405244
730.7578787068851,129.9375096896886,24.14175525102473,15.591167144060297
738.1283675086183,123.92907641612305,24.345220396581645,15.535256896757815
730.9643094176456,113.3009553370024,24.985165191808402,15.199778473944404
730.56115440072,107.20058435511093,25.048601080151652,15.314514273176576
731.9729770381705,90.42406230362293,25.195819147536,17.067479030449455
728.2352137351783,78.66251298118897,24.67586235508287,18.234963966821297
737.0870528031618,71.44427976939463,24.42243293737755,18.44959811501935
730.6288506125361,64.98236589166675,24.082718544214888,18.461049466666505
732.8613195085455,60.838589475519214,24.571165151610032,18.23992004798501
732.764691496669,58.99072037014997,24.61161203229686,18.254711908625843
731.541962831672,57.71724176616518,24.70057827342362,18.157313342669642
730.5840693585661,57.17277903896925,24.724878098053352,18.131836026065393
725.675305821851,62.464795126353216,20.788476033299855,18.777013751199814
741.7696559954334,60.86562010718098,17.71224822031486,19.434348164544286
759.5093161993045,55.60298428873568,15.63871241950628,19.55433873454035
777.4033092914915,54.134524674643615,14.201136696558022,19.368295011064326
794.8252627049058,51.22211294290729,13.255049388772502,19.45417346721276
812.365395115525,48.80458239135192,12.295824911772382,18.82270472413209
829.7402737300957,49.02383202969352,11.514443842298693,18.00727521063249
847.206751763399,49.79576306703772,11.11337864483283,17.74140919917652
864.4475084561433,50.89136818928072,10.829153772527812,17.904794139016687
882.7789998818665,51.904959985329995,11.163668479675248,17.17319617924236
901.2159002136357,52.71822337464026,11.124439654515651,16.2800602087273
919.9448985930778,54.326646594637,10.98551943371731,15.111095848811944
919.1263552928039,53.80873177817731,11.785024399743818,14.198149236614132
923.3987636739356,50.84876014018252,12.333461726835758,13.640278791900581
918.6820971817924,48.438898749102016,12.1659760770889,13.538763628504954
913.1689012243068,43.351985807307095,12.71432920421863,13.320602665170965
909.2606912955663,40.345540364026334,11.952475288506161,13.48934682321686
913.3699418281699,44.51700649295772,12.000438456697422,12.956721114426355
919.4229986566222,40.39690074496922,11.302154084460572,13.653975304495146
918.052554090924,38.296324396368455,11.229463656530825,13.390776347643952
920.140498345205,44.279593700912166,11.391450514179997,13.376649390167852
915.8495711611396,45.16268577330214,12.186161175035338,13.0377571155051
921.3897495265485,35.28492144276343,13.52938079919796,11.801685739961432
920.3766887662803,30.005167972324266,14.360391998689513,12.088109947685453
908.5494544843928,13.749241215708397,16.122385434290628,11.274714742655473
909.2402589344674,10.882437201790625,16.04474687105545,11.422106797590626
907.1764435937049,3.819570806237003,14.305422749113605,10.411326832350213
910.9214640890601,-0.31538964219442533,13.443567030619977,10.794887560756038
916.3141713008199,-3.8425941467285156,13.028536823408968,10
916.7967202903552,-1.6793670654296875,13.49672741855708,10
914.0731056066662,9.782638549804688,13.20865862919691,10
919.6840846042301,14.195440292358398,13.65110645682304,10
919.0863918540161,16.2067928314209,14.337367201391494,10
918.7444313930952,14.076950073242188,14.762331214053711,10
916.6727445491316,11.839460372924805,14.563778327273818,10
907.9706396440065,3.8094863891601562,13.78724015168419,10
910.0840669093061,11.95343017578125,13.870085633292028,10
899.7408598632719,9.453815460205078,12.493549591083207,10
893.4215160268093,14.428693771362305,12.7246635640573,10
898.891889101068,13.699195846003477,12.427773464123758,10.307216675912969
891.8639609951471,23.731192875223012,12.609812232118035,10.188268088665302
