376.0,280.0,18,11
385.57193315811617,285.1317588989371,18.33812068327934,11.006036340309425
386.4190648817811,285.2661953152381,18.622845883410506,11.00255962587145
386.96325369301957,286.48720634091603,18.89124545209563,10.950815437064415
386.5976866089393,286.7943398972859,19.033817608537433,10.89043473789893
385.94166071442913,286.37639378022686,19.231363629735487,10.884400397309978
386.2215211361565,286.8835368737076,19.197056299464336,10.910324934225436
386.8871772905783,287.9992564459221,19.113237734517252,10.947554918214399
387.187918043289,288.00300741127535,19.032439517670067,11.092095376423943
386.25037642107014,288.1165056998433,18.836027705955434,11.099031294405183
386.97120728175696,289.1553388685921,18.962485033654,11.369406491331475
387.02833514247135,289.6322381587804,19.317009829803435,11.318733673894307
385.55683237263395,290.1148892367786,19.34128368002505,11.24404507380611
385.2455077181857,290.5273559578349,19.497784612456726,11.412657163920045
385.4328257353101,290.999621849311,19.89662041048338,11.584466018174943
384.67994880002766,291.917282704468,20.137153638958363,11.755736104735938
383.6782827502636,292.80851320698406,20.064783071250243,11.878044997164732
382.3778330141297,294.0483372179621,20.22671388507071,11.922528750110905
381.3716997692753,293.74483916052066,20.269154630150553,12.104712548099258
379.31717953009814,294.82456380335424,20.593851389022447,12.109104509990761
378.96689866363306,295.23116605045465,20.957293065800307,12.483918814618034
378.1302575348134,295.9615626041286,21.504057073927957,12.944199620844444
375.68070210512593,296.79376505639715,21.807594508009895,13.124048256346345
374.4774553978937,296.62396138046694,22.059310395618766,13.382112639456707
372.58119031099386,297.04335065760773,22.172442986410672,13.742758828827458
372.02337142605205,297.3234099248241,22.519556586372506,14.317413548789336
370.017769485847,297.56823563911126,22.444906890122432,14.771998875586078
368.8295141362631,297.9403726460929,22.631880540950306,15.221198677540823
367.54557015693405,298.904566406816,22.588036016698318,15.39449572640711
367.4292872589508,298.6648356418308,22.66119324332889,16.08728275686574
367.0908980689943,298.70525080407367,23.00343030244105,16.799421182380044
366.9837946944441,298.5438783371162,23.346207608182056,17.22219510799414
368.00362506656086,299.1437940395038,23.593846973811907,17.655382196871308
368.67121460084536,300.18671132970366,24.72020049801636,17.297964059342743
369.535533915856,301.36284575080737,25.895477273268497,17.214890773775902
372.74754020203505,301.6227312272545,27.245710916730673,17.309133492756544
378.92269777224743,302.064632242524,27.351137658630115,17.288544047666885
383.7768317624866,301.85057234540113,27.611650195729865,17.176281456658682
387.6849519610741,301.4175147912638,28.908805489472897,17.234664936515436
390.84417879967583,301.12811886055584,31.59734796705459,17.160876536700847
396.98119970727754,301.2206803284623,34.44007403515198,17.308883483700413
403.54866348454556,300.9620521540398,37.116875911768275,17.399458313990742
412.30202641595366,299.78870790505465,38.95823354504576,17.622909202097713
419.6464787274213,299.7268792053184,40.8043020666418,17.991531201179537
429.90178872529816,300.2306369996776,41.86178204647398,18.16928782925812
440.83665107451674,299.90778454242013,43.263373876357186,18.239873725218363
450.9862861113472,300.2306511617842,44.69225321675863,18.381310896646458
462.09372405241913,300.31144774506976,45.62044374086487,18.542914141208197
472.8510894016289,300.63068371536866,46.70045486373443,18.73323858732909
484.3682941218346,300.8484699381961,48.44033741551054,18.84319836823668
496.69256283064954,300.5851374108124,49.18057868440411,19.005620869293075
507.5191215104755,300.8942765454393,49.78837135893188,19.115644601992514
519.0558527228565,301.79446955239933,50.13444933944338,19.21377238201775
529.3478824599155,301.71154353590055,50.653661349700286,19.53485207614809
540.4868469941337,302.4668829782066,50.96311936622479,19.724460056770386
548.8657785420835,303.8354313361675,50.71212272540344,20.403729917996962
556.0891690818576,304.3146863003428,50.20371139683181,20.827422138083886
561.4495839428914,305.9781290177494,49.08726705074052,21.393526815575466
566.7879259479495,306.88245563424636,48.455367586522854,21.84569206402686
569.7037139367238,309.0102523047864,47.08938303963825,22.302653654587367
572.5530571692998,310.13762418894044,46.11808304909584,22.64288058940431
573.8706690469229,311.59332725545505,44.96401468935724,23.30529647785945
572.8007348412721,312.48452732410533,43.48269779792473,24.247490456769864
571.8507413021391,313.30618810891457,41.733698059784274,25.074475283635735
570.8133932524702,315.2140636184962,40.03001281146585,25.737850241034916
564.2636370321649,316.9291732779209,38.68259532043588,26.19019928156063
556.2698192766399,317.8812971807779,37.98736950336098,26.925645689713694
545.9424953860043,319.43244706031885,38.324909130335136,28.312969954069374
534.7925722714331,321.3889489203137,39.451751209086915,29.643786424509365
520.4106256437937,324.58728148711026,40.82697258936574,30.36395783876774
505.82624876864963,327.06473866764145,42.23782991631401,31.06810109489288
492.20802401616123,329.255919271737,43.577993410548586,31.508371722639232
480.0492918317876,332.8860350367604,44.72011903417866,32.377122736537814
470.9867268111435,335.82401554065206,45.808261770779424,33.20829979027792
460.48118323294557,338.98680249362815,46.968106861745525,34.02292363823203
453.6321640047413,342.9345895230956,47.77259063065412,35.16011019941419
448.3413104720639,344.99476911438234,47.87401205147763,36.58877750609865
446.01896474062687,348.2271013395608,48.06676869989866,37.676023456132235
441.1917750713158,351.1385831671889,50.51100399555191,38.49791148544642
432.3178648441663,354.4444504292992,53.00398741371815,39.458763020796134
425.245815534462,358.15929706853075,56.87550302531434,40.36581595815333
419.8098790410862,361.5652046795771,61.72953848765179,41.52233874875597
414.76987648916946,364.66164384558425,67.11857984636815,42.69416073412444
412.96716076940334,366.4377375831562,72.77160344898633,43.678975822457076
413.8376445695934,370.9682051745713,79.55149461325465,44.90148790525184
417.5727608452578,373.1365503370243,86.86458725723838,46.127618014916315
419.914285303946,374.0325548222831,94.96779322267446,46.26175650533618
432.1088282315043,374.7625552695247,101.73388925232346,46.31402367725917
436.6612489325273,376.1595664761495,108.1170544420743,46.505871625337676
443.5631571738517,376.9846915610276,114.1624200883317,46.869751094253424
452.49723623455327,378.12889773879016,119.40476611731927,47.460092400837624
466.05612550757735,378.28109143568014,124.7338869853336,48.404087575417066
477.5361599434349,379.9361921092222,129.1243430159622,48.744856687317295
492.97822282414245,374.8953963451534,133.68595700064083,49.820649875611096
508.82301641610843,376.20468316796286,137.74270770733398,50.841877255382926
522.6048420681769,374.00873435923023,142.28464722350935,51.94742843730127
535.7801467933384,374.52204228391054,145.50810393529588,53.52432821294066
549.9869558459494,370.9681440947258,148.7487827050739,54.021071124513256
558.3502321535143,368.2497674791506,151.25904649619412,54.74786341816363
566.546902365765,367.2471262423162,152.13548146231747,54.27371473948871
573.4081730373457,365.13185137318914,152.4890204414219,53.793998364461565
579.6376116164427,363.8696178561323,152.99590256057175,53.33192365052828
582.9699966006732,363.86120699052077,153.59315651789183,53.10762599698581
588.0154900449663,364.0267375658411,153.91754438516512,53.66929555923587
594.671261049361,363.5554957057075,154.73344378262567,54.128075666221754
595.7852719408559,363.16359294110566,154.71779382580777,55.10734628331599
591.4533786646483,364.0931021909746,157.10914995830097,54.82950454139063
592.3761817785676,364.68157236947275,156.95189822265007,55.34558786603495
587.5662390809729,368.04979110125436,157.12851579557383,55.44789551965922
580.2007239809972,371.06186232145427,157.24580698185332,56.144303616368845
567.9469622749738,375.0942059929579,157.88925568686892,57.44903155656473
556.5754926716747,378.72843077812524,159.18135871182628,60.17508882216744
544.0712498787032,382.67267315169903,160.52068536222248,62.32353034455116
539.8470787108497,387.22576175588347,162.07205504167948,63.976966173291686
532.1062017641989,391.33923012261835,165.68216586857488,66.81854140271248
522.1552205157461,398.7186992339185,169.38161371704297,68.62472769183088
515.9024917215082,405.40979119496103,173.7622849285656,71.21233136740216
507.4533156280442,409.73705165317017,178.12615225221234,73.34278359551513
496.7178429824137,417.9021859916017,182.72728553175472,75.44494900068337
481.6892214077252,423.6061465415438,186.97504992136595,75.86423737345537
463.0331474798136,428.1304455523883,191.61019582406425,76.30630097286003
431.3739028462179,429.7873179399547,195.17343606781805,76.75226078757112
397.11058836309905,432.09787420783,199.83272494616523,77.59770098619549
361.51185466441666,435.88179998674815,204.33832832985814,78.6634553853904
321.7603313613486,437.23341396948956,208.65628582466604,79.9433817167826
286.24234996303363,439.4848265790299,212.90831307442102,81.59204575551433
264.30705788162635,441.9675332504461,214.65084547942305,82.23295565486958
267.3881430238148,437.54262550778077,225.8559237302025,82.51728041754397
262.93382108950135,436.95221023499386,224.43796847773555,83.93297424436777
270.8194278931501,432.4220835721746,222.15076365950057,85.29767092938134
276.216167340348,427.535122953577,219.7280733393235,85.62011511579527
275.989291500344,424.71715328363604,217.4520886912065,85.53583961192713
266.5520944068487,419.61784247706413,213.83270846413467,84.82448808053971
252.50130301363308,410.80815526662025,211.35805834040963,85.02717548970867
234.22279500210902,406.8140731578113,209.9982042462702,84.54933628935777
215.3478979632391,401.9516614760048,208.44752224979135,83.33214305140831
199.05641708553068,398.2561364137321,206.91305236458317,81.77263165251625
185.29544348971072,395.9569683309493,204.09253129450434,80.06090922433192
173.6748553012097,393.03426550463456,201.72390542541262,78.12634661524262
160.6795728600439,390.00954513301434,200.16960946790053,76.11353149910802
149.55671334211488,391.3152157701914,200.20243787875853,76.96410428725389
135.97014895206314,392.40886406104977,199.5868703697995,77.69337264694342
122.58971963973958,396.2170474356522,200.1039545803841,77.98124173758234
107.2579752338291,399.16405904239656,201.10948440783008,77.24719166862482
91.38759978413381,408.44229211094734,202.83448823690816,78.3550321721483
78.21487499985219,419.92117414928913,204.30512091094016,78.85155276343349
69.39467229245479,434.2553762568251,206.42062398198496,79.21244542336153
63.344350467856174,447.4107027576154,209.03194878352593,79.85528363271841
66.9029603809817,458.5237199969908,210.11767085180614,80.40341907584259
80.42991545048116,470.8447527403248,211.0821933299947,80.48272810089344
99.20330629011929,480.77651742000853,212.7979238577497,81.51757520636963
114.52373245878854,486.0104519766855,213.30141966494244,82.42940580004696
136.94936971172146,487.0685363974718,219.16858998329536,82.67914272019311
147.6371680701692,487.8426934048702,216.07106943827492,82.40347274836503
161.12827214253105,486.6770696602782,212.4127138326137,81.85715676098658
172.81998983839475,482.7693023350431,208.71830431979257,80.3803330130192
175.31872181957016,482.54009356030616,205.532180689473,79.7385308359306
167.89559393882283,477.1523112733275,202.15822160721763,79.01354609348174
165.47391858714167,472.83627409805405,198.34819096292367,77.64397249480983
162.22976484904058,463.86036019288844,195.44495791178215,76.81046094967235
161.1906484794709,456.555380176903,192.56890598295277,74.95002303242455
162.5558383330357,450.3497924561841,189.36068203754192,72.50048070042475
164.96610639482452,447.8474034914218,186.80284122646424,71.04285628619934
170.08911999814865,443.41265116870517,184.5481470276285,70.04111459374202
176.72555664878536,440.3200631021231,182.59869901932382,71.49316694760938
184.48344181612464,441.08278795077536,180.33213522761403,72.86404903741419
195.10792189347248,443.90042476218764,178.49552858854332,73.68351784623025
203.57385938604995,448.51658711161434,175.83373416979464,74.81831961222053
210.92531408164348,451.56946874975233,173.29897663407635,75.92587420703832
215.85206575460663,453.43610886020946,170.90604457721253,77.09350340995218
224.51532973513181,455.2770597013175,168.9533569481934,78.39152116132985
228.61385188216943,459.42882014506,167.06277017364943,79.98137185587609
234.85251018169748,462.7743784720453,166.79330879920272,81.10370124682734
237.8114440303778,460.180557453597,167.2404923713733,81.37770802981771
242.14630177643187,456.53537267483165,168.74112600035895,81.17018330023906
248.39500317669868,444.95285798797687,170.3134253482628,80.90460964660483
257.0169426151546,430.7216347701063,171.29964901041345,80.00853557453357
266.41346784163443,408.8753676144655,172.2350531472975,78.44072442683068
279.32518856629076,390.1876904054392,172.07860388548488,75.95926732144588
286.4163669431665,375.12294625254697,172.58124469032708,75.10447217996467
290.767111244371,366.35932836097436,172.16469871487135,74.09438496506299
293.30978448325334,361.6670636939689,171.58835492265354,72.2594623947771
297.6530855099719,358.0120385780032,170.2589000860132,70.40386321264586
300.46839584565134,353.0182762270076,168.87260314512304,69.18103024862148
302.39844637443946,347.219309529754,167.34798182387496,68.70822389703496
302.2960012726868,340.90937405896193,166.12568696878657,68.42980992650975
305.46156006111806,334.790769738215,164.53437652083028,67.70055738636296
307.0780614645406,332.2896194736958,162.79032635070394,67.33493799352641
305.0359529280786,330.95797416297296,161.0651562165968,69.48208481614388
304.11055993794037,329.04951057303305,159.44850445273258,72.12527542375813
302.2089289213774,328.09860386769566,157.84887341945227,73.86412496724536
296.3229746666109,328.8593215880208,156.17769721218832,75.97278596214198
291.7296519572485,331.6579269606395,154.39309018950684,78.03914943565461
283.32055703242014,336.9510677989387,151.43683545908553,80.12260652858738
272.7275709916149,343.20164040427227,148.73657707194596,82.40170423784222
262.28489627425796,352.58968551261756,146.3191005789255,84.76977906021406
253.59692485259035,360.7127784600497,144.89490304140136,87.26242373175606
239.26189418406813,367.98940381270046,145.86196144875828,89.96515447176702
229.59921926036185,377.04997539337785,150.2842351242958,91.58320808775603
215.39866522368084,385.53974809831004,153.96961443789226,92.2979986153916
204.46979293427228,394.53647743343544,159.01302796202182,91.46487930060964
195.78401489589564,398.75189024326835,164.417756646197,89.83016574149067
189.43359370539406,403.3847445346411,169.2806473670439,87.90411780327639
185.30901389446052,406.54081619310773,173.83476914711412,85.96477722071816
181.79427439456387,408.0970470067815,177.1758936547199,83.03383414805808
183.33644016606735,404.8200035394929,180.00721152577546,80.47653192247901
186.47335497394084,404.9899730709432,182.0804888436222,78.67596053535968
189.38200934978943,400.2713820718257,182.94884903723755,77.03022627382909
195.7836242128952,393.8516166051839,182.9357804438385,76.00769666023764
202.43984334352905,386.31238139521145,182.1471458935083,76.12095711924506
209.23513610639984,372.38314317067466,180.88724884432924,76.07400754292803
215.85072019593116,362.365351168851,179.29402011839156,76.48501879266911
224.36121710532504,347.86313370147604,177.52742083085383,75.54624694030969
225.65949968072857,340.5834366715474,174.44263546520304,73.63545667399502
233.03260629549519,328.05170544633256,172.76426281184166,72.25714666348728
239.90189493072256,319.5536349195553,170.26237987732443,71.02471105688551
245.75584144257695,313.0640335441078,167.00877152158438,69.90793602457735
252.7333063163007,307.0776496629835,163.80039328780873,69.71291814229477
256.42867628365644,307.2520418011086,159.81282107770664,71.20239070198208
262.17410588213716,303.49561393702027,157.5616469393389,73.32059310984621
268.9487882775638,294.74095526057266,153.99934269536072,74.19981402719452
277.9357394861265,293.4718559161483,150.22215658682893,74.66962282346515
286.3822434575047,293.14785193380806,146.65525948391632,75.19882585650494
294.62545417754507,295.787393715612,143.11518814149184,76.36163682414714
301.96760220017705,297.64548877264514,138.84464942044664,77.5588683409402
305.9594926585236,299.27357602252533,134.8919048807067,79.25771093102357
305.76835037404743,301.90160469160116,130.32970092426842,81.74753371982506
302.4406086509266,306.8284917392445,126.4808508744163,85.39467515188208
297.6869272040851,311.30710251568553,121.61492275247426,88.907912583375
286.17683593053147,313.021488211446,116.9748269792691,92.96946711958847
272.44457112445843,321.3899550436778,113.02193715782138,96.49382495903114
260.4737844351338,325.7183471565447,109.4782505267051,101.02603609462541
252.2151826387486,331.1444051899189,107.19452028158487,104.61969029154886
252.3915033810805,334.2039933943786,105.67815199028041,105.68792232989519
261.6401569197375,336.08008573149203,105.82024920984149,106.72580723574639
285.9773827888604,336.4544757383157,106.29798863370499,106.69229821819287
315.85537438324957,333.50978758977783,105.93754377500471,106.25718110706543
360.62786993751587,322.6851454702851,113.07919817428467,106.68963795347281
381.2533875228691,325.07831912891186,111.94068131412506,105.18579185692232
389.83033178279635,319.42665172669166,112.39699176887996,102.71773383909718
386.7016879283063,312.92040037996895,113.88078094270384,103.14201021418319
387.60012843792754,315.4094314966911,116.02307839025825,99.1497878244889
389.6227162677379,310.42880714232314,118.09762318962181,96.09507583986546
397.4884977191318,304.6286876960669,119.9731159508966,93.71270975190922
409.7343675825519,295.636355058262,121.95253711272824,90.22426101384708
427.14480074416684,289.66706819320405,122.87675745942018,87.44304714630675
444.4127642855559,283.7211640434725,123.26841216375144,84.64650095358232
461.60214028535944,274.80486116857855,123.26722364070689,82.2006948381358
474.6942793517038,268.57158432025375,123.61605708028375,80.48392944298861
483.049963778227,261.00836644102014,123.75676952606557,78.74174337528399
494.768843236505,254.31452716382063,123.74555479896267,77.17870781835487
503.3161674257469,247.74461920948983,123.60302434040067,75.35856278951641
513.736055103538,240.46911503479873,123.13992745161538,74.0973152795236
522.4777737486644,233.57594662665136,122.48369963401895,72.84462011339652
533.7860804837125,227.50520852383218,121.78203367368837,71.33393567450359
544.8970831898923,220.36673545972516,120.83413714804742,70.12617110935827
552.9583885003461,214.87711295152081,119.7530304333898,68.91150743436074
564.3728148938094,210.38908393539967,118.47498941404126,67.5585554568374
571.667380047628,204.7274427221508,116.66076145015434,66.23016552005384
578.3041071343467,200.6039676932482,113.74268447398232,64.96323007981222
583.9183311324402,197.19811019287977,110.66575625318583,65.38782960203343
588.5154555498318,193.5341629032434,108.15717636371522,66.10699005044677
592.8078319305777,187.9043142774719,105.98257985222367,65.01680326878663
597.593674116723,184.31959194635817,101.01572336079214,64.58862219859228
589.0636488004344,177.3545892905343,97.21154669844753,66.9412654496931
585.0742428320308,180.2141792858346,93.41762303955177,65.76056812510814
578.1547524735992,181.8732417278706,89.8372922329774,64.93450867072366
570.224664210354,182.92285288556764,87.239308359077,64.43303415806395
565.426244373696,182.70848391503827,85.34386897965884,64.62138513623204
557.2070155772282,190.7255190172889,84.03989493196944,63.93881639657457
549.7098718701985,207.79846336569207,83.7955654026694,63.492482143127575
543.3842154436684,219.83462073543427,84.52894002330771,63.56167741340883
537.5363189290974,237.3032226665731,86.02148598213708,63.35253141245926
533.3675899443094,249.3258903877827,88.24016953765067,63.645941087227584
531.470474027667,259.1579749641341,90.72556348031037,63.4693512802279
528.1941448016613,264.90315549624455,93.58867725458745,63.19597019647577
527.710295236105,266.17884384508125,97.0096844911688,62.554719231224276
524.0405117411559,268.70408223980127,100.20389625645761,62.158844492565464
522.3656612961979,270.6427086504786,103.06790989051427,61.65650011847645
521.1325503718226,273.857509496508,105.57169887793685,61.23345970571452
523.1917861781005,276.08810801896385,107.84919284155293,61.378494350255906
523.8699445085123,270.19081372243255,109.42558492096369,63.625261898396566
527.4117986123092,273.4719271400975,111.13145801219808,63.225541166582424
530.1616617273769,275.6059464263798,112.21052816878141,62.73963760378339
532.7829027843385,276.94812285774884,113.11700235368633,62.924455883623395
536.4491254914697,278.5139743255717,114.79783208590824,62.61849757688392
539.7592521294606,280.79595262034525,115.87484443492642,62.73093258889929
542.788394361384,283.17653012397454,116.97732657264218,62.93727636093763
546.3703872775661,284.05064916782794,118.34855802543407,63.50324725760578
549.6688596093304,286.5696739546357,119.82787678963999,63.93123161953723
554.2675041385739,288.7774560250123,121.51101986005924,64.14591650222143
559.0642661630698,291.9385609491719,123.08512886770824,64.53940489608979
563.6348401609982,294.6238377575711,124.6682240359136,65.07641353515083
566.0108349105733,296.902703943518,126.01132731020117,65.66132032341314
565.1281102079153,297.7621987102949,127.52381651043905,66.56516404181255
564.6898058850281,301.1343753906234,128.79565831051002,67.09891737060869
560.1097435251328,301.85670361179064,130.75964655569152,67.27990179741478
556.6586160881359,304.67783246086145,131.92261309960708,67.43741826919509
551.0364940490185,306.8478890106704,133.34907763682634,67.65721117543664
543.4358032057005,307.9080614191097,135.58686679416533,68.40435903433925
534.3876940510935,310.1569914168524,137.05173744712934,69.29022706619753
525.015374134435,311.1847113644819,138.74629793474335,69.77030963187596
512.1171937783623,310.9536728964993,139.94973262149796,69.40932748581
500.6430357273131,312.38439966938904,140.9078753837528,69.15624185995236
486.68197819041245,314.02341098114744,141.68323142435088,68.87293969542003
471.20665048590365,315.7149045749092,142.50223400133726,68.4160694512558
459.83755543188596,316.85565716418853,143.6968450078101,67.96970831566594
444.46138850872387,318.3954447778438,144.59200111975932,67.2864343578866
432.73943746638076,319.6766074619345,145.5351707825705,66.78993540572083
416.3169674427721,320.9581640732857,146.1487570700222,66.34828214395597
398.9346074767227,322.45738524588484,146.35009199235537,65.89799653703888
379.022658352184,324.73650904147206,146.8765048898703,66.0531888872707
358.51997469693066,328.4985955532377,148.54681971014261,66.44811376413006
335.0817512258489,330.70596071281074,149.97487187691544,65.98769863053086
308.43108396698346,333.3019936528534,151.04369296691198,65.56800213521113
281.14710441301725,338.32987347546276,152.1611515865632,64.87079351538307
256.51598757378923,345.0598502057082,154.04808008923794,65.18903829707976
230.52464016684647,348.88259977744445,156.04524023515472,65.72795687821656
214.18361023894494,353.1864893284122,158.3983511163484,65.95025590128101
201.63028654382887,355.50127046071043,159.9926388874399,66.50642361715339
190.27733576691415,358.5888652994073,161.76308511900373,66.70003887140018
180.39293413340704,361.6187820457768,162.79021968484608,66.91437530053622
170.40810536392894,363.2302051677898,164.6964616964585,67.38943555065086
161.3433740481313,366.596450907398,166.1697353632101,67.7884443155751
147.7734954668253,370.22103440537956,167.19761508441584,67.91146970242443
133.1846158037293,373.22777985875723,168.45529994771724,67.99145413746604
120.77739529320303,375.4525240560878,170.38381567580097,68.27402140686746
104.88413158787968,379.5369848094961,172.04128424855705,68.48025248794134
93.15957475285762,382.32453814907666,173.4082751158668,69.2337285724522
80.50030982970443,384.4964336130023,174.97009109498566,69.9360802227259
77.43091725441917,386.80899452448665,176.76469899946244,70.50761367319467
72.3465411761584,386.0508483545325,178.3762001794215,70.64200904044674
62.9457704883816,389.50524306620184,179.83130600810009,71.73468446085805
54.94699485035561,392.9054040619199,180.75366197165206,72.95358854364065
54.77854471920301,395.30918201242986,181.88136423591038,74.12866814066763
59.43971531382766,397.0204695249596,182.38879599587983,75.63352231482689
59.684494799798244,401.2800816794087,182.57855831300117,77.45664419733494
60.73894728013666,406.3142548793628,182.2021362624806,79.51726508258292
63.10384919686055,411.56743707238087,181.4343685618453,81.49173565748433
70.1335769590533,416.2695553856371,180.3895614749598,83.78867090597187
75.27436356833834,420.6429232045862,178.38997067826472,86.44720870557367
84.32395658849282,424.84655807722265,176.94910983326827,89.39992431186329
95.7923974747245,426.2285962242021,174.21034817799242,92.92277428743567
108.93555555344568,429.62959091178277,170.07356815336254,98.29681030289925
121.69515360932225,434.9612532269099,164.81053659239066,105.14715754764502
133.3285758427386,439.9791016254867,160.13756419587048,112.68220049658518
144.09332375217116,443.9171667580772,155.24149122856784,119.26761808296673
149.69640891436256,453.3618431721319,149.38944688074756,124.98733507907606
144.044873910259,460.911448967747,145.53187235770463,131.31982514800208
133.52526707845456,477.3756865887043,142.30216512287603,136.04900371468125
116.46883834222541,489.34344990808677,140.15586732189684,141.32185109935384
101.25124188180956,501.0273009837058,139.01623114116603,146.440782248897
94.50732899571213,512.1670689335641,137.97884939382965,152.31407838043037
