556.0,253.0,22,16
555.3393376382728,253.00536851741435,22.75136317560282,15.212056544272855
556.0052019674499,254.18047874077706,23.340449031408728,14.612743995496661
555.7281734821358,253.81603957710476,23.38651039656814,14.329781502528778
555.3147511073098,254.9379842907125,23.337592206767177,14.158974045528105
555.141372951959,255.04226760835303,23.496375495007648,13.97298278866505
554.6417129128212,255.32913619273234,23.52361915726793,14.088858962191594
554.6923250045273,255.9768104413847,23.656647903543085,14.00787356303133
554.4273217138398,256.6193792239512,23.709123051812742,14.148295995456905
553.6294866833755,256.7326146719922,23.80805086420607,14.463573146249953
553.0980749133838,256.8176964969602,23.78961372303699,14.62900367356003
553.1055558901617,257.09941592405187,23.75545621284078,14.783704467814221
552.6995998935543,257.57543402819283,23.693009075196255,14.874019028575269
552.1337616303376,256.9685014692885,23.728372125066812,14.91335411708706
552.2052187351723,257.9970457765554,23.84977828893292,14.88701196251414
550.4734545952916,258.2788729259612,23.964139698577,15.00467022473779
550.1941710360331,259.0377052437957,23.970949004593873,14.919050571978914
549.2567490682601,259.5769664541796,24.23074930000321,14.882741591152506
548.7194192299153,260.08878248350544,24.607502482552356,14.867547642852447
549.8645321672008,260.0908790784224,25.073097836008735,15.244709738663051
552.7438645902466,260.671913007762,25.653056036791938,15.662269870706483
553.0809735655791,260.6183407229253,25.623514294623007,16.294759289012617
556.3552347538852,262.7631101403319,25.909441686077287,16.79754070566438
558.1655119808663,263.2767664752106,25.760467737486024,17.149149544696023
559.9448702286718,264.29045065396105,25.733459005547097,17.93036730780057
566.8429316256786,265.68855815883677,25.93283486875991,18.178860550002245
571.052690198906,266.2898624306603,26.145565647109798,18.258043693366815
575.6079361133475,267.77343058657976,26.431222499867445,18.3723130211764
579.0480689292932,268.2678144453526,27.13011946563239,18.43332710294712
580.2734752771935,268.5133590597607,27.781265998347397,18.425727864365236
582.5877008077374,268.9144367294957,30.07603271069707,18.569747146477287
583.2770414800519,268.94944128068283,31.536432176614923,18.824048346837422
585.4422522823492,270.28283753121633,32.83540510327044,19.257353502020415
586.937294043117,270.1397360593057,34.84487144745726,19.812652820353506
588.9574374179817,269.79694381139797,36.62612553024738,20.248168651618172
591.4676083757835,271.44153999536945,37.972551497944686,20.711097255354876
593.855866543121,271.5478821864281,39.914769904480735,21.295181061714093
596.8570659061836,271.9285265510823,41.927996178355386,21.92569225916347
601.4058562804587,272.9220284273897,44.140260400508495,22.395094146197145
606.9683346757785,273.9374603310727,46.18946742822812,22.872760001917037
612.3342195859293,274.8530527264911,48.10073349659842,23.323237198384938
619.7280906311483,274.87251787558097,50.11914374991039,23.916478531064644
627.3027150728943,277.4175695331204,52.1131291193481,24.684666841962358
633.2327819462823,277.1695280003787,54.10117042140022,25.331674590062846
641.1845346880049,278.27314991408446,55.739245138150324,25.70460044038579
648.4510691857191,279.3106719990376,57.513976435690765,26.22324523532322
654.3590149350745,280.2005642655203,59.3893080815113,26.69750428145935
659.9068412642509,280.7265242890005,60.63262942218181,27.30500806262396
665.8104978238548,281.7472606335626,61.619780414302,28.193085544398244
670.9465988334437,283.2569142654007,61.883024562116674,28.95736287544851
675.8598198961803,285.49385715288014,62.0396299219948,31.184435352442833
680.5562545385297,285.46272460286605,61.63659828378027,32.60552613606479
682.3806999745657,286.5217676538858,60.94972828573198,33.133787079923735
684.1245868621534,287.99196924916606,60.0459999207128,33.61751719014441
680.6868730675545,290.5951089292839,59.63906361830887,34.302473181471186
681.3892100905524,291.78069940805716,58.23161247270383,35.68063609599504
677.8563053628662,294.8930460848975,56.523908134130835,36.44712316223621
673.8619539812582,296.66266376134104,55.5106425135578,37.615819327903885
668.4663379732755,300.02718250451255,55.07088698069519,38.7957479060139
663.2463870643484,302.0323470915975,56.41084373019004,40.17163394180495
656.3530894692719,306.3742009043099,59.76370784124117,41.03728849899741
645.8700752136194,308.39763249970474,64.17103579102286,42.652061660746824
634.6859457838276,309.7110514616649,69.53726523166114,45.218811993662385
620.8724810363922,312.0388651500265,75.38891091305538,47.51447856225171
607.2600882191188,313.6458885374338,81.40411707982888,50.282594263023064
593.2796211796156,318.8283442900428,87.01063526528068,51.131031146476815
584.0102942704615,323.21443123716244,91.88922438632312,52.013550855753294
571.0848196346874,325.1850898250745,97.06396516177757,53.19085550610096
559.5760379014291,324.223833627509,101.86747833532536,54.899866924669496
545.5510405392972,324.52380727955915,106.40798209279225,57.16256000142861
532.2332952577816,326.0905429958007,110.36824072222973,59.18723065878916
520.6247701361332,325.1852627205584,113.61535077997972,61.264362254195674
510.76997282217616,328.56019148582453,116.06832309344064,65.52619295608531
500.624243966351,326.1630557860055,117.49726249454409,67.40820239283275
495.031117046092,324.52074913174533,118.13563425498398,69.78070632635311
496.3793695407034,323.23905845643674,120.86454430482365,72.98568923947025
494.1681434741906,318.3123398231155,119.1742645042556,76.64649955298776
498.228958922511,313.23447646399484,116.48024591230214,80.58756562669778
504.09578397714154,308.08670452143275,112.84748691632235,84.70488685557197
514.212646811478,302.69524901471664,111.32271510507135,89.06204713658231
523.076770588735,298.39411541160194,113.32664528493227,93.84900672562424
528.1438054108128,293.7432706267119,118.83210200796441,99.82183887352942
534.5431242222083,289.445469997601,129.58369631876687,105.77837152823548
543.6166349262318,287.55567362444475,143.4076526939232,111.7658500167355
558.3987907388788,288.83588438284323,160.57680054128542,118.23600711321976
573.01132017672,287.5927948154861,179.8187826812279,127.3392516776215
584.4045182346275,286.9014618584615,199.35324838181918,137.24730821667077
589.3902513617489,288.90226486623976,221.0615916978888,147.38083403705178
571.732242589821,292.7062321764197,244.43040465190103,159.06910302997306
544.0983993303469,311.8687189447106,272.5144974208491,170.3509410168288
483.31691808054444,330.4882483170042,305.7854677329541,183.70093256521037
417.66439027403203,354.2824114508881,344.9251791076977,198.70220590681754
349.8705982156003,392.7045569658843,391.5217353925299,208.45898909557513
294.5540538404949,432.6104037002484,439.7085350802407,212.57857004090937
266.3772076546166,463.62514463363493,486.0412313582473,224.37818973663644
242.4046017892744,470.63599314327183,527.7691579326817,234.5668198658001
248.9305486011608,467.54370847589416,561.1930943870339,240.33854740368048
266.85367305544037,454.433626406881,584.0669382519122,248.7918658385817
279.6616444898671,441.70773850366766,593.1038274143087,262.10228422313344
308.0624194671966,406.40656039927967,596.3044747252748,286.73161797097197
331.1674997825165,374.7036584093668,592.7460474930725,313.5481885523601
343.33889741094595,353.595180772591,586.1951223534011,337.7570871852867
347.97068173997104,330.75445541876104,575.1167343594134,352.70440703357167
356.37282995236916,318.6183053867981,564.3640736768047,363.2972637381225
357.4123368732669,313.32560764477546,547.6849621787592,368.92404105810533
347.269262194672,297.3180203487823,525.5063898562614,368.72852229071674
342.13615339876674,282.6659024331418,500.203759791822,362.29154718449763
332.3072130872422,277.46419202053295,467.5828318211211,350.27663304877785
324.1424064337866,270.58397927119546,435.3025818467823,334.06769819589033
309.731139555607,268.5303785593077,399.49865075939147,313.6207004009159
305.0600223718237,246.77881144857605,360.2295570019581,294.24834634112915
308.6238080296024,235.4634298723634,324.1691243582757,270.77852355605444
312.5248387036771,215.6807714634186,288.60070558825123,245.28878666300653
329.28151644086694,196.8975301511072,259.3522426919966,225.34257397512937
357.2287369123887,177.06465261753132,230.48484032317188,205.0517860735311
391.4184114802404,159.30034331940232,205.50093796481212,184.60451355650784
420.71510224636205,150.291766154835,185.87026395210012,165.16951944814252
447.81997998183107,144.86064891528957,168.7471173678808,146.76985207176457
467.0673185136778,145.60185147630983,154.9432972377812,130.82657048488034
483.8601687118663,152.0795974084749,144.25774332577907,117.58909619867521
496.6964228401188,172.0158301869538,134.5885920028678,105.93458718468618
506.23254555874854,184.95100750163644,127.11037122381148,96.47359534828962
513.3600066348486,183.99850681117977,120.93519150325216,89.26430839912483
502.5930214305128,187.43439761962264,124.04942314239234,83.87821403809843
514.0563138480381,190.9082821093613,120.99625139327914,78.94011913088677
515.2466043671756,190.15127983601198,117.91394916359818,74.32366103110105
514.6808344547894,189.70414781260973,115.50581613680792,72.18600369118678
514.7529046919826,184.0715026435958,114.01081506671828,68.04507454679273
510.63027782332415,183.79266895939767,113.18084297395714,64.48119040151717
508.5798556007794,187.3428047264091,111.8332621260779,61.61529386749432
506.81089259440864,187.7656457168405,109.57733437905381,59.01430182803773
508.2147808756623,190.60374030496027,106.5737875528746,57.44309312054821
514.340791690144,197.099848444725,101.81291582625501,55.144541391800004
522.5998494153172,204.38742474038412,96.13971004387744,52.47005408368488
535.4045492246963,215.83733099989826,89.67063024933772,50.84624254121911
549.850882653139,228.49997505039272,82.78104566784302,49.105030367964545
564.2401568040717,236.5617142476091,75.71926372339951,46.984329073141154
582.2335564165649,243.1223071449003,72.462139791382,45.57270748754314
590.8823130739688,244.32274851845295,67.86138856153497,44.30860452559412
