598.0,245.0,56,42
604.2487839276537,242.1652163505487,54.59642628531765,41.402263832105746
607.7637382256742,239.95342910029154,54.04286656622991,40.39918733164347
609.936577337526,236.55860225889458,53.45085045190113,39.3383008533046
612.5906306226267,234.17313678937336,52.308988388535745,38.30512412633138
614.0241186171326,233.54879710844213,50.898387521594366,37.123108908115725
615.7234439221817,231.07786248563414,49.42454159899611,36.30690625431765
615.5769470982501,229.56499499750535,48.56213973904666,35.28144799327057
611.3287577378783,228.37801358626865,48.694352200024795,34.491806079415824
606.1487811923377,228.09122040502328,49.36720201962157,33.668816514172214
601.2009821613748,228.36425473458036,49.78709207373483,33.110357718339316
590.2128530599683,227.31536472476375,52.640272883969686,32.55567191766
584.2746795113653,225.0761764161303,54.012912095433386,32.418539501723785
583.4733985739416,226.2959153742163,55.42281649957772,32.074581605083026
583.9959256091914,225.34447226441654,56.52861081775003,32.11246233151847
584.7485071675839,223.86019868743716,56.64602155350417,30.879074671024092
583.9169631288216,223.88503814582398,56.66012281462247,30.475803835305165
584.5978012094931,221.78535059079215,55.77734374800599,29.521950185603185
584.5016089979554,221.3212504656647,54.37816017791731,29.1679696497253
580.7784142029764,219.39821601776762,52.34548482646908,28.98854110899601
580.2572921722029,218.0128622525848,49.954547125320644,28.365541363971012
579.7129911819237,215.9652495939004,47.58239471134796,27.857937701847614
581.5612239833207,210.4878761500549,45.963596344882056,27.597795063171503
581.7205415675887,206.41969731801262,43.08348351521306,27.374304704795072
586.307621948553,203.83101571789658,40.58843041930035,26.92473003881621
588.8478601146938,201.95893885363816,38.33366819834658,26.478743996825237
595.7196147202883,198.3127126675903,37.565104055517196,26.15758705495615
604.2754648323378,194.17162025876257,37.631855369504024,26.281927329154513
611.1437376635077,190.45796852344517,38.689285537242334,26.49957503807058
620.1394482345685,186.7153410506039,39.185184341409894,26.151707730335133
626.4464852568836,182.74493924448623,39.308353949123344,25.7915775046799
633.1174985316499,178.48737443694242,39.07852527556746,25.70176479799017
637.5951198114628,174.39366698798432,37.94280175891037,25.410183419050888
641.0319616852576,170.79033764523462,36.92367123397698,24.737111879940908
645.8264712773524,165.25459977163382,35.56536494041242,24.286881999701116
648.947286517776,160.90692596443716,34.49061220614718,23.818403625324862
650.5768051799232,155.94127549171162,33.707992423356686,23.29632780075646
650.981437772856,151.7383619332688,33.617301761416954,23.29548530094285
650.0841160106801,149.78502957311701,34.18510812756568,23.126649532965207
646.5595061593281,151.95670525973017,34.93168500800395,22.683269168039672
641.6362955433464,151.53036056825547,35.964187172584595,22.815415643274193
636.6687980294178,153.18673030860998,36.99110877514877,22.8496228788738
629.365435593821,153.0953683798604,38.18232919077607,22.86388207572843
623.2534396304416,154.03691791783416,39.05050141538637,22.485322489526975
616.4400301163924,155.20426722323748,39.2557506192659,22.33540018487268
612.4222465770104,155.0406611499389,38.63528132107706,22.37442721184098
608.6791665052498,155.2168640830168,36.345135312254385,22.232394270489873
605.4984748685997,155.75153906805042,34.79093020664813,21.99360307727807
604.5721572057863,156.67012141999226,33.99884354741172,21.688001178570183
601.7547325160284,156.7401342412497,33.01765746550174,21.361276622481032
601.3596911107895,156.8523961355803,32.42538553965141,21.26860403010889
601.5632060177517,156.99041729245985,32.43275391908651,21.191536325724826
604.3233810124196,157.50720646033616,33.10369573883249,21.319907147687047
608.7057043555401,158.77629481746413,33.89047880112676,21.31058480354829
614.0164537445087,160.44820219139243,34.82729148559201,21.46124637405107
620.2577654253433,160.05011023408414,35.62230942030952,21.8620521758747
627.1794367605017,161.22536436481366,35.61801704296135,22.17280642662271
633.0373571365938,162.5166057851721,35.19871559741794,22.202620644011297
637.5077518091913,163.98969829352856,34.29889610085566,22.011913532571807
641.7911597480107,165.9946069322698,32.853593589915995,21.929655154015126
646.1074848551176,168.00636318781324,31.74375526535067,21.811820438338387
648.9391416406763,168.48010177790712,30.889950971577054,21.60725555063108
649.7662077790918,169.9273461215872,31.321634124433526,21.56625960008734
647.2352952519275,170.59509713645403,32.791997997121626,21.65817914017788
644.1331282904871,172.20951206132355,34.31970380720939,21.55895744473572
641.0523309215376,172.59113142858868,35.78043184588949,21.611255209228894
636.2743342188198,174.16575261721948,37.08337349351272,21.290427748959477
629.6780213302727,174.0866748766669,38.96771832578273,21.306798562095864
622.8575003573652,174.23479084837484,40.45232716612901,21.370857146023756
614.2922755574089,175.17580865442022,41.59208462736967,21.216093567624412
607.1472423903682,175.48157409056418,42.42514259963461,21.220895703148976
599.6386898911297,174.53732296526883,41.71657773727172,22.229095524540462
592.0214944176175,174.98813355279552,40.61860174093676,22.628667586791774
588.3396363683007,175.10782954560077,38.751307402558716,22.77017312315395
583.8100496528849,176.0028998893875,37.07273364100756,22.72347878567811
581.5531839727507,175.97830317121876,35.49690353887355,22.809438274261687
580.4376781004469,175.5276989292863,34.85555505398917,22.615409026193035
577.0781165535261,169.62723144904697,33.63694926599465,22.70079833237481
577.0859173215541,166.33956198918798,32.767771069782434,22.790289778948257
577.7558230150087,167.168329758141,32.45562386744369,22.84009829621798
579.9537982660661,166.90167960591324,32.913715418551334,22.85464554891572
582.7217940898904,166.78990815431976,33.44413765029722,23.134584936477687
585.7747320076589,167.66603040705857,34.23428842608834,23.405343055511754
590.4793740119104,168.4900252450741,35.45123275010498,23.37201554989085
595.0537531118706,169.34799883850266,36.48820453065337,23.316300906979066
600.5714273017675,169.8138111186916,37.9514218246878,23.436556229413647
606.1434630345442,171.2873950683751,39.084022722415575,23.459458215300597
611.2839601195753,173.00290263892526,40.22333189707982,23.49626228806743
614.4595762272966,174.95261333078503,41.123839183590576,23.55422310649638
617.7973395904453,176.7302223091015,41.769204791277495,23.579541038535282
621.1720538321443,176.21766169023272,42.210709535418275,24.455629683499385
626.6499752799768,178.63716963708103,42.473555604597124,25.152655049568384
630.8726902169374,181.24372268557715,42.02298351876188,25.382938845154257
637.3022421084238,182.9999349391099,41.05361972602354,25.16847271211226
643.6032257228222,184.69073623743748,39.76470181363278,25.045750730691456
648.9022771299357,186.24719538568965,37.99634143104655,25.256730749616786
651.764505876162,188.89366514961142,37.44032571105477,25.041672081148256
658.2377501039393,191.76742487964728,36.13617123987522,24.884911898420288
659.7961049444747,191.72972029778353,36.10323994015222,25.225801103651673
658.9310517372612,194.0131183309856,37.05365275106345,25.488091340958466
657.0580423808434,194.8977039162781,38.186260514192135,25.320345341271974
653.8502342143452,196.4831114122441,39.90039979640733,25.54810517844149
648.8394750971307,198.4842060410477,40.97296630964482,25.55037148724051
643.3916445561786,200.2019369228076,42.43917640277954,25.583751276455153
635.3277194297593,202.45446672441477,43.98552946323521,25.803468894920428
626.4462038660981,204.7145363378632,45.163332624249136,25.860783281304833
615.7358894931987,207.33295212815742,46.2923659110635,25.980274942903925
605.5438646235532,206.6376935821847,46.890130249963896,26.327243450864966
594.675654918817,199.7093440847065,47.16263669556916,26.65600360304796
582.1933071356514,186.38605288901056,47.658963731626905,27.1404461018617
571.1037240156102,175.43431246639346,47.950587247099925,27.44739984748648
559.9067901363373,164.33408639421762,47.72972417068473,27.7015934469163
547.3371528351371,158.1079421467764,47.61436773060479,27.808407698634692
539.5361572065425,159.16493122497909,47.18622287939555,28.063936378166808
531.0905808117715,163.00929403360388,46.489561337882755,28.293087958182863
522.0570659535945,164.93420472165346,45.558528920447735,28.461256694388403
512.8777988565995,164.61805486188905,44.22194897869551,29.675297746925022
504.9182350499318,168.8008985501413,43.02250054222627,29.797998431943924
497.152234070511,169.26239984401727,42.064542784271,30.069682733840445
491.21587594070303,171.69017964419874,41.117740000918204,30.263088587579105
483.34000270635397,173.45751909123044,41.09194435535845,30.30642788199223
479.0239336259001,175.07818441557865,41.12578539712561,30.603152653217712
472.8375074315178,177.1146372285492,40.67625009057767,30.884373003839073
466.9156108718041,179.2495682545807,40.701729611372286,31.06380599572142
464.7478636226524,181.6997224386777,41.3277361946366,31.25469940975399
462.0176745273269,183.1663338500934,42.07993872610789,31.677021630867912
458.4000701652356,185.13709779089373,43.003547718845184,32.110371678954735
456.7874578613949,189.11239025909524,44.07803074937817,32.14228491149702
454.9924439243424,191.0929679487106,45.06785415570967,32.48979957621164
453.96493310844994,195.42929894312445,45.45690593886187,32.74188123972767
451.35042861127135,197.7708389284606,46.20334047032835,32.90570983839133
450.7651383191513,201.96156474780105,46.615589755740444,33.1937375698276
448.529231462895,208.68720134530028,47.19519155419052,33.57074196271973
446.19062059639816,214.15488942324356,47.88011897566069,34.10455831171599
444.13644227897674,219.0744169756129,48.53417568374572,34.620209017524175
442.5696734078839,223.4770081973521,49.15224101382201,34.94541292658489
439.6514747030416,227.88488760744644,49.86781933170978,35.31634539057588
436.4608251433837,231.9632164191488,50.45267069711924,35.961415062093025
434.0169069946655,236.91163055312697,51.37421365959483,36.71664062714448
431.21790402042654,243.42913329488135,51.908376834635156,37.51792359578416
428.49820129249593,247.89399403809134,52.424076235808926,38.49565755370013
426.6150569860288,254.7687645752346,52.939617168079145,39.64382155753863
423.28734900935854,261.69884207229904,53.76568741829461,40.76852984465967
420.75007206932935,267.5250055642876,54.79257284132183,42.15734055599507
422.81980484760925,274.28942754496904,55.1030279390589,42.94211048623384
426.2674355782891,280.6227180104416,55.515917722816354,43.97955482384337
433.5499236873841,286.962549097596,56.00709384837641,44.963894114378306
442.5756572937747,293.3800809506898,56.892668871923206,46.00657699022206
449.72644235315875,297.37728294572344,57.37065502756925,47.3635523946859
458.3929125747439,300.0626279550674,57.88732395939897,48.106174143576126
465.9883905182343,302.97468303911575,58.325793121246235,49.027944102432606
474.97642928583093,306.82159967568555,58.75328003917799,50.168339344917996
483.1089193042703,309.3075326176098,59.31169477768997,52.242783885874076
489.93151275008313,310.63061123299144,60.009296582353244,53.72068061018901
488.5987472050117,313.7282878561611,60.52677164222264,55.26200644099812
483.6706653316407,316.7144544020599,60.881806238574086,56.62593128377083
478.2357580908233,317.7947823452303,61.103259514154125,58.03593884957842
474.01893870161416,315.856838360659,61.50343576815842,59.44655582262732
470.503602935983,311.12372646533737,62.20683679160827,60.957289500965935
468.0181580931389,304.74648700538376,62.84091922631987,62.371833118138795
470.0475662771584,298.82098765657577,63.11578205749959,63.72521218684844
473.4026902582874,289.2205534712146,63.5270245737572,64.87973961518802
476.3862539026194,279.63257021491467,63.88271222649949,65.95655451645976
478.7157107560051,271.0139352524569,64.11213470136875,67.48780027145332
482.5440584132124,262.32558346915994,64.85677605687599,68.83746526382853
486.36289517888974,254.85207958668786,65.43489232044315,69.7752414613899
490.03766685380367,245.1395923163915,65.90370834561531,70.57072991799828
495.5371480790786,236.47053333047273,66.44780619779988,71.50830467694516
500.96707274126265,228.4926494578962,67.06348177577544,72.18422623069198
506.8175855932676,220.2022848829568,67.61581300535931,72.86380181611764
513.0870367122866,212.58614655134073,68.17847326732138,73.23240050083416
519.613699972726,205.1306467107816,68.5901430843332,73.7300395862493
526.0263903598122,203.85317295161656,68.53115024961392,73.2452227002825
533.6153236966796,200.2652297756908,69.19263904462892,73.09917912049337
543.6111284707878,197.57571054737684,70.08591719172526,73.33933207907441
552.6122294105235,195.4247547126822,70.94992624975394,73.26520615080749
565.2896269643903,192.549864731103,71.41049979436399,72.44717605537213
580.0265025665414,190.29214379913304,71.87296685178049,71.66772656189018
593.156933530454,186.17370100380538,72.12180951379906,71.02973422285802
602.8155570020078,181.77714873493622,72.20922565662894,70.5258416902838
610.1424520786619,179.10332905975523,72.09727510293015,69.39359212463017
616.2461325966314,175.0375651694376,71.58452466269436,68.00421536424979
620.7777335628091,172.06376616288418,71.17491770104203,66.45956484220042
627.9947541827753,172.44613697292607,70.61157348259397,65.20013328071035
632.0215006926356,176.65597472845505,69.99503114646707,63.62234619738677
639.1572532201556,181.62030687407017,68.66535958752098,62.17433376162529
647.06213339381,186.88130008369916,67.3955467499778,60.798465506429835
653.3330023682354,192.9627107310764,66.31782857651746,59.34850431909718
658.4458181431602,197.72668997108593,65.24518164580854,58.132496522671914
666.4684967305105,204.40605440828017,64.19335474454529,57.173731027189675
671.8721183998314,212.82039743894836,63.11180415492701,55.96677958499392
678.9761707234029,220.05641879916607,61.77682267672938,54.81356926201941
684.9039779464074,227.94463080635418,60.50587925122825,53.81096421736977
688.296586073132,234.97949541289864,59.55808060031802,52.96961330017925
690.503684090927,244.37708857130843,58.640161420196726,51.993854473594084
694.7733623251768,251.0430715748545,57.74304738333788,51.21523319306442
697.4437171550811,259.5814183940213,56.77491157606832,50.724522831098014
700.6419001856974,266.2611759555162,55.876622907413704,49.853227922951994
704.1698143786375,269.94372217605877,54.90726607915083,48.991202498468404
708.4208510429465,272.28988259192977,54.252757447798324,48.126213209695095
711.5593871451072,272.91439922123595,53.43210614191456,47.6544321483484
716.6886335803686,272.1026114705413,52.379149160063605,46.98328413899549
720.1122080874287,271.8204629207487,51.992678246529216,46.55125860674475
723.3120971338069,271.39179486836616,51.80388343014004,46.23989353963491
727.229813570884,270.2773970802094,51.597906122392196,45.829483183331135
732.0395272914803,270.64531409199975,51.03725553666832,45.723959218344284
738.7185524324433,270.3987564818016,50.41351921958609,45.362948462178046
744.1974944725247,270.5093475428179,50.018470832782626,44.95628050030162
746.4111145051064,273.31094363132246,49.87068023050986,44.32324213188634
752.3886879808875,274.44673734655936,49.408407424455284,44.18716800707661
758.0440265310651,274.81824028514035,48.82716147644393,44.02984023050058
763.6542724115866,275.6133781100275,48.44868021344802,43.89362036685903
770.2441148369502,275.19842366978907,48.80296142717379,44.42126789479683
775.4162529561941,277.33256634081624,48.687612800990756,44.00446875879718
783.1269510265507,278.4274935635427,48.744869614378985,44.03682805846144
787.8451365683194,279.54076738018955,48.647853999591796,43.93961392126156
794.111647855939,281.5998288911032,48.943582034703844,43.97838176857489
801.0948537881318,283.90256538532395,49.304303349029354,43.915480801617704
807.3580091555275,285.9004636638376,50.00423467966761,43.79970438619195
816.2514701642102,289.56897565096705,50.96256717890385,43.723056388495564
823.7509166287219,291.26719713181916,51.77354973816156,43.852187157260076
832.5181868047281,295.67192190888824,52.85081053361033,44.27705156796568
841.1344150824714,301.37393753686524,53.740119114842344,44.2442666499023
849.784588946431,305.94073712957925,54.785962793173304,44.383280989864915
859.3575783631376,310.3803434271849,55.70675642069756,45.10813333605981
868.0688694497253,314.30031990709716,55.88726262642834,45.19068098658692
876.8029561192818,316.1327276064626,55.24196526387789,45.520814928676316
884.0415276731361,317.7686972077473,54.837911755778684,46.344456780794395
892.6314660837035,319.08842448874555,53.930740012768894,46.80229225786042
901.1608829037551,320.07833457708165,52.71651086485312,47.280296788219545
909.6009679396492,321.5269802289847,51.269461520603905,47.652841910194596
917.0297329013962,321.6606686642798,50.50856550824277,48.67674006401849
924.6563225807217,323.08371685388374,50.56272867888852,49.460206062740326
928.5005469238894,324.9088000510066,52.289059655639115,50.42229857962738
933.0436246166867,325.287845071712,54.60477499758379,51.38944352356822
935.7425721024988,327.42722900421364,57.27687209138904,51.33494934020551
937.5845983911707,328.7772411845657,60.939392390021894,51.51511296778267
938.6911975273583,329.2552764643205,65.43192837057636,52.08138127546056
938.9672863686625,330.9904014926011,69.86597200144448,52.42624047182899
936.6571304189854,331.11145762240204,74.45327914005648,52.78067057062562
933.9596228756179,330.17568846139824,78.82812210765097,53.24888858013317
930.9070572451373,330.9186770427833,83.35805805611214,53.45099125134746
927.2400371897947,330.60488179741685,88.04155495390657,52.90325825575218
921.7591755803919,331.2522501173798,92.93430844614966,52.16458240684198
914.0904903886592,334.045519967161,97.01652135891212,51.4640900705608
905.664167607088,335.91737833382587,102.9880023712734,50.675054733715484
905.6104796237281,337.93151436788656,105.20167106260237,50.09615400348469
902.0096566208719,342.0839774154414,106.76888713667421,49.44531116032818
900.3105274814017,343.7908054454353,107.76019351131774,48.74735334252784
896.7441856501532,348.122168504786,108.8575073007678,47.85754592499838
893.2285127708011,350.8503335087179,109.39474295205005,47.19012582924391
892.7866849964901,354.64175488966004,109.56480597137529,46.6916641708752
889.593275743023,358.2467895606038,110.53945406815313,46.09957578601895
890.7092115978484,361.6813149303089,111.94149349131504,45.62835219504629
888.4930265869859,366.51812732218167,112.61641722397746,45.45280480387884
886.4085229322601,371.6123513989028,113.00768405491343,45.8784008398898
887.0180332457091,377.8565296303786,112.9571509768434,46.62951581248496
884.8932577549073,384.2288382306788,112.66562529829102,47.963328787665894
879.8092065881749,387.2984112039389,112.48515585441196,50.02767405208317
863.9699715941662,389.91317234918705,111.1201688111794,53.07650259166501
838.9961672043469,390.3510622670402,108.7128886748023,55.82413584189618
801.8082825235279,392.7638933535543,104.76302021905755,58.519225621993
750.5722245269526,391.42603432359476,99.70725840459095,62.01199080105264
699.374167967216,393.86043536426905,94.61501398011876,65.2771303700947
635.3082007250424,398.1228013742799,89.48402427013009,67.87498746140119
578.6479349665611,402.8722441988958,84.45563305760047,70.48736890201299
525.9081125050009,410.86318929377546,79.23618130103337,72.64085468881626
487.22515842037365,418.5664440374065,74.7220082935301,74.9761054554605
456.5220123839036,424.7451642607744,70.6563765383452,77.22187545794336
424.7331007946852,431.8885435132721,67.14159412596162,79.67928809552609
403.7712980862025,437.4581573841481,64.76359431831767,82.28352959205546
388.5122487564677,435.4296609152251,63.90281724536534,84.39563727599514
375.27611210131954,425.18342974993175,64.49325461816176,86.49051659876928
361.50565559094537,414.7243417952378,66.29124771703503,88.37823596518842
348.8150020751016,401.6914186463317,69.65149761981644,89.83586693096933
339.36072990174466,382.2505814555459,73.04774338254585,91.76386699613475
333.43156471216054,362.8824795928103,77.46643753124538,93.20582023332473
325.06639200283126,347.36371112298673,82.30206859443517,95.14084862804998
314.7492746928641,343.83418902629813,87.41466625147879,97.31723290931784
298.7910661744109,345.70383800578367,92.77200125713519,99.17324134683109
284.52336864413184,348.45216459038386,98.52123298761526,101.22547733778691
268.18677901868966,353.68835291011015,104.06239319553086,103.04957896981878
248.93762793763025,354.45879515549484,110.5295063928059,104.39046938139313
229.1902805050883,347.14911150702505,117.09683309382729,105.41807032091087
208.73475364966689,340.46337886920793,123.88483992967014,105.59858711021698
190.6019217586561,338.71434714642044,130.09038408278548,105.47964616126066
169.63919905942467,333.2325527850978,136.49217835820144,104.5058264366403
163.6472134087948,333.4090393410776,142.36460791141425,104.27565605905582
168.53729503576346,331.7579020547373,148.2151819621645,103.70946139345506
184.02400378521202,329.39334210955724,152.31335870154862,103.00925999475272
198.57687348505203,328.17128594689467,155.5837179346811,102.06878980054658
213.1472539815324,329.75187718768706,158.08529092609533,101.4720604439618
222.87904135479295,325.8843022860067,160.309643425668,100.97426957349444
228.9883273324058,319.385691287705,162.16925750559858,100.33657335720716
235.80726985228807,313.24321132830966,164.31329385255276,99.34913337365411
240.29988367636702,308.52178554916003,165.91064677080112,98.04912604523459
243.90757897830161,301.8412386064223,167.9066819481819,96.59210469633507
248.05335843562472,298.45074573390224,169.9636337757232,95.15128868356274
250.1774959658352,296.6262393875186,171.65102766061477,93.32935411070503
253.43380784631347,293.28416825654904,173.00931454418946,91.18885037655038
254.80383353207054,291.38741829302387,174.2880009656441,89.17998213953823
258.36334680005837,291.4698024139221,176.26376202732473,88.13417141727304
262.87997079924617,290.5586490335634,178.09306285707413,87.27556997486532
269.15676983043187,291.68503432165846,179.51297553689014,86.3053311369565
280.2856309372386,291.5733752845939,178.9753460967142,84.1137932540544
294.0795271854426,287.0929146590595,179.22440662764996,82.33020766918568
308.7077142433774,282.80176511186164,179.04725614459284,81.02154607022197
324.26043396534476,278.415273383247,177.37284697409564,79.07068309190448
338.24130291133935,274.7360084803301,176.22824775398146,77.74973902078509
351.1284950867812,269.7286963874352,175.9539854734103,77.22713176126246
359.50419627628946,265.29939977386124,176.03485848501867,76.99569813294156
369.87546040140063,260.9973847483876,175.77627798870262,76.8348050881857
376.17674073000404,256.5986367278087,175.6109731908708,76.53717783832795
381.74232728533457,252.37706815782659,175.16919217005346,76.32424808376089
385.643414239703,247.3568954351785,174.1318192867073,75.65704348022896
384.1602488375337,245.17677231862552,173.19070990549898,75.94123990864738
385.29578870299747,242.66852662074086,172.66383183472772,75.66793638254174
380.9664507762043,240.6435417336194,172.27123815706415,75.48884121537839
377.267472979913,239.91790747814582,171.9844098140998,75.71940660132556
374.2857270109066,238.1701337997079,171.99795058023756,76.31270176093577
369.41725104478286,237.51086692605568,172.1690455788913,76.7817787211308
362.41978363496946,237.60760772840231,172.55228606258066,77.09266113010943
355.6062956649555,236.7946219648773,172.63476737370235,76.79559798919067
347.95699428001177,237.2735056566151,172.86296609085537,77.13232523462139
338.74299326446453,241.53017027937665,173.34626597351237,77.03284486605136
327.94988274349464,239.22704503135273,172.9837870642802,76.25234609452112
318.2549050093555,243.8309851633572,172.79036850912104,76.34951954144964
303.9843451316897,240.47003331677521,171.09326804960892,75.48331898656676
292.77652907881566,241.2509887373033,170.94029663973197,75.84206244238561
279.7278061046725,239.6593388136895,170.77321622083088,75.3886130220351
269.366976662055,239.31498381091245,170.65753379747213,75.32015139672981
256.3736561746374,238.3957940342563,169.79789181332288,74.8873212332452
242.8040555615445,236.64616955290947,169.41554762935246,74.32852576234514
233.753352784019,235.46100399472732,169.30943365315343,74.0527081970688
216.8080888826214,233.31242501179483,169.1367595516517,73.7159855476994
194.6934434399373,229.00995349941692,167.88564272217613,73.22226524237709
169.61916679464508,223.22565187910868,168.44566451862,72.47037287752485
149.81675710218846,219.0690987086528,168.32321949923636,72.62088156218661
135.9619049116485,216.22475472312811,168.7912246615663,72.71676557815783
111.38354592028165,210.01271095562439,169.2918452321906,72.81565780066528
86.84862809419892,204.41459593829705,170.0938891363092,73.06599550133559
68.08966502589485,200.66819189851878,170.52944832955797,73.16176988948588
57.35835690001869,198.7832611408353,170.96334754029465,73.30852349469657
48.18001920309018,197.49912797772018,171.72941624469854,73.3546645767862
40.072551794773446,196.85527010446316,171.46574388359764,73.14103754986273
41.69925855404915,193.8791619940054,170.75914432988998,72.77684752077829
49.6821278866085,188.14428800212357,170.50736440500566,72.67826664712001
72.35739715830874,178.13226552779196,171.44503386941767,73.67481525789263
89.4962444333635,165.51813785999698,170.25193404587066,75.57952323020133
125.99186260921027,150.35363164208468,167.82533392464586,78.47085256055723
151.79846956913744,137.7944639352773,165.75887293447903,82.14884983940632
165.32772325486832,128.8323336971141,163.675890465361,87.347341272764
170.85813296707383,127.45031511232318,161.612873775325,89.91295314937707
176.6845342836566,132.51561483622996,160.14647250934698,89.4694569730479
183.4886131032032,132.96276430770266,160.1158905538475,90.40032282502438
188.9908246255921,142.4106503104469,159.15388694266346,86.97195804609842
195.7654062998772,148.77917240066532,158.55095162143695,83.73625663909904
203.62848185298665,154.2459562352902,159.34271433357748,81.58653296398991
214.45183738528016,158.58722143583637,160.44844467524047,80.22541369571009
225.41327476554383,163.42927198353397,160.86364364518187,79.10991611593991
232.98723037667895,167.8949051272331,161.96628173931788,78.37301628361975
241.71541103726557,175.33570141416996,162.7896445392384,77.94106970583978
248.46335743099388,181.8807001058416,163.52910331428174,77.45873833812146
255.6011688321051,190.47501965949706,164.3833022894031,76.7115665159668
264.4068322137123,200.5181747898767,165.4120817273606,76.74442739778567
272.9685333776326,209.64293429510082,166.36457661631687,76.3946581431968
282.91515911811297,224.19866223597006,167.2213556529342,76.37255773020834
293.5853964260998,234.42595705403903,168.06654998227302,75.4057610628204
304.7045940269585,245.68764692036387,168.58999560086824,74.50338352743628
322.14238224156475,259.02751156496964,169.7941310857182,74.73823553705286
332.87231138213957,270.74967194819664,170.59892124206854,74.32458493661453
349.8251251598633,283.24509794691124,171.60326683115224,73.85582766574785
369.80122556474623,294.5314554473362,172.5430948299802,73.37869371958534
387.6645929510646,301.4392927373203,173.71162372921845,74.28906284078914
413.298326870447,310.869507770777,174.19836731623494,75.06657222700076
436.18139674486434,315.4714263262642,175.64939065333772,76.6009553308701
464.2227386556107,319.5868949747836,175.98162382403243,78.5859604166437
490.0641098810146,323.5559462665141,176.20934279900592,80.8869935753702
515.6428752608401,324.47075354059945,176.64714895341746,82.9824278553245
541.1760386459299,324.2846717579196,176.95173282776904,85.15824132302792
561.336433055955,320.01073166100406,175.25289224990627,87.22070891920285
585.4664584597754,307.6196500198611,173.9361397821093,90.52777454523866
607.3580506060343,293.05817736800066,170.7553724817789,93.40853234895957
622.9939710608725,274.81738196455797,167.9505115525715,96.68498399568878
641.5622700567719,251.38452397734767,163.4210302599913,99.23459889589063
654.4964420953504,229.91956292590623,159.46510073361551,101.217621584711
663.605993524276,201.78817673406604,154.62813898904568,100.87654265003201
666.745563535796,175.78538237024296,147.84564203241177,101.54643801830315
665.5457991427578,148.9556570443284,141.63289664856643,100.92723266427285
660.2979660177539,121.1705358738202,135.16249844544936,99.55316958536741
656.9768936431113,97.11661580744374,128.93242029434373,98.1580495130422
669.2093586669017,72.79421991748208,122.55510621355981,96.21937571679366
693.0673979927649,48.10944507750405,117.20368210284921,93.56823447878097
711.7929681081541,29.52917172914971,111.73313269238305,90.47106022822402
728.1032210308056,16.185798148332225,106.39073353653336,87.03427223360899
741.5752095388618,15.00084756339573,100.96027580753028,83.80233624527885
747.6375623667343,29.5738735459037,95.41952400920714,80.75836557909103
746.4004529197073,60.828916328176206,89.81958518841748,76.68272825673353
734.6409082848495,87.77753832751547,84.41850844250791,72.43560022485187
709.3340368180828,116.39877343026035,78.56008340729133,67.64405775373712
683.9676077260109,137.6447306286329,73.02498199670876,63.809278366757596
654.5925238817454,159.8548353070041,68.70354018816936,60.169525552983984
623.8135028422274,182.15604065654088,65.6099556802912,57.829077744535425
593.2341225060534,202.7120741213064,62.34755851572518,55.18719514117626
563.7603726014254,212.1671481763716,59.77404697244227,52.24594961893648
543.3102968291523,213.2456941797747,57.53862417616805,49.74988361310686
528.0163206078996,213.6821090990557,55.54465218019676,47.76442865247452
516.3656293382926,213.55412976778194,54.22248430437188,46.43774571345958
510.92486815705206,215.04098892799794,52.791003126813834,45.32598112837914
505.6289130766777,213.52139139517965,51.79998176900794,44.903292649093856
500.8232070240798,215.44832513981186,50.58815168670372,44.578249012368445
502.14607959703784,215.23916538681158,49.86704338160794,43.548967200009656
504.20476477024744,215.5731105548413,49.20540728811836,42.60368733758304
506.1506261165615,217.02150610492538,48.623071802521515,42.007341794055485
508.0552715032305,218.58630898787646,48.07058644910549,41.44609540315335
509.65236941594867,221.80566821388084,47.588213133434635,40.64548425094925
511.9641234468037,227.93910312314878,47.4557176449668,40.47700310428837
514.1636571956251,234.44853403926484,46.96332739341781,40.62639993904845
515.1632175549112,240.33037349177874,46.513202646525244,40.8902936658566
516.1033663660671,246.78204954540226,46.039002436322804,41.05391238380488
516.3336352614612,251.0264646179209,45.596836227566065,41.063357995603475
515.5528341706837,252.5259749840553,45.33348723724595,41.0376038648972
516.0495007542701,255.27683386228216,45.28473414819814,41.05405932621693
515.5561964242025,258.11970855375523,45.149013096419104,40.96566101748951
515.7478787717723,260.825439902201,45.18409017374047,41.447096880168274
514.8434689319206,264.8085835061761,45.27440399406888,42.1142783001478
513.1742967591002,267.4562592414959,45.789689257678354,42.94871808927377
511.23041498686433,272.10957807934085,46.46527934023621,43.841177093271384
510.3412046252011,277.54846888805804,46.68156627450018,44.51629769751675
505.8458509139987,280.9870102656616,47.22732740784246,45.511987159106496
504.23494287993213,285.6879053033393,47.85032755800687,46.433088319102744
502.59426837786344,290.52217311127066,48.28170097620668,47.80483590636496
500.3611637103664,297.94618522730076,48.987564852216494,48.61844802684378
498.21564209879176,302.45736906566583,49.632886639818786,49.45222048683236
496.4242955378046,310.129040224585,49.69949699812126,50.06503966801742
493.25085220282415,314.0379181598489,50.179913331168095,50.84323106311466
492.203269926941,322.5000962615743,50.44458777062967,51.16974461064044
488.5559506512813,326.98190295184463,51.41523645378502,52.01441980431849
487.0539462967792,332.1869328557131,52.075037399117406,53.255513561034746
484.4113828679526,338.732915207122,52.748790355403386,54.33380642657632
481.56340136891623,346.1482411938495,52.96042412984329,54.563441928707235
479.33826524983544,352.573780712803,53.195257525231455,54.74648154314404
477.6274059372654,356.0945191326682,53.96652449021534,56.16627789677291
475.3124113845939,363.584386386297,54.28445610044116,56.612980767445066
472.856319995891,368.6943019194259,54.5374591903469,57.31473478419505
471.9663374513733,369.4137114972868,55.1949267207885,59.17312632183264
469.76121302656577,374.12835021443544,55.4637113370052,60.706800547691614
469.598925846098,374.4555904560689,56.332017387393826,62.33695751559662
469.4079106077951,376.05513391517866,57.04977174095282,63.616218375697386
469.36244357332805,380.45275858537013,57.77687524348057,63.52468912808784
467.96571722852474,383.3874410102026,58.50102251316541,63.27551775986818
467.21661854570266,381.50231323566976,59.41105459560635,62.410000603855835
468.79592063077416,380.6106373793802,60.033151109057144,61.83466396194275
469.36993110391677,378.43543578573434,60.990080113943776,61.57819459064074
471.924682190376,377.68373707398297,61.35904778965816,61.07666342527624
472.9402368629767,377.4430082913752,61.96661031945676,60.824554706312185
475.9541786084191,375.91175749049216,62.857611105915645,60.69671817331254
478.0004352472051,370.3487587135776,63.53142473264059,60.61173245077451
480.61137287674813,367.11866715636654,64.33168997648423,60.32417386597788
485.43706123229975,362.2608895279861,65.28450027709974,60.33065319500435
487.3898244881433,361.3577468880977,65.99448279861576,60.52268066228112
492.1935541200236,359.20308178867606,66.48937949188638,60.64361059256981
497.5982487448487,356.38509322643546,66.7386755449705,60.88385102271499
502.0441185167263,355.7674327626991,66.80729366723097,60.180054518547124
505.38992400432227,353.10018949984,66.55602082680468,59.61389101985126
508.0267969228044,350.22678734445145,66.61918905234037,58.56266066265959
513.0545007104733,345.8432841618866,66.42565891840886,57.79382413228159
520.0985585696815,342.5826941770655,65.93593187186747,57.19589399450185
525.5686816211269,339.49376710929795,65.01936740960173,56.729369467927555
532.3919566889473,335.9885428019532,64.24711536966399,56.23153256015608
538.1481079578183,331.4259778622086,63.3571730614142,55.605518030465674
545.847180397025,326.40520349906484,62.59368699647732,55.1766077723781
552.3358942255547,322.99657671617854,61.56865191754298,54.134883066666404
558.72228885968,318.86617592079864,60.57955405554224,53.371713099808986
569.2163849829465,315.26931246290553,59.29720287346265,52.15076716403271
578.4510308073759,310.1624267453498,58.35125717186929,52.126333643089446
584.4109513589885,304.19179279146823,57.45207646903472,52.36665855768855
591.556651249786,299.61529528429867,55.96478435345534,51.094192756597955
595.7450655857058,295.1703326001157,55.122867790990824,49.7417627782842
602.0083584693214,289.4104655658429,53.85932828840811,48.721015279446966
607.9035425981168,285.7807871090497,52.277150948786,47.78028369205691
613.0519802167795,279.2288102035378,50.67819746439022,46.97421858218215
618.2664732917732,272.93382267691624,49.74615955659043,46.26811209245663
623.5563424233118,267.55029607882676,48.69504678179445,45.361718633362116
627.3551058025605,260.7837584713273,47.58244433970313,44.377978662814094
631.1901263907652,256.0388175279485,46.540622767786076,43.269822829845275
635.6279537508763,248.529532013422,45.25334695381389,42.54133880518726
638.5762217089272,242.04455961011752,44.221251955680884,41.66887638523373
641.4985885502442,235.9346111221683,43.12451937167941,41.02009049980406
645.1353939492174,229.00199760502537,41.66401892529571,40.37538406241022
646.9860089662488,223.01444632585267,39.975972484982705,39.26969133266965
648.7394197817783,215.57483255390883,38.6012004144707,38.289788017182346
650.1631765509205,210.24576718509854,37.40000340450649,37.34122930167791
651.651720200441,205.21197525748724,36.272418668942215,36.49975553971301
652.5992703395036,197.73983179239667,35.18923855683252,35.72742870036288
652.167809397751,192.82927989555165,34.34760111416597,35.004114159092005
652.9269171087043,187.1402652577877,33.54728120007186,34.190668520069124
653.2031356889024,180.96635407742104,32.8292709195584,33.22872983343913
652.9269761062936,175.66772979511197,32.490751461729175,32.60127747032294
653.8297986449385,171.62967339437677,31.925661194009695,32.107085401187874
653.3015984711442,170.20653557843582,31.234640276950003,31.445609568226004
654.6400501392295,169.20052700628358,30.89709240952924,30.591347110479738
655.7430965917501,167.39906983072677,30.748853203218346,29.924447923995682
655.2483848833285,166.4588050807932,30.314181466253203,29.191169745640114
656.4836766727242,165.66045077796997,29.952484606211677,28.3431914616382
658.2387182482967,166.06245398844,29.625438259266083,27.62203263591295
658.805966776487,165.4959919288957,29.212285197025896,27.20144418175937
660.1127217786676,165.5287928021074,28.83247880594604,26.60213577029693
660.2607165153549,164.77570833095552,28.309675062551797,26.099073145217837
662.1868041656762,164.01113948739953,27.60306860956564,25.639776994439245
662.8920009118601,163.66718951287953,27.170160773935933,25.166231325803437
665.0629786994865,164.00946381975803,26.650188536085636,24.637772494761318
666.1160256659076,163.00816505762023,26.417469542208295,24.29111159618531
666.8730695717092,162.19622545128888,26.183319474745783,23.79237880933628
668.3634241047912,162.2867724802559,26.02531853846453,23.410158652769436
670.0111765762479,162.50411922706445,25.646561642426125,23.11085639450394
670.8817866745851,162.87272425659202,25.230368911571915,22.64055307373004
671.6379221283844,163.79415992201888,24.812961895574976,22.235494548052113
672.4564118783196,165.3972176789878,24.56715671211068,21.687612676692375
673.5823913884279,166.8522644889226,24.134960875487778,21.32266218426417
674.0494110116477,166.97890166153525,23.954911802388178,20.947485373218548
675.227862307223,168.87241179344224,23.685518366511165,20.50512300735381
676.8021479967741,168.70785857598787,23.553426479596226,20.166604015016464
678.2343107698488,166.57686557536783,23.361029339208596,19.73716087807292
679.5274000129203,164.3507237505898,23.023622520546116,19.35016535282434
680.1047304634069,161.20648923314255,22.72948102875273,19.208359424339886
681.7554177045091,158.85679045100625,22.603864908364585,18.859325592128123
