461.0,304.0,22,17
451.71192387533074,304.9653900534449,22.487636013986958,16.554693525922765
443.17199365794784,305.885914270658,22.883109241721527,16.234686961613654
434.89236195248697,306.26040497641657,23.58915838872722,16.1884872273427
426.1537578998011,307.87414893961994,23.294779122272782,15.949394991853893
422.6968411128562,305.0904343016616,23.219545618525856,16.011437915231408
414.3645233941406,304.23147852359364,22.064677271777487,16.601656295097904
413.4450803858895,315.22158700461375,20.87015416962723,16.777170534229498
404.6364503101348,315.6102024926777,19.74949165267957,15.145821210933672
404.35270572683254,305.2408463753066,19.05997703510448,15.742458860714915
403.64043536563673,307.19250028667585,19.183904354175702,15.730104101941263
400.47830842987486,313.94222210138906,18.724691886588207,15.782006297710156
397.1550576604315,312.7896292132989,19.177822606383096,15.877383724281128
404.31220352057005,293.365734544456,19.35649658434821,17.29466540205476
407.0243567323833,290.3249251985241,19.26076529499901,17.405489416184178
407.435817015328,289.41520032618246,19.326264834090075,17.401452832742496
417.7895505414388,284.25707163082285,20.44506883899734,15.932409014965636
402.9607476790373,286.05013167591034,20.986543734942977,15.01796556053283
397.6018624206516,285.1126394019463,21.653155346685033,14.270093968324234
391.2323520714165,285.57243906684755,20.780939472889568,14.101600900728712
389.4652448200838,289.6160151699662,20.1992711020199,14.197531275057841
391.0213023539322,297.1452227595883,19.385091520163023,15.671136664661223
392.70893122097704,298.0366807580055,19.559760543885723,15.853682398783928
395.45018110061386,298.9692425233181,19.28262882660429,16.53766928075638
381.3748514575452,308.45066843833,19.06972457514398,15.187442572802865
393.5009795401128,305.56549842435027,19.222574000829106,14.741248939873735
387.70098905341763,307.7162255824537,20.151160626074926,14.059591376596462
375.00921709636776,309.69992566396405,19.929491374891402,12.700681203810166
365.54387890766384,304.89586831425555,18.972098599467206,13.413616154691976
362.9053204449378,299.32375863374676,18.381272714860792,13.446946080895199
356.01780764687254,299.8918842577863,18.567267091508782,13.546275277152025
348.0762546998867,311.89410154837555,19.79299764978713,12.353623532887543
363.5432840824336,312.97347323601247,19.71059293742769,11.687616974020006
370.9939837904073,307.70233152509917,17.79423227880457,13.305313146090766
356.30533540870925,304.0131802334136,17.134232747034634,13.140486762176689
336.0451640664822,311.33982034637904,16.623815620087413,12.82991893858961
319.80704726133956,315.3810753497468,16.90702745608064,11.988482540252459
303.85646405885484,311.9830709483793,17.343111692471012,12.62308387228438
285.4613763530421,312.6634408972111,16.143628748383552,13.534717174083598
284.5998723268829,311.6592471166187,16.207571554119887,13.517931548012648
289.61082451262246,314.70064327450257,16.15984931154702,13.717106395330747
280.8510495499928,318.89853332308894,16.334542974599298,14.824355167786953
281.7414829479647,311.2634690009558,16.78817324896805,14.483567674357902
283.1030707300708,312.1265838578297,16.906847965517652,14.739080819496895
287.96805106672537,308.39372200446996,16.83951546603663,14.863328085786636
308.6313656403198,313.9368620982382,17.502617153808593,14.844079758601758
296.8618923955367,318.9519542656117,18.132261885562325,15.252089698757068
299.91517034360413,327.0438761098636,17.872904475755572,14.279496315429046
291.3251243164178,328.36035450000884,20.088400735450456,13.700006332013606
296.83026910975417,330.4009350062396,19.258904910984775,14.432100629610684
289.00185583877993,326.8557127253734,19.525377296439125,14.948036524350881
289.3764718167923,325.6220377215008,19.56188905379342,15.211712215689758
287.93774578436035,338.9965618737467,19.846102288090812,14.480867646549486
293.6496494033826,350.1812528330412,19.64523358764396,13.954404123956705
292.05786016644043,355.469649728377,19.70047038672366,13.460198529085762
286.02171086941945,359.1080982971851,20.182826048636635,13.328671874868073
291.5973823204394,364.4451939343338,19.724934074331145,14.513497019027724
289.3529676456809,364.92070342985977,19.319781490254346,15.176423035299976
283.84328352990735,365.80243807177027,19.453590639770297,15.809491532240722
287.3846510686748,374.459090648166,18.908254854227465,16.513222817437565
285.4398770602091,372.7075594677898,18.835690444401205,17.122410056119577
276.113386410242,375.0656643466926,19.00591799067322,17.12746799850931
286.4101963509185,372.20253766216797,19.842481519964757,16.497627007207065
276.292899983871,371.570781995295,20.401762211823435,16.057227513316192
272.7275132099693,366.06213474538754,20.470943657576036,16.531698221627224
262.5572512788947,368.074856752079,20.05023323627799,16.719350826896708
256.69209249500443,367.0127670690758,20.203318443218713,16.6440367847
253.19883832302074,368.0987220796125,20.883521855545435,17.182163995071804
248.93545804942724,372.0236531661062,21.662044792869143,16.520953860658718
247.1062751083636,375.6657787061746,21.645483917183906,16.469223837650855
255.87775381894835,363.29818266140836,22.61362726505738,18.410047183286814
230.31648942897854,360.6284949737729,23.91323047737009,20.879320629846845
199.46980118071647,361.5380968952143,25.331702722795555,21.949780483253033
172.35923158506588,362.53790928803636,26.242691767612396,24.442144833351087
140.52818374124973,364.26241355433143,27.294210825605973,25.516207589823487
108.13793469846232,364.40833850488286,28.188264819383946,26.421600425537044
77.80857011525009,365.7734309773642,28.897000852263485,25.938844374617254
65.87983716427536,364.7007358847257,29.16967366339264,25.792173707843563
69.02776495654592,370.9265342228437,29.28481356224995,25.61036768102152
57.04626641988515,350.6781658120818,25.70483425617697,28.45238801084622
48.68027251255224,349.48516255815815,25.15317644095997,29.374115343888747
44.13495994156898,342.4737527600989,25.724163521403064,28.594627811101045
45.58092150483053,336.5656263821648,26.279437355329186,27.745719434156733
44.69469936480106,337.4381784759065,26.517618024548266,27.611706860442894
48.008786272869635,323.739088734523,27.734704828528308,24.852957327096533
35.12357814983558,332.92959724866125,29.627694927135476,23.5133755405193
37.913432531800055,328.28761551606203,29.458157671995586,24.059546036967685
39.95540117518345,332.1793427347803,28.399984850560845,23.082945847578152
49.057423536249125,329.6031250025928,27.021188846691203,23.79034347015627
49.37184512096437,331.6736014793424,27.107898960952113,23.76757746734064
45.584029819161664,340.4126940848478,26.62820119541691,23.922113203595508
57.89889563523681,350.3967028567852,26.24248048855958,23.823686418997955
68.12852731953829,355.34214915700164,26.395376848960517,23.811364375205663
62.985537013719124,357.45912417412427,26.078810768704333,23.481848545062014
56.022568372993284,357.7890427952096,26.08886212486304,23.591077159825
56.56543560250054,361.8758825277938,25.96176108870009,23.9715435076448
58.84984158394874,344.8353235613017,23.964665434397446,24.9794116237344
57.4808552684211,352.8096226925046,23.93894330226912,25.13668646923887
68.52445393006647,353.6539402679843,23.582664863255737,24.706916674724727
71.34778432241148,346.531540125143,23.992186939893827,23.783656657672935
59.026668040211135,345.05582879822003,25.632557932028895,22.274462246089254
56.94523275673704,338.3392719577032,25.377108796828658,20.566455016478333
60.27981455753272,334.90328583262163,25.48325189689745,20.083813008828994
65.22139628974415,330.91338867708527,25.825102165384738,19.119134053300176
65.97458126876855,326.9057865244589,25.968893950500014,18.870590189607615
88.33152996577928,340.6387976947844,24.50643088265042,16.911731850421482
70.03607622999853,343.352201194909,23.221533453088888,15.742455062574518
47.12793506324722,344.96118219934345,21.573843694916697,14.849642589838485
26.347485967343523,347.5352870743621,20.269723042119594,14.403520242144925
2.9593049582046707,349.97337979083494,18.98392456845394,13.89106619347662
5.307913190553611,345.57851983632594,19.651194798091996,13.625156372270053
7.0782067387847505,331.76847213217246,18.621998387664874,13.26366913897537
5.986713185080465,331.45986155365193,19.16030165718282,14.131905005489063
4.9566750187365045,330.1493557537725,18.477480956179335,15.061212808861226
3.2491563788953925,328.963609386109,19.972863389670152,14.902271889403144
1.4489821553532707,336.41704817175037,20.40893571370752,15.180643646733657
13.803785846253815,354.77912844370843,19.97146883483612,14.74550745584482
19.13843065957338,355.0402206605278,20.220064034857145,14.964358483631996
24.672133336574774,344.834291416162,20.88346312421373,14.48227318574242
17.82870909944601,348.13582662904207,22.46799378841267,13.19209185910333
13.7333142747645,348.85720310516456,22.806236745881158,13.023142617795896
21.515776401818734,351.04891764549274,22.840639579175033,12.921062719268393
17.041474740149475,350.0989611216348,23.42053333830457,12.718627439347644
20.53832935633428,351.7542816460713,22.885884774880267,12.005215394380766
24.957927630275947,352.45663043913544,23.392307428657087,12.087967454248712
21.991496989280765,358.5297106306655,22.381572824416985,12.496227542379962
0.3138215840723859,361.2346188244078,22.912846028632572,12.833832419543818
9.46236988249819,353.9711686459268,23.5592156183044,12.000747424943253
17.33175878712619,345.66765982434583,24.296771427212462,12.322025169423549
25.519390923910635,341.37258352909555,24.949690137042012,12.75778933218978
25.77715394728347,340.85510316273167,24.61157803072603,12.90130871970266
31.763475367882663,337.26988536201395,25.98503504304327,13.196629880220154
14.65419105056765,339.1429053742231,27.486902170104933,13.365766247403315
11.7107281425166,338.15556278278245,27.809092573609377,13.411442946398036
11.37599851892455,336.26668096886544,28.712850526848165,13.442105744153878
16.088321847336694,334.2031552256962,29.169025098051225,13.447567569847783
11.549904181694062,333.9163412422081,29.097857804824766,13.520012980671709
10.324848812814905,331.6328302996844,29.15867868662605,13.578596755367615
18.243932500199165,310.2403211092707,28.0920872395919,14.257261376429284
-1.5265717645183408,306.1191626891928,27.00384619627301,14.743299224885897
18.91457028744669,289.9716559549403,26.29741963628826,13.482351084504181
4.467889902408526,290.8822756643938,27.290473704704432,12.735452485909665
-3.732413797709368,283.61861446928583,25.76254564351444,14.211329868801418
11.189903308556394,282.0292022532264,24.017520805982915,15.485475956193655
1.89207661528223,286.3970554281008,24.830642454249993,14.745794691894064
7.9812826064063955,286.55704707901583,25.151833743486037,14.581328968189068
-0.6255664693304546,288.41977776729783,24.689979526795675,13.519197669750035
8.902338801877576,278.1327409865236,23.76872861572727,16.200647329931403
10.249126093071482,277.1992461931867,24.15505668226524,17.02655262705429
15.686770876603145,273.206476699065,26.88270290621754,18.917021730043867
21.438469030009628,278.55314698705484,29.346523091103787,16.967119874767235
7.498557770312438,277.4032154480639,30.324261259912234,16.59969321886244
20.696455839337773,273.8856580421406,28.613722079869376,17.180309739693328
32.515434566403016,262.98107417191426,26.95481430835608,18.495146120282822
32.703058235180194,267.1169367954813,29.076568618750947,17.576478734476872
34.980272194904224,269.9707454239655,27.683151441490384,15.950022976531825
29.289528429893117,265.5290754674552,27.86902129573134,16.338833165431417
50.24268162706993,264.150001936327,26.53809331934648,14.948733462551145
49.58915987117258,267.52491049264154,24.875066945887262,15.739161406074327
62.332563967236894,270.08914704021396,22.39580422495004,14.335724932023238
46.81124160960487,271.80946104265774,20.896876369413306,13.498917727916968
30.061856271013696,271.63741269637023,19.66975211861714,12.262226761800532
11.710979368123422,273.0997863859161,18.749378391438704,10.945755749896316
10.204057644136595,268.96137068510325,19.475147346004153,10.728290123934158
13.143958300059227,263.33870136524257,19.369958460916703,11.152259592512895
23.0617339504491,253.95244124926856,20.087866327617427,13.12130539819142
18.09390820388348,252.61467804220175,19.899452421578747,13.607325281563284
