692.0,367.0,36,21
687.7852338012871,368.4435830813937,36.13209282223052,21.090510228814217
683.9464984596895,370.65971809335804,36.197480070367234,21.219588166311212
681.0507529223094,372.2806940923216,36.32242146251023,21.30785925188024
676.518278708013,374.8205303741771,36.35711934178642,21.396079144223876
673.5230403565802,376.6837739615498,36.48018729221076,21.45773894213486
670.4320845876637,378.7135612721533,36.45057386666489,21.411462355595745
666.0736423093115,381.37643712603364,36.864907153838075,21.3887959749835
661.3460539092387,383.38972374357405,36.85968814099543,21.422517844883142
658.6759308450261,385.1288728152032,36.82631518983062,21.603384130335826
654.3092582190743,387.48098923364824,36.83711863265222,21.674602953601944
652.254458636935,389.6510738979674,36.91609340728223,21.793166229944042
650.0110473288704,391.6994245569645,37.24900061813808,22.019104377281856
646.6293566369543,392.60187115311254,36.915999860856935,22.03264685393122
645.0380289378354,395.2706249337559,36.69218400665342,22.137049082683497
643.5719185221285,397.44832025085896,36.718742301446106,22.21781567503985
642.6609730499842,399.61309769000525,36.558325811652665,22.464943841180894
641.719998280206,402.16306343991477,36.69924751917782,22.548140698295455
640.6981044734757,404.45573255422056,36.701325232736075,22.597621500445634
641.0360216071203,405.71869025493976,36.642296995720194,22.91936997840171
641.3617431766354,407.7578423444908,36.475755284912765,22.887002383772277
642.9741237367731,410.1702141845816,36.48821492879759,22.969630224586854
645.9617878702128,411.94235178231594,36.22975220146891,23.32434947491894
648.1915200577187,413.69928881701435,36.17905552665242,23.696293886967407
649.8378012664688,416.45702455853603,36.12527026979693,23.82233241368968
652.0808132461445,418.4611300929371,35.85739358827735,24.241108039223512
651.8747005844176,420.1705386974676,35.65173713682877,25.108332089928133
651.8648860794807,422.1856172929165,35.594133785862766,25.47143966953813
650.1566251710964,423.91833346901115,35.48496743124464,25.66788018111834
649.0367082297275,425.68513279775084,35.238190901384684,26.097431548052988
647.090210062113,427.3200972568852,35.0159833791921,26.388713262108457
644.8841241789763,428.91668955565484,35.00582238179335,26.59646097658093
642.5832936258364,430.7786616500236,35.11677609061235,26.888279116944986
639.4972827126523,432.83704425037365,34.679544987292886,27.211546875229274
637.0225784369553,434.7833217234183,34.319963060171496,27.561057358827487
632.4159654901455,437.0540625823256,34.03574480095897,27.42620711073937
630.1033293930957,438.3375657653175,33.94975143109373,27.56038787854466
626.1118115455555,440.31645045914166,33.70839137422098,27.76822975798622
622.6628311347267,441.7703511402456,33.34516750349579,28.073280873805594
618.8759615665249,443.45127782332645,33.40446419605186,28.403947649245566
614.9371977207942,445.6789758046328,33.45398132843106,28.467518361437573
611.6218469205244,447.11844620517365,33.41986511891223,28.69742613213321
608.9143659325323,449.28407909180885,33.04069104753305,28.874842609839376
604.9970793128562,450.82529572756494,33.187771916279914,28.904767431588837
598.9503145478125,452.1270667653015,34.18546099226572,28.971528700842384
597.0902675363889,453.84604346536474,34.03774190476129,29.530691389583037
594.1973570558335,455.8197683827369,33.57440209927043,30.052449318510508
592.8232117784555,457.3724532438109,32.76489236105766,30.0708894108157
588.6540580728072,457.9576700302722,32.11935882997159,29.608456020998567
586.2853875415393,460.85893870934075,31.725764223561985,29.46413704665057
582.6470239668349,461.434203901181,31.521305459884903,29.238579197149804
579.1560536868503,462.96765813841586,31.164821337236887,29.400102424340147
577.0507476071249,465.7189464978111,30.876722864363437,29.526920236799675
574.9230939746157,468.04101796833356,30.330943703600717,29.75867756430943
571.4841621740146,469.3132975892232,29.954603508416106,29.986113866963763
567.8360063171729,471.0518302797649,29.649696044853485,30.20725252640777
566.0624520284189,472.5329710648493,29.324230769822364,30.371336617860024
562.2509095273734,474.54745679004367,29.861469824647635,30.66349401268605
556.6987249359531,475.23916153458,31.7061801940118,31.08340636199243
556.1366140533038,476.98056337237597,31.913608136068163,31.14051967858785
555.3417114467966,478.47059533854934,31.62067714302804,31.778284115381805
554.5639007687112,480.78357440464436,30.863333106132266,32.98138176932456
554.1302586860239,480.442949805907,30.011821495139547,33.788378647463375
552.0600455911522,480.7920046858095,29.161143558906534,33.23435763277554
550.3253154141867,482.82962892299327,28.24887478686115,32.54161648262676
548.9707431991596,483.8405343488771,27.886630972286227,32.06863375585914
548.5136320855125,485.57101817657013,27.54257530651401,32.13146218201595
546.4306234059688,486.9718384854328,26.89070631306234,32.13550088557973
545.0029648765423,487.6189807271592,26.15664501498201,32.01478512771283
543.2956566248016,488.4532368809573,25.916110151275785,32.015706413866624
541.8095523779491,489.0284392445552,25.533757792929862,32.0700746358896
541.1079287429537,488.89424822512126,25.23635198674868,32.468003793898085
537.5154687698858,489.6812659085301,26.159354818626795,32.85421165217798
535.4925484574827,490.43578187184636,26.59904767731964,33.01513211812369
534.3257805727168,491.98255619340335,26.891934032789123,33.202207864658085
532.2798788449425,493.9934795970154,26.753497620173594,34.32200076690673
531.6049395218963,494.3949564112326,26.249906417633184,35.05838429667539
530.0535699269319,494.19109074716175,25.410674782366595,34.4560371946414
529.6829222258557,494.85623181395084,25.081566131784776,34.09407018557486
527.9449530809184,496.3323830532021,24.577134853788245,33.73979016800988
526.541316642841,497.7608721733688,24.10597297652504,33.64829196918035
525.4041567805044,498.9889537313437,23.997518348170864,33.419477180867304
524.0829113436059,499.3390584419346,23.491617498334982,33.03346911466601
522.3074372013618,499.9578817393083,23.293679674424663,33.20208777870769
521.2123726368533,501.22737627312875,23.291769313695838,33.42542018323465
520.494777847764,501.7873619861493,23.418616911893928,33.68276809313113
517.4290596422878,502.23684880118105,24.557911599213448,33.754680693536365
514.676187950581,504.00590782424445,25.364649855673832,33.97920455414783
514.7829215466503,504.6829813700343,25.491262924765717,34.088489774579834
513.8988520512534,506.8139780885832,25.063936827669114,34.771389220782744
513.3094083657703,507.5799607568868,24.63095438662342,35.89350713612877
512.5160287853588,506.18460528869514,24.312279892661294,35.330259942629226
511.9007171024609,508.0541008303853,23.709567381992315,35.01867517028405
511.0415664145604,509.5182031308393,23.381047163554985,34.69306303763778
509.8000971485231,510.1892083462177,23.047556557446054,34.31228765326771
510.0519528195415,511.06128747563025,22.955542603104497,33.970953796298105
507.828099287931,512.0703886436961,22.904096529118377,33.86611968526414
506.61805410784956,512.1048033181112,23.025106994261783,33.55907775098458
506.21883652789626,513.4833189531946,22.851580179070808,33.8027560145093
505.2252325460642,513.4915018489224,22.87419616275438,34.016668238190306
503.0341019331067,514.350393462258,23.45568376806396,34.24515881523001
501.0707944713768,515.6715993819247,24.32825206066437,34.50307656574049
500.08849787590015,517.2822820932815,24.54729318862941,34.94003633833923
500.4632027911578,517.8371837716843,24.294389095418712,35.32569349178756
498.6490063625865,519.4332090923496,23.77974606388959,35.34578579479307
497.4409401720796,520.5399079047047,23.539178310625957,35.09290605338346
497.221445293798,520.573248706462,23.427691992970367,34.98306496500578
496.5789177115705,521.5038299583075,23.269601405472297,34.852828974986586
496.057197918546,522.2372411584129,22.977126379704792,35.01653788581101
495.23475272864397,523.5684458668276,23.213081212633973,35.15333043431359
492.93607733675697,525.470967297996,23.157195607247772,34.93186758906664
491.4005819840831,526.8844109972836,23.05872220126738,34.7269818384406
492.1953806965258,527.2550169341469,23.111512166518818,34.561415411491396
490.2171333044561,527.7407237379208,23.33711095456432,34.62925503880681
489.7015788913259,528.8404674901835,23.690905022524028,35.05928413584387
487.764605695092,531.2544902422046,24.016160619093395,35.03775718648917
487.7788153301363,532.3798949052233,23.907869217657094,35.415182723733004
486.2615547216839,533.4797057636385,23.67125701171031,35.38137826764472
484.71022437484794,534.8551990730818,23.197577983702534,35.469068101394896
484.52030859553184,536.3393765888002,23.102937496436276,35.58174486927457
482.6970232025048,537.8512401251074,22.86149253542011,35.506649083281275
482.47634881161616,539.2184550456275,22.54422010137706,35.36021667876453
481.84247183313346,541.0623782464934,22.75033617992447,35.46668180047019
480.45170962406405,542.1184940128654,22.807213076090672,35.37220386880031
479.38638848091045,543.0758342258589,22.889568924409538,35.27510461957119
479.80168713313094,543.5061275805791,23.111240601902182,35.49226906979872
479.9177487603105,545.0508938883241,23.4192937391447,35.53468683272671
481.2781672033253,546.6164493993545,24.038666814052434,35.624584111447454
485.6885640192283,546.0585697166875,24.278496351191826,35.676561738499856
491.59625085476665,547.0796593166527,23.804873778747933,36.162084870112466
498.3505375623123,545.7494153076102,23.462621164437948,36.40650385743592
505.7515634563313,546.0024690029085,22.97732657854825,36.3583432441831
515.9718396432709,544.68222226898,22.437622593341104,36.243450359500976
524.2793653534686,544.1161495107827,21.934189214937867,36.328163930094625
535.1704935229193,543.6101673715714,21.359284560606707,36.027773167013486
543.9732064060072,542.7012721392059,20.805204619626167,35.823766451568616
550.6931868484432,542.6972139155903,20.24353963319167,35.78529018639749
558.1221687892532,543.2947665234612,20.068818549423284,35.79185275630006
561.2555630463643,543.1081570040027,19.88132996195895,35.91058571123285
563.9983223076455,544.353145271286,19.67658841693562,36.23548191836534
564.3891060483776,545.3076198917846,20.22128436320582,36.46181710119632
562.8062183479192,546.8962566559743,20.652280406212306,36.812894402895154
562.907105077329,548.5045289624477,20.535971424931944,37.57477386221399
562.7411742517376,548.8561055408956,20.37772077142727,37.573998024654145
563.235825901658,551.2973954064225,20.073827017484682,37.68195784438156
562.0355358724562,551.6556580386147,19.901668428427385,37.441857750895764
562.1867745006666,555.1386458667309,19.759927255990874,37.17679457024907
560.5933789638807,556.5810279395967,19.20689594186761,37.161567778033216
561.3303617461542,557.5503288709111,18.930150225953362,37.214550693236234
560.7923852871957,558.409867247501,18.89102135676093,37.28594024865032
558.343570685422,560.2281174969168,18.94032292358944,37.565455374818896
558.5766094490988,562.5070332588307,19.121790257075904,37.563112437416706
558.2115107939749,565.4001993735409,19.334119525331623,37.52039440477371
554.965699608495,567.0224409319093,19.93527711357629,37.867265658154125
554.2660014895675,569.6785335161923,20.201425975942968,38.093334273767866
553.8537096709445,572.4003845330872,20.135117584380517,38.7903487927125
553.3006759779337,574.4417383287366,20.06735684540228,38.73033865014402
551.2361474872865,577.6054525291657,19.70740015482152,38.5473270583678
550.8814097682903,578.8076870464048,19.615842572794357,38.61311101461233
548.7560428229104,582.7023443481361,19.379378587577555,38.3644458252122
548.2955701063727,584.302509825019,19.291809616356122,38.615042605821365
547.7327153755534,587.9601300150385,19.14631699059226,38.6420644938486
545.423279156172,589.7836618647341,19.335265418124767,38.882665589379485
543.9612336796347,594.2042500154226,19.832140795027577,38.91472689786568
542.6474914493775,597.17921961532,19.826179515795744,38.99882242707484
541.9133473738025,601.7599041149252,19.62133381684805,39.09069592054012
540.5100393096694,603.5322282357441,19.619791070602616,39.51775025458605
538.6695779688331,606.9004399464314,20.024773810868915,39.78683525606297
537.9628372478775,611.8633377430331,20.046058597506693,40.43438866188319
535.588162856081,615.5438307968408,19.810521211666213,40.47164169000976
535.1385621914698,619.6995322935436,19.828359625849536,40.52351994660429
533.2667223972718,624.1740703515854,19.703325835339154,40.68882371333313
532.4870858233542,629.2192146456856,19.671084395772098,40.770349089976335
531.4930641801354,633.9828647728614,19.93467852449478,40.661765266288995
529.7536085442307,639.4131888584143,20.203636488198864,40.86283889694093
527.7374160609324,643.175115916989,20.22796481417034,41.259455971197895
525.2693373602583,647.9130169633255,20.219923607120126,41.48351349766539
523.8522687856848,652.9135069367463,19.966498195231978,41.951115704144
521.8699433985993,658.3087295283018,20.163303815594322,42.158320667517515
519.3892105267339,664.0843678275758,20.926603665770585,42.44830688635228
517.5118327817116,669.524746088223,20.966843469779818,43.03094453009696
516.4519998038674,673.6915485615448,21.12393923503881,43.4484382162658
513.5872190768999,678.1041403123438,21.133598650399364,42.67566865509748
511.93641122350255,680.8050162761492,20.468867616471485,40.692953592721096
510.57999558238436,685.0800448840895,20.130131821071107,37.24657221912574
508.6478100710111,690.7625231049026,20.529315771063654,33.10133471060506
506.8971033856227,695.9164688682683,20.7365396887155,29.005464057896933
505.048809737573,700.6048842852753,20.667753754834468,25.22210856568
500.63703757760726,704.6087262117643,20.67348038677768,22.620545012994832
493.75792046247295,706.5558214586819,21.60354384067908,20.20315353039012
498.2831568307304,708.7640063165765,21.062378965492417,17.96535742299952
497.5125793172207,706.2427610416563,20.1786301228829,16.219983287781023
496.6787974178783,703.7462306137562,19.86324561834495,16.374093032741378
497.79693860841104,698.6934391614411,19.379831889623226,18.973931003289607
504.1523916570349,697.6508232108182,18.923900157609836,20.725872804437827
509.4987211402409,687.9021806283637,18.44119449930337,19.28808411680785
513.0899236524041,674.2213034366586,17.80174296618794,18.12732034225915
517.0824286367754,661.3873113295653,17.41168844178135,17.387524862842085
519.3566394957984,652.4187299903632,17.530564087016575,16.93570286107051
521.4265275963095,647.0578425124215,17.604021833748213,16.615329226865835
523.2703497486191,649.8327844225971,17.79033230207822,16.376541597920916
524.5903616915961,654.3355617744483,17.58703021788204,16.20308680876957
524.9980849854452,659.1555315586413,17.42865760479323,16.124975853664743
525.5065333710461,663.2296737900122,17.251352813571792,16.27139201348144
524.5161958521178,668.6026406833597,17.0218609202761,16.19947708664974
524.5670002209771,672.1461114922262,16.996279099061354,16.18987464128002
524.4215007229396,676.5391470996932,16.983117023358936,16.200846273025764
523.1208644722857,680.4330298866253,17.070160703866115,16.11195612640773
522.8161812943348,684.4106684926264,17.187537924025648,16.018686055518717
523.2359048776482,686.8751923617182,17.496299375562902,16.163971508253173
523.4795890188198,687.8856032498575,17.66270916939184,16.075850842814354
523.3884207914111,687.6943948261478,17.849028168154366,16.24233293681564
524.5821319836514,686.1998031341365,17.71060633299021,16.210665185584446
524.5960302314156,682.4440901758543,17.673791893125752,16.064292335058965
523.9316584676196,674.0451130536896,17.382898885073313,15.86226183817745
523.5313941053979,662.1705157412887,17.317010678364376,15.72522599422919
523.085894086183,652.6701485995432,17.28545670068093,15.656895183726188
522.2840785915112,644.9780362862773,17.16949845662605,15.580659147416139
522.4156026796092,638.8226018618554,17.244127282383257,15.494704113203245
522.8154594456448,629.1093475952102,17.11892089142511,15.450177642831505
524.1379543166003,622.7173996630594,17.280266598733157,15.44946275884209
525.6552883620819,616.7640323240563,17.26490087593374,15.469066699543538
525.4538076085901,609.2727396756806,17.401688066511234,15.457351154010063
525.0922103572949,601.3323024350461,17.450878968027492,15.319133075464286
524.59459738577,594.5406636239587,17.31870165179986,15.290075492561044
522.500444785601,586.9607264106023,17.399897782313698,15.281588255455627
521.6143885014533,581.2825586198405,17.12864105739613,15.35656702545565
521.716226281065,574.4498620038132,16.966507551395413,15.228217123965337
521.7274590742222,568.629180079085,16.84888052709267,15.251901377474493
521.4867294478215,563.187558092297,16.60881268028473,15.045591518042848
520.8764568937572,557.8227403870892,16.52293460115751,15.125885345206434
519.3997567586601,552.7219673757787,16.358559907972772,15.207363771391734
518.5809396040808,548.5657784808852,16.300595614836475,15.131340529684637
516.893274280792,545.0342442085529,16.426738791931605,15.190300645394345
515.0848637686646,541.5824305470596,16.755016115014463,15.258051503537011
514.0491279140479,538.0401290179906,16.64365319900387,15.28317961660684
512.0018396825254,535.0083520253294,16.47226896868937,15.263321431518985
510.0546969786385,531.5536735224425,16.384117242674208,15.188471283972364
509.1998462420029,528.5849250511754,16.17516332043766,15.28229070575458
508.63964686622126,525.7995047726029,16.238517089090642,15.24653336250908
506.60869879494874,522.5916236803589,16.264516930366245,15.05657502697742
505.6539217336623,519.6421394918839,16.344786384970398,15.050163154904102
504.7124205878571,516.199033282001,16.249494304022143,15.05570311983584
503.55029424376806,512.5907078930755,16.219548536389652,15.107539902325527
502.3365560933423,510.11456158539846,16.266813960776236,14.994513456400378
502.2301288561249,506.5679837767854,16.172013100738454,14.979667364642015
500.74243125717373,503.5220113247307,16.377594761043177,15.22199526435691
500.4951434739004,500.57502289720065,16.372891305373034,15.239087658967843
498.66988736020744,497.8112862410591,16.43821752812026,15.169263302793823
498.3821754566045,494.9634705730206,16.447196938353528,15.268420945023273
496.82227633436173,492.78848718579593,16.635495701637886,15.273375054677667
495.90799512685504,490.61590811933183,16.371917918897367,15.049876266219158
495.75794942119717,488.52377924232104,16.416993003308786,15.106379808814912
495.6259210991644,486.1953051770164,16.40099364761856,14.947398526582472
494.75516018865363,483.6889382895871,16.23702840809316,15.06204193889217
494.48698531633664,482.16067787364096,16.362790841936125,14.987760616243428
493.98536225933475,479.55233807165143,16.435521666633246,14.997450931892462
493.72091967290186,477.57484472365394,16.368207803854542,14.995856512164774
492.9035362066619,475.52562528187514,16.13335727417617,14.896797074189216
492.4534841944016,473.69573719299115,16.317095484487787,14.900761942142681
491.7455482347366,471.6081528827732,16.21217730372024,14.903502431475047
491.49611770726284,469.6761948590141,16.236066587427473,14.779614066151442
490.75450229068286,467.68347053590867,16.5757427330874,14.864336394002951
490.5395252871841,465.70597903803025,16.58441683285832,14.919462822376966
490.16690506052123,462.91666659209466,16.58574935771736,15.004671881728664
489.8243568630783,461.4814971242911,16.323206287271073,14.904193251417826
489.1390808744229,459.45761114007956,16.40159441570499,14.892276651725645
488.6356790410971,457.51138463414,16.29636042366523,14.798008624786435
487.8178695126888,455.87369469438687,16.16378718922206,14.772607254292659
487.8859188008021,454.2570745210568,16.204591383991577,14.654483465210664
487.80245122493665,452.5336770160364,16.01413899299775,14.68387048574946
487.0510036516078,451.4587406853181,15.664048757575443,14.666869215301272
486.18039160642036,449.1826524852331,15.76262224370231,14.688127494133415
486.2363198761614,446.95819541655953,15.712312029903714,14.798349920054816
485.3251075150477,445.7728189027147,15.619087338068644,14.743508617910521
484.66242019430365,444.8581833178853,16.25153366534773,14.54635156491305
484.16876475748387,442.4177371478454,16.6514002335674,14.624379830285804
484.21124877014836,440.84877749381144,16.322650164781457,14.667519170091998
483.10097075428536,438.93887137658777,16.10163972922223,14.578334822508062
482.5708685722914,437.57678642034676,15.74061377704811,14.526145176884569
482.42866656140336,436.01869217158105,15.723687232417863,14.748023676857422
481.6844417806814,436.00238654230134,15.723123121986795,14.69472413829769
480.3507983043265,435.0563654287029,15.806261667714224,14.64086640211564
480.60418873177986,433.91808657861054,15.90455664898914,14.86313333081608
480.25481316033205,432.41253871930576,15.977926322158119,14.952205276232238
479.1434662304145,431.98672086384227,15.931771762803834,15.122486464454175
479.0773193316696,430.5630491848874,15.99588929076233,15.14765193540093
478.2245398834269,430.5172247293597,16.159089788810164,15.031029819845026
478.1674697240198,429.80339694655174,16.444319279987834,15.036806570763655
477.628386807843,429.58985173372787,16.37709174075933,14.81409764948758
476.96665244345024,428.5261583351019,15.977545638001859,14.717775340294269
477.0559761168029,428.61112550842284,16.130906653112884,14.671914022216804
475.53631132199183,427.6958287959039,16.33078540655341,14.681779145252811
475.3799474186312,426.6565416763847,16.385113249895788,14.71557265308997
474.9963968313469,425.84759162584015,16.2436069415543,14.623481299100922
474.43816994627525,424.64678437245414,16.232985516385074,14.703333720911989
474.4633578395583,425.2585563947162,16.17681520467247,14.74358743639771
474.10708162358435,424.5000701621945,16.316587027489483,14.727166041577755
473.9326164179419,423.3785486667915,16.275586713676716,14.887521654454105
473.2333161205953,422.71961538952473,16.085644370137565,15.083172937991513
472.7672776651997,422.58647825017573,16.15748415934668,14.963506664931721
472.30673582215627,421.79410038569875,16.18147311887104,14.956351077967712
472.15736819711543,421.3875436733426,16.27617547100348,14.862264643060978
472.00991399247965,420.6371738306577,16.251980639308293,14.665898920715872
470.93515306639637,420.7102839133127,16.2696169629104,14.739367170933201
470.8632439135212,419.69360440075184,16.278692531844285,14.75360693335956
470.9565328481984,419.0340056440233,16.355633949599337,14.709107394814708
470.54878312541354,418.73357274077824,16.381780978176835,14.694616755992335
470.0566709255123,417.6730687425514,16.11765714189527,14.738857784672613
469.69044326989024,416.9247242658936,16.14807464186014,14.80424180634754
469.7190041065912,416.7651081978091,16.09941396699335,14.761695683239212
469.63840190712557,415.8155771112244,16.045065082233226,14.938914136926234
469.0662762888926,416.1795332643644,16.083256290622963,14.68457742268717
467.9800763640582,415.6108085320419,16.006518261873758,14.789041200076317
468.7245807949372,414.6973873204539,16.263938843475245,14.782723222861687
468.44379911307095,414.3912118182134,16.183515360283856,14.626172402391612
468.21740799301557,413.98693046191386,16.33800353301181,14.569130714355927
467.96732755236343,412.88570113674615,16.05669697657199,14.622724618597598
468.19089116469667,411.9367292372197,16.09562321870232,14.703377157884805
467.2286299348182,411.49794821714374,15.916885638176197,14.623927021523091
466.9619872606451,411.4221892536275,15.897520534862114,14.603497469307513
466.55400453492285,410.60500501498973,15.925956994607457,14.597996256641684
467.01178180935324,410.9150389628167,15.74586463446735,14.513435563136092
466.78198209695745,409.91870669892086,15.730171853448368,14.638927849716868
465.8944339696846,409.470789902437,15.668602000816335,14.611589445614259
465.77392092084153,408.3261219183772,15.80279750157861,14.742775694495528
465.695877518439,408.36515514799584,16.03498751683293,14.75087180239695
465.3938257467781,407.32267719125485,16.12817721127779,14.691761858945402
465.4731357396588,406.86339540093513,15.97432559709836,14.597664459360244
465.2434318099397,405.71511067829783,15.907812588616675,14.629257403169937
464.5445473362851,404.7341681674412,15.927392449011816,14.611821898760162
464.68118008324615,404.4574119907983,15.897355867443203,14.52411034457528
464.33860129172615,403.8908010681136,15.837312339643459,14.515429266360647
464.7003267938269,403.84833961253776,15.941925300285625,14.603217015158815
464.6019259296192,402.8387489866307,15.897950966689358,14.578311810674109
463.6451194500826,402.6780675820188,15.902803854961782,14.53888436721237
463.23451485156625,401.76192862543894,15.858416280754215,14.566459521583038
463.38785729664596,401.52028185208064,15.93036679708893,14.552568314881663
463.3249427428483,400.3951153385111,16.134271313619806,14.778433873758956
463.2081966750171,400.40934382373536,16.040924002260645,14.818374425283244
462.37939916824155,400.0121824610963,15.681421542667346,14.782298590990996
463.092189742478,399.4863259311895,15.55467996328614,14.74190960002327
462.5364803390357,398.4922897162661,15.172541793852456,14.700162541344785
462.1662854505836,398.3913212051182,15.138647207963643,14.591705276531185
462.27115856245365,397.8988573162728,15.349227217133759,14.388381558860655
462.31619797378204,397.0162431002826,15.53405836762147,14.421069860225739
460.86184523680765,396.4739237103233,15.612422502458875,14.461835806892557
460.66773352828903,395.7958903903882,15.790536208802829,14.548478008286118
460.0560024498579,395.4229860838835,15.904615736270536,14.63325299092441
459.5691009290572,394.91704606591196,16.037445877481318,14.653319367199467
459.4024261928455,394.17959949357595,16.045664887258184,14.465553820465255
459.2023356950939,393.552489143363,15.894263546335626,14.474687850969328
459.1710825847981,392.48327024190013,15.857106986165434,14.628937574061123
458.69405477714207,392.59553156370055,15.805886875159185,14.47716120731571
457.60781805599646,391.69847901999515,15.517380855780532,14.570544554003853
458.2900167552849,391.50763921096285,15.306731015797382,14.644271291209066
457.52944426631734,391.6510351764565,15.159281633380896,14.66498973619833
456.5659208506095,391.7994944888201,15.188402134230277,14.602724584371515
456.2499591576768,390.8881169437118,15.445726063308445,14.44317986990066
456.79675922714614,390.3782517927757,15.575548928520249,14.472465988423252
455.184905669592,390.065453453061,15.65273733635304,14.437513504034236
455.45152390697285,390.1983073373529,15.73280881447224,14.549712534766837
455.5553673273331,390.3790840505038,15.903864191769376,14.552176595037308
453.48470298805984,389.3376545851309,15.828647765335457,14.600153933986213
454.23873540655137,389.6243891607145,15.56251484363557,14.507668516949945
453.4031006458898,390.00412173386076,15.530380892058194,14.366260621633948
452.46641000213646,389.56430789499683,15.496032077025939,14.423687524215321
452.0733418409845,390.2598831504968,15.505251895423571,14.439618617219198
452.3172661739133,389.69161220252585,15.440662964673422,14.381904684303823
451.4120504750356,390.31151953342913,15.307185671022596,14.369941890172957
451.0583767893715,389.6009059065698,15.386080741325376,14.31046769735853
451.3280139429219,390.07141278801566,15.231385139058467,14.196781662738214
450.74339915424036,389.5921644585038,15.302885987173598,14.353478547591955
450.3713117030978,389.65773439100803,15.494700354790739,14.432982450894144
449.7983788441511,390.1002395407166,15.654318056326694,14.365145155627392
448.93275371600816,389.1850681767775,15.737245253530496,14.464679625448909
449.0382544576919,389.58958346277467,15.692438685934622,14.429460393786576
448.71510476063645,388.68074565338065,15.672966595670497,14.454808131715222
447.96922952334756,389.05841907783457,15.712477080013896,14.51019889267073
447.9433832467474,389.5845128112524,15.632898270909546,14.463535107475664
447.6621285745909,389.41926123118543,15.64002965501739,14.517083616730709
447.76321594924093,389.3293651790406,15.631000657670537,14.542205005688334
446.63836271450356,389.35933360865045,15.542248112252608,14.455199054671718
446.8584195612531,390.17541866113123,15.766097736624682,14.502312091799997
446.0056653360863,390.06771861805953,15.795901230903656,14.644340290736398
445.3974456526525,390.60333157952573,15.951053671501667,14.618284198126299
445.03564741494256,390.852140304827,15.893876984079768,14.71519113106864
445.3026577685033,390.66575427261364,16.118401198833283,14.645351501159412
444.42835499352935,391.61918627423717,15.850923985109207,14.49634195958227
444.1335345475046,391.4814274201201,15.74816299117238,14.44301750473053
443.65387622541044,392.05256675729606,15.70134560215767,14.47255660991963
442.83272219087826,392.90871249100763,15.485472671466198,14.526286871012047
442.47954888925034,393.38909242025545,15.442860687075521,14.505525639225421
442.14660067156115,394.43492917648706,15.690189464983169,14.41633167998489
441.88367756077264,393.90318674067385,15.767549358435234,14.468181724951192
440.95217455961904,394.8635036201313,15.95771905703144,14.521005302462
440.47094119503015,395.70607166395166,15.986977320633008,14.652859113502899
440.136516762661,395.8818048985379,15.990871046211197,14.75986203519961
439.2389829764706,396.8878588241424,16.09643208783026,14.705571261627298
438.9829167193646,397.82120420689296,16.173097835684846,14.724657015901585
438.6506994955016,398.2764352117709,16.1852839008425,14.699323027385955
438.61272005463013,399.25967164114087,16.21576396178468,14.652936075628404
437.86067995602275,400.21713447419637,16.277285870425146,14.84738540951744
437.0803359694566,400.84362831564124,15.75107503984659,14.816489401432355
437.17453546207776,402.0681110250391,15.824432951576927,14.816994502656119
436.3536944181422,402.8650436287044,15.761769336322974,14.879364036536417
436.01022980596247,403.5086948668295,15.863928358045726,14.821027319563623
436.4572857556884,404.8792817082867,15.968698752295023,14.795910460379714
435.10738184674716,404.8425590596005,15.922923989611117,14.763593276062679
434.278441884407,405.9031392952744,15.63828377268983,14.64794885696102
433.7077330052559,407.13978317873887,15.885906517564436,14.620870043889425
433.66469201986683,408.09509467720517,15.838146020080778,14.610813148031102
432.4911843333687,409.225072468056,15.917629044444169,14.701550315352817
432.48920650817803,410.10294628385986,15.980193703614674,14.587198252592724
432.05740025331943,410.4667206431149,16.078158325148305,14.706649656152969
430.92048424786327,411.53381408561944,16.12825071203713,14.793577883448584
431.52955406666103,413.0283526965851,16.078617696756037,14.795291982318039
430.3750310719145,413.73755043902037,16.26706584689363,14.775379773814766
428.8278595731716,414.5209991905651,16.284058227924362,14.808808808811303
428.6703975623118,415.4015919149217,16.469774638560033,14.981011116445616
427.97473187433314,416.21722080047766,16.10420904186108,15.05870720275556
427.2707345147975,417.31929042705326,16.15429360468237,15.029738848041914
426.69266634707844,418.6791257289575,16.498177895442726,14.919176215424784
425.9741727385369,419.7656265191865,16.393153851539473,14.825512708697222
425.8528253928407,421.1714894661317,16.352313539269797,14.825233958361668
424.666087709586,421.90488362706117,16.38459475294708,14.831857196561241
423.88052717337047,423.5482662263711,16.385872533141864,14.979433428605478
423.57039407871764,424.5984529191857,16.455880085972943,14.97831083643328
422.72968708973525,425.8267503427908,16.210517177951424,14.994837632289554
422.3937154128289,427.71188985693,16.202643332057104,14.9734294536205
422.15007266750916,428.87005759466956,16.35732536810663,15.038762068961695
421.5868136741654,430.0805839647991,16.429121522518848,15.059176613858911
420.1191967472076,430.03083502214395,16.38533239669811,15.196157714501117
419.09639051358073,431.9417518041646,16.12032169500648,15.090472526924739
418.66122931492146,433.2536956790087,16.442376727823103,15.07426605165067
418.36311365765135,434.3536172063243,16.267375437382817,14.994135826609156
418.4292471357029,435.3366939968471,16.087592612139147,14.758718024372222
416.96780172301965,436.67731146427127,16.35883396240802,14.787756832199669
416.2276078226146,437.5421058428183,16.348655509556057,14.888169906160325
416.1135023457657,438.4827678385322,16.3627894674041,14.965006315123087
415.12631511085124,439.8859299592225,16.3519954802018,14.981313909680022
