403.0,503.0,16,41
401.67735082035983,502.5153934104212,16.38039052236627,40.61607139448961
402.12201869221167,502.1830611191426,16.357708221045467,40.3517427519491
402.15065750008705,501.60085544005494,16.618713686349288,40.45801812379635
401.38380835591437,500.70451908239374,16.788154162194722,40.56473960620857
401.0192240235183,500.12645007676036,16.813556957846217,40.65138146269021
402.0469690304554,498.1921873076687,16.838969043581383,40.721200946186016
402.0524282854972,494.26219105418795,16.95657531377127,40.61918020851866
401.6386569415289,488.7959006074598,17.094352071532107,40.556430291428036
402.0958918517894,484.29806046762707,17.227489672886016,40.78845395488254
402.61026873681044,479.8253732806932,17.345960329113446,40.810572408340164
402.60087780344253,475.1388389110639,17.335819161181306,40.70208139418088
402.93077026073655,471.3437726758867,17.134507452159678,40.61229748269921
403.87409344342257,467.9718477029874,16.947262942256458,40.52163662527514
403.734113024078,465.8520736032924,16.88095608075029,40.411117685993354
403.33107710158913,462.7138464181606,16.89058780121627,40.223018223249106
403.8006237149652,461.6961683614954,16.90199506274536,40.330205086091254
403.35516136262356,459.50726330034774,17.019428861666977,40.589690928601414
403.4522255235768,457.64557898749007,17.04734643819807,40.56573747179724
403.5424980471195,455.97075085200174,17.067980895507034,40.60810461923865
403.51953251984065,454.60133182719073,17.05442556090462,40.5864369925912
403.1386506926839,452.6407169691416,17.15631525281588,40.48715889618947
402.65815195450534,450.51330935730357,17.31896525602842,40.60160851927956
402.7770460365915,448.55407576703135,17.408867216367796,40.868784806269275
403.0224405830057,446.6439185662068,17.390856443851984,40.8802918348715
403.53736189929714,443.86593446770104,17.246496599354984,40.64228420180498
403.0549369346031,441.77117735344086,17.296170137141367,40.62996279800103
403.52373545118803,439.1066160054606,17.176139021940376,40.6927967366374
402.67153758060624,437.28036177810117,17.32664072013521,40.67494081147344
402.8304397436966,435.00815670805326,17.143907194735707,40.50125707949891
403.15594115143296,432.60761069843676,17.133765890493414,40.54499436240381
402.47074359114924,429.58964381620103,17.28567041047491,40.7442047992386
402.29160833565896,427.4430399384314,17.239308353096174,40.74530592635984
403.10566795722445,424.5815249018376,17.22258589951596,40.789838685094296
402.85996756993256,422.00823698925274,17.25834397390443,40.85695436622103
402.78985422402525,419.01162248516505,17.2688251823206,40.58385647009953
402.941926121462,416.4143917847457,17.40381407787672,40.658116760098466
403.32052367617734,413.42884998143154,17.445172435243013,40.6315197026643
402.7677264428144,410.54633763802707,17.44863219737895,40.618712358223206
403.2336658449352,407.8724941756244,17.265662389719466,40.420668692208245
403.25551426556575,404.7107452227295,17.226955172481823,40.24054263559569
403.3628846598723,401.56102968410124,17.2838589761539,39.877269245078736
402.8083318204438,398.57179759024683,17.276082330792057,39.836301364916494
403.4940218060633,395.3555755855363,17.239266568537424,39.921852063790624
402.75543752342605,392.0301820404627,17.534329115745585,40.158683465461294
402.4684866151023,390.3140359663429,17.534965856709547,40.354288907157986
402.1145952917564,388.16147575853535,17.498501066877807,40.42334822658162
402.50534639653466,385.5406438972367,17.484424394430672,40.459804124471916
401.68677176484925,384.4402435782046,17.464026660731175,40.62192373226266
401.8086009126747,383.55454586908803,17.442742327482673,40.91831304698018
401.19410994721494,382.5039491631109,17.46795838926156,40.81986046284068
401.97156357473995,382.1598487509378,17.356402879816976,40.74647223689394
401.82230734928504,380.54161950628315,17.4322361925432,40.65244061389852
401.2731337830835,380.48108335525626,17.490315380610355,40.35195835052264
400.6819822438185,379.637693913409,17.550502370273183,40.16288274202962
401.22633718333395,377.9529802700731,17.445374034210992,39.9924159246975
400.5290232494808,377.0332035546088,17.40955146246415,40.003707026524594
400.3434796884223,376.41910719016823,17.2493580670031,39.94707156937059
400.5894812986053,374.281063584143,17.27581035200825,40.29337972868667
400.22929745472163,373.91847659158213,17.30787695334965,40.53741357708969
399.8541609201017,372.2460970273592,17.326735227667626,40.670685889129246
399.2661767882071,371.05866446481633,17.62275964380064,40.859157276422074
399.39219082909676,370.3231855174914,17.64928838575183,41.05042919695079
399.25153721241185,368.87740818303115,17.62705252830129,40.9083992711447
399.082242533422,368.18677871031804,17.506550699757554,40.60598054323111
399.2726993544174,366.65683592378747,17.367923739895712,40.38465426326491
398.51283152417517,365.604514515072,17.379946082509065,40.28797261780521
398.6406890405079,363.89258325123706,17.418740937538907,40.1629536147134
398.7090604047876,362.9556201033016,17.435249856928696,40.077010525818594
398.8353960366886,361.90792694435703,17.348762064806387,40.091822808063284
397.6156083940366,360.044905029547,17.471068978528407,40.13624127147241
398.12474758428857,360.1849909707602,17.179154733766584,40.099004569710026
397.92584782154034,358.07990279034885,17.149258031235757,40.2430722269195
396.99039291259453,356.6555566280534,17.354403994146907,40.503980738033846
397.40890911253854,356.1841370348208,17.332061230489334,40.71052231707712
396.63674991258915,354.11115136703074,17.381422660173243,40.812205017403315
396.79690986506273,353.06464954040786,17.32670486704249,40.72871025756317
397.008569819977,351.9739838284245,17.263683113952187,40.56882464051437
397.43223625355995,351.2141364483103,17.216055752157494,40.14606792369197
397.16356671007486,350.8722831136229,17.332793948014334,39.98352215166042
396.9469743076517,348.9775698268593,17.880412041434838,39.94470165487519
397.0237436866948,348.0088856163328,17.92777050014562,39.95793677514692
396.8272344615642,347.1229400450344,17.740047068082532,40.05978397243122
396.2657793785016,345.25511835992467,17.635898823563224,39.90694620251391
395.89295349726507,344.4136539673852,17.52393797617302,39.98733592509289
395.41503851487687,343.27248508772664,17.552071712922046,39.880101540855264
396.02175893620887,341.4407464661115,17.50401325551198,39.84045378408559
395.14545744012764,340.0857307051248,17.491136206170502,39.99154060391056
394.4508763416985,338.80866950936,17.6718328268569,40.2074137888972
394.1568396941129,337.80571080421953,17.784663507282016,40.15988729048669
393.743181850427,336.4594414752276,17.749689765942907,40.0787137902674
394.544035643198,334.38594326477465,17.589426577373526,39.97945624388817
394.8283749450866,332.410845625713,17.562022998010388,40.03170230326144
394.4076721773976,330.5530025682973,17.74371478827114,40.14193492688201
394.480800253336,329.2629814476701,17.750511920085877,39.999435359054324
395.10289614273074,327.7663355486853,17.593104504089276,39.870252486613815
394.4540884423515,326.0092981477664,17.617282404847792,39.90614735681096
394.32584522363163,324.80639845702143,17.647961652346098,40.02122865968762
393.9833152939607,323.54415216442237,17.649816860809043,40.04261608131155
393.1863274429951,321.444397100782,17.689532308834018,40.18091557626803
392.63575970046986,321.31934928815383,17.63777472747821,39.99809646763765
393.1325009695742,320.44506800802986,17.586530043273445,40.115174042534015
392.65458087147493,318.7826575684841,17.528850952362625,39.85774241918412
393.05298855545266,317.4461625334836,17.411211914973556,39.846253729419615
392.4252779574777,316.22487079116064,17.543677788657867,39.784747858596646
391.93156609617745,315.6488115464896,17.487232492703658,39.70259815946227
391.7672571108615,313.9946140331861,17.44364282173396,39.77822035892072
391.096609811747,312.68875702127315,17.6239266777756,39.739787898371624
390.7002692182615,311.3981023662405,17.590176590332522,39.839903665956555
391.1433241381922,310.0786170765359,17.464534279767946,39.86738590308046
391.07621540252654,308.5561748706765,17.346775737915657,39.63299632798288
391.85440696270257,307.0714421144217,17.301981667856566,39.41784575162538
391.202906283152,305.2435576463611,17.331255609965563,39.38896045190667
391.3849993109326,304.76666498973066,17.227483677939546,39.475642188507486
391.4404413638768,303.3750097929447,17.282111657012024,39.36104913969654
391.3940204690071,302.5901322995267,17.360099015599026,39.42549406793874
390.315149505366,301.28981977641115,17.5829730839946,39.15726840616206
390.725836688812,300.25911561247347,17.57355703009084,39.0373641730023
389.8258885197563,298.5888195552855,17.788652647987405,39.117267505639965
390.3844912994877,297.63753425484845,17.795653631493295,38.78605819928747
389.7025398573357,296.54855673575554,17.968295224293435,39.034546989914716
389.11570088333696,294.91032840978386,18.02811208830652,38.992781595959656
388.21920853778744,293.8981231773137,17.92693174034312,38.90155332798971
387.5089012897123,293.2587144288133,18.022091524579327,38.98788120096721
387.4118160868867,292.6647850170741,17.979262418511837,39.111035129426035
387.0838166905579,290.9948711496906,18.0441738698607,38.926288584407885
386.66536049403004,289.85292169319786,18.35087386057271,39.126599850908946
385.8731231073193,288.5776357310749,18.20919812129884,39.25181014185405
385.8928764404507,286.9665083924359,18.13635863032907,39.32198046854612
385.6962031263485,284.8814533859846,18.28925726048663,39.51659609668311
383.49119986529104,284.4022546493587,18.19415208826556,39.654482705677054
383.0787829735415,282.05540136377783,18.206470612975636,39.57770435252244
382.64921953211245,280.81623162676084,18.274932822982134,39.491407596087704
382.78606790939256,279.68693586319966,18.001937972718835,39.32748325406946
381.90314562132164,278.7255628269558,17.89963374514966,39.26357313759224
381.80510698973325,276.7419554731987,17.73365046145153,39.21252307459876
381.3105144433277,274.8969595364326,17.480999006411,39.31776763367787
380.4992559061031,273.4021640885523,17.465980985645373,39.34552076088373
380.17153731574604,271.57261133531625,17.268985915382878,39.551928513449504
380.07310124281133,270.04981505970795,17.377753813205466,39.50808930197081
379.8412548963959,268.8607742664464,17.45085965300893,39.719026113103254
379.2788157691408,267.2939379496407,17.569191887011392,39.72322792151943
378.7748958366982,265.71688683415834,17.67390217425982,39.65471967885126
377.9978661930128,263.7195919443114,17.833949010458795,39.57916480522484
377.99785515998525,261.66583659016504,17.8644581370608,39.47687479330277
378.105946342273,260.84898499824374,17.839643875512593,39.35674039169612
377.24719976017855,258.8124098815172,18.00464680532653,39.300763122707686
377.56527156641624,257.88115964657857,17.7818561591597,38.907259259089
377.4885865853802,255.38650133171882,17.622604050919286,38.7452468482811
377.0341050757653,253.49706936151372,17.529270622395178,38.879014963496004
376.53283877337384,251.5746964069793,17.391948796025783,38.609731941900755
376.24250694631525,250.6467856785874,17.3024235463343,38.58335125024707
376.98489269955695,248.41415313255374,17.37642889531968,38.66893952346672
376.27577677239907,245.65151379275073,17.17211741467457,38.893017336373546
375.7530328890566,243.20360234835397,17.330543108605475,39.0198125152061
375.233548260044,241.2921615772681,17.481839942314295,39.380413783940334
374.79409254498296,240.0223632628307,17.341944914916898,39.33594974386981
374.4601227822762,237.09985771651114,17.379276835349977,39.27567976961445
373.8824299974833,235.60168318631082,17.453973928373273,39.065730001890074
372.73984937544355,233.67707978532954,17.591834452237936,39.11639859584481
372.350364225987,232.3748213254002,17.552323305838467,38.936560352129256
372.4963129109782,230.42233417350351,17.394832979313136,38.697018664711706
371.9867838047031,228.54553045815186,17.55880391158988,38.89333697187985
371.4271795129669,225.78738448897457,17.65261424066772,38.9534445230274
371.65392504859494,224.186835236576,17.59801843308353,39.01803027147689
371.5070337165519,221.9679446595675,17.543931224122726,38.97277156953686
370.772696567332,220.4547968061,17.402536247660237,39.1721477208078
370.66176677300876,217.63496835687005,17.187597740603614,39.27302440686539
369.6681802057627,215.7780106816644,17.29211096298629,39.498414366651645
368.98249654400314,213.44331454552756,17.24235859656403,39.34691430494098
368.64034260737395,211.76768756376475,17.39080068613102,39.06411217715801
369.03117980046125,209.81876626704738,17.551341265776685,38.650759397057584
368.384114298924,206.48319026937412,17.690526895316083,38.51446205158381
366.8804629176885,205.43428287349664,17.53127234577536,38.26760368660048
366.87854945006984,203.06799198759015,17.337253822028245,38.117189852944705
366.10359442285187,200.76281601087686,17.462900875975944,38.22400939670331
365.54653163152415,198.2949392219032,17.356353851209533,38.29125558939672
365.41732646271277,196.54814827827803,17.369318937367392,38.415178052818916
364.74005719060074,194.4229068041171,17.363368589989946,38.54809966080878
364.7151169018833,191.63174045009805,17.482501181584954,38.63171410712813
363.93421850164015,188.82548067651248,17.622773934219722,38.90180353955318
363.1944643727152,186.16780452261276,17.825022365409502,39.04885903338777
362.7911913275039,183.53599787827415,17.86697342409381,39.0343503738228
363.3157870320134,180.46928615964777,17.700457185973136,38.90082892582168
362.94523905358443,178.36191115390653,17.681192425057716,38.754258441698624
361.8907426794413,175.83552789191765,17.757676323246308,38.515002260598266
361.45986428187916,174.1843243881401,17.823214246300218,38.27052663875883
361.2151878710135,173.34947810046515,17.74165947525818,38.205066015866564
361.1798465088893,175.02166486952555,17.669130834760463,38.22664401583169
360.83794005554205,179.14976448887273,17.609482132568303,38.23668012869984
361.87426276249624,184.95331645563687,17.61438951407003,38.4538941273005
361.92463537840655,190.2064995110812,17.547061030296245,38.64527429326728
362.0329037208943,196.8833539831666,17.542667289656766,38.767029216284
361.7486947871329,203.5843159048282,17.755021314406108,38.758286220128724
361.65576254312987,209.5108707113515,17.753439208173873,38.72827383608608
361.48978291789064,214.89869993093794,17.72773244302733,38.449525492128046
361.6794791389428,219.5363616821819,17.64513107758314,38.01911928700339
361.05461822650767,224.78220384960392,17.580445553820567,37.777236587901555
361.6268666945859,229.38892470693696,17.410077340808726,37.501493237493236
361.74912012463176,234.6075962060887,17.29961131323654,37.32171859856483
362.08752693194936,240.24712826170816,17.26639053307393,37.373594733907886
361.4740024028127,244.18269574806368,17.365532792030823,37.205622908169495
361.6023294852281,248.90606409111922,17.294456019778135,37.36518657606233
361.6025457709798,253.18986992681346,17.256586009309885,37.22730818104108
361.471918490972,258.2050896828392,17.286540215321665,37.24665809770052
361.126852747331,263.3104741789035,17.343569285611512,37.39451642490786
361.59733487881283,267.36937221922636,17.27451511786265,37.3628104321527
361.6921204072664,272.7381214078198,17.19994192472508,37.33352586111819
361.628985013512,277.9437668126884,17.200732060378247,37.13321832774817
361.6923000629102,282.154763788899,17.09412912222652,36.82237702425283
361.38342495887224,287.5728232013917,17.20186193528288,36.354437520556445
361.34267375799294,291.94718225649177,17.20900062854537,36.04511150020003
361.38487404404833,297.11683159096884,17.12556898954011,35.66264571698807
361.8611182257863,301.9012362615286,17.01749438338835,35.39383942762636
361.846030875898,305.6903257456384,17.140206009434486,35.4253177470044
361.6248043363937,311.0175657706055,17.007883392642263,35.547792347949205
360.8848730912581,315.7435681543054,17.02348959629241,35.49453025633058
361.5704271180913,320.75938387285214,16.941894176903354,35.83217677333868
360.6873127017156,325.2994242351223,16.973244469615686,35.59586130758747
361.1720144392114,330.04361023656577,16.810985159663105,35.31648893848954
361.20565454763187,334.78060595400007,16.960730699658104,35.21859613643348
361.07740536808603,339.66665953580105,17.012166192538828,35.068544026542384
360.89848662921173,344.49759856554226,17.144631355834377,34.9716684084663
360.70082908576853,349.7525291499285,17.203917389986316,34.87936400238908
360.06864227651306,354.4150975066356,17.033713066602832,34.61010497452174
359.6455933035751,358.9370607514959,17.072125160427937,34.53057972991839
360.09440905705105,363.57559449217933,16.820901734530658,34.637759074723355
359.6028973193998,368.5672495706397,16.97295444567305,34.533294132646375
359.6834667917313,373.0363654999094,16.9962179668304,34.70272066033754
359.0121394613943,377.5803034929658,17.088529304750395,34.73918854629496
359.43892070918787,383.264176411273,17.02493720711253,34.609212790246914
359.0175555903923,387.16544792613456,16.893866785523937,34.35609297829727
359.76987638514186,391.10011043086763,16.686725806376487,34.24664040535457
358.96748053051186,389.5909535622718,16.59658648536302,34.13691001412826
358.9779915760791,387.74663905890174,16.57468701385745,33.96012154039968
361.5059286041467,383.5901469809597,16.75456124873788,33.66860587938923
366.1266008333375,380.4696034469188,16.60059624592273,33.43204707344753
373.86816908069096,374.55895988090623,16.81459567650869,33.2968827894571
380.47509204940155,369.0668962618599,16.851627119458588,33.2090572077255
388.66070466268445,364.30844489632517,16.935052771799093,33.11084000471291
395.2002368246272,360.09874093000514,16.78071684146825,32.69085432163033
403.1974016588279,355.26596337531555,16.72051498068401,32.5896934275915
410.93959392715664,349.0824333582741,16.66146155974927,32.321758954838465
416.0603769197389,345.6916481252642,16.82101099206512,32.22329402046773
419.779969195836,342.09737849224837,16.76176265813274,32.05625009558133
420.98847228049283,338.56800908055044,16.746573810596388,31.80626546927019
421.8381126087198,336.8623877274149,16.87382361068533,31.656083920170214
421.5044617639045,333.6490175510999,16.892214777855102,31.475417656589215
420.91846290983847,331.9196615193146,16.84405104799888,31.413034444280967
421.7260364734995,328.4441299938293,16.82571330788383,31.388084311657902
421.18291282298685,326.6295580276036,16.798145301291882,31.337487338347486
421.32888629690484,324.2311208215861,16.741595692323095,31.432434565323902
421.01143617704565,321.97809431484575,16.77748164981494,31.286983062203078
421.5965777684334,320.41843662415533,16.670491924070678,31.152178570536982
422.71131210326854,317.9134588074783,16.436293029791013,30.89708903787534
422.4306766336708,315.2061991135338,16.317960392326267,30.7547541777176
422.4172028855571,312.8667807879645,16.346243032596686,30.774136483153065
422.2503460363177,310.3626445196811,16.301729497188802,30.67957241083311
422.3739485122406,308.83575069102807,16.439664010675067,30.748351828393055
422.1416432118213,306.09711238143865,16.566597609560507,30.65622384552109
422.64859484753316,304.160668333324,16.584821718507865,30.463171084816892
422.7418495512231,301.70611776561424,16.55302117343269,30.381396976095765
422.29447363970866,300.0965593572636,16.406833665406893,30.35726580695721
422.25388586679014,297.30831816151965,16.359011408509527,30.35035128682396
422.09408295707277,295.723131324872,16.468488443764635,30.363086410314622
422.0289459909032,293.8388148058438,16.454673630986612,30.47057137708189
422.40882481631866,290.61812509012424,16.391021937186938,30.34083722209522
422.69281088161864,289.5270281997634,16.474447511665097,30.24999023133259
422.81073127060307,287.1819684040063,16.292996687309447,30.068291280366292
422.5788660339113,285.31595431216317,16.253370227099268,30.003970892275195
422.28871289241556,283.54984387630327,16.23347204231728,30.025548758623906
422.88030689563277,281.6845935875533,16.321737893304814,29.99090498797927
422.2667300405343,281.2346694004838,16.323961793931367,30.099409673153446
422.69904284804056,282.0429058472938,16.439011471887568,30.102336803947498
422.0478344610052,282.54951454555214,16.371654381212252,29.838531944051937
422.1394936900996,282.9042997842573,16.47522404558209,29.88081540951274
421.73592243605015,283.06436158475265,16.74355582370052,29.842651342213458
421.77902593870056,283.8259017288145,16.79725665531374,29.694777047742186
421.59945017560204,283.5614564516416,16.865819802604555,29.689609984900382
421.90785872206146,284.69297096328745,16.697962060271628,29.616903837585262
421.9220304000994,284.27081758536315,16.520990469332446,29.589994773121347
421.4284857742696,285.3159006989778,16.237373544234337,29.309383599602953
421.6892227614237,286.93826535517974,16.254870517191684,29.352877553800695
421.61310519691875,287.6953996991132,16.120476923056977,29.243622904019677
421.8746597475253,289.1584817778534,16.136567650945523,29.19941675435174
422.39670673934717,289.8003507527445,16.24963156525098,29.183020418339062
422.0988722057265,291.6182288352391,16.21470065690642,29.04862991497105
422.8933461046314,291.1074687971473,16.306645803432488,29.105146023869402
422.75766414363244,289.60948263712606,16.398085714199993,29.046545284829875
422.9232167036739,288.4848537672772,16.509485476929548,28.93577189659796
422.9569644236431,286.58499528475267,16.613475937869996,28.952232330885284
423.84779774317286,284.9116686189919,16.564002291974585,28.89370377764126
423.8806639362973,283.42241402592765,16.359346260706197,28.892194348046985
423.5178042298088,281.6749455800717,16.14927465805812,28.6577992695441
423.58259723348567,279.49573032409074,16.05946831379035,28.529573592541162
423.3338035561733,277.77651857219695,15.956973270954217,28.365938685684206
423.7421787038406,276.465827183894,16.03548664749457,28.17682799305186
422.8700388760342,276.1091722352312,15.872120123908179,27.97333643774075
423.29868055240456,278.8876765016096,15.967839700854931,27.930938195511324
422.677200405321,284.12640461684737,15.82575971181895,28.126928620309197
423.0873412183258,290.2297202980898,16.052368344598477,28.142419450207115
422.50006704205174,297.90588469908516,15.945987131716844,28.237897960228143
422.59338726177145,305.1563835330102,16.056420056535202,28.336044274311558
421.97228255642824,312.011363943957,16.0440289423193,28.21650703640239
421.6518327192578,316.3772275540975,16.22026034273443,28.19456527754726
421.347509515208,320.1571316226263,16.264285779154363,28.19437322935675
422.2121607192615,322.4025020414825,16.123644564895052,28.045047796917864
422.2230119571167,325.46457564121556,16.03314020930181,27.844438805459493
421.1751584972937,325.99254666426253,15.822557456096233,27.77130010409214
421.44859635439377,326.3680205005087,15.795861490431209,27.804562636677893
421.6387006725018,326.0579282016759,15.802219016324596,27.896243816374714
421.07238643373364,324.37514237313883,15.74080910274751,27.72217313946452
420.85896816536774,323.6599807688257,15.950703805983249,27.586341868110317
420.30520164253545,323.1056314560662,16.00172592635485,27.712511807105876
420.1236336550402,324.846727412571,16.047646935525133,27.631824410697888
419.8222718949568,328.4381427663359,16.096461153934044,27.741085072796984
420.2698201823062,331.5660256684571,16.34468275550482,27.854818475097552
420.5407636051484,335.4339034790641,16.2996754874571,27.89013524157885
419.8084107302956,337.94697613036305,16.04586011899874,27.919760813004398
420.7126932703754,340.8175880662509,15.957387812276533,27.919961501775607
420.6219018724896,344.09054974616276,15.975648159317597,27.780333918319037
420.06415680292406,347.82638269726215,15.928853447374578,27.4817408310617
420.363733301545,348.3633626169395,15.950839976499871,27.45753227344511
420.58068059456247,351.1044570237449,15.958031205894553,27.437692397822673
419.673250034237,353.22632935108857,15.79318651599866,27.345986317354164
419.9277772344101,355.6708554084213,15.973829381277538,27.497530210989396
419.9241937851968,358.10369551849067,15.972848086344698,27.449621902471833
419.90843222144497,359.81021926982953,15.962630796367916,27.360549009169112
419.88833620283225,362.31080344838,16.02554317050733,27.43689530050561
419.7427405012166,364.0271953525233,16.08271052588709,27.389655315461297
419.6474483714647,366.1814578760856,16.055673935781517,27.27033925271165
419.7678156826559,368.3604546720892,15.983388715254542,27.256889117735636
419.9647198897111,370.3924758640208,15.895976785519208,27.188345391098995
420.6594371399528,372.8599226622623,15.864574511598324,27.012797802916833
420.36954918604556,374.8655750360958,15.771933732401056,26.61615522566003
420.60434169276954,377.03005290241447,15.557757959675737,26.685591216655425
421.40459214543847,378.934021505811,15.6235625963301,26.885260516209982
420.9705428457642,381.65423827328664,15.504936342163013,26.822588822079094
421.2178067401991,382.87944345348654,15.459726485422138,26.886681940683154
421.61140128137606,385.5420672111301,15.734282093009545,26.945261634868704
421.90672457969424,386.68619010084336,15.557553037877117,26.864344651828926
422.2982935662287,388.95935707752113,15.696991969105056,26.895143877184246
422.1829268615876,390.5307359117182,15.625929418914616,26.856702920215966
422.80983815618555,391.86931096903896,15.699491778449168,26.81229664102365
422.49656354470585,393.28019185358653,15.452223557560954,26.613299459330847
422.3778125691695,393.7954689221582,15.185758223477333,26.621807822187463
423.55819817962356,393.5539693206264,15.097280093389635,26.37263692027063
423.1675241031793,394.3300455592163,15.338528148621851,26.287975592993284
422.66353384199795,395.4782932014815,15.093479801355631,26.343271690298746
422.5750163007776,397.0815987906895,15.217215933601151,26.318987782390487
422.27394819725356,399.29218290147236,15.422593107446046,26.3408890188326
421.3135769531731,399.9953414498729,14.961614099024928,26.471376121250263
421.0987138950006,402.3590567526742,14.763051946326895,26.541110432639876
421.10508742674364,403.10004599419614,14.631828015165016,26.446003287486647
420.8200347514639,404.14663696186176,14.591848832033172,26.39340973106164
420.3803930960703,406.05422606398645,14.654542787351561,26.50647707124586
420.16763332004416,407.8301193499675,14.673583457567917,26.36201624391265
420.33115649772895,407.6877860711406,14.819849480128028,26.211929383597763
419.9382654407372,409.9106631774308,14.844500307490375,26.197686096310207
418.92712133594006,410.3663397370083,14.886602054682376,26.185380828717825
419.15921772558056,411.2393355998205,15.176506260264667,26.30653082672625
419.17725703297606,412.78907739514534,15.526810702114274,26.432282221428025
420.0411050215497,412.5731782712571,15.845722696158411,26.410169641567798
419.91000677464405,413.7233784582614,15.950242493192423,26.105199260235008
420.4212551542664,415.6704856166111,16.04058447906487,26.331544635918423
420.920925819952,416.54132869155706,16.082579207263947,26.345878078311685
420.5601641008947,417.6308867452462,15.976488814812168,26.467207527574054
420.3483327690058,418.897513204531,16.234379994214965,26.48909224328175
420.38290425566305,419.32694869971886,16.062530111720815,26.80600250290606
420.66713560332926,421.18887891453574,16.090632662970364,26.846325117705895
420.3740923191043,422.29251287704597,16.051391167455396,26.83257678497057
419.9295809641711,422.21054726237304,15.930396482302283,26.71486891519536
420.6080351054404,421.9806484517597,15.975984537654325,26.62793649491813
420.11814054617673,421.3473457086081,15.923951451591895,26.608729603291604
420.00409871274,421.4284945655835,16.113087059383208,26.692762150571312
419.3898783300179,420.7888889127642,16.107198601194728,26.564357794588744
419.5728379180069,420.24393087232363,16.2203519960175,26.664527781719926
419.89422414247065,419.98321568942134,16.32442860714857,26.88362813043465
419.7111249514472,419.92755623405225,16.372168432066594,26.762075031895552
419.0138204189217,419.4258073960803,16.262436371629246,26.681214492507415
418.3879740155791,418.90498190213805,16.14926101425189,26.593692201583234
418.39160931183045,417.7724555419638,16.109336613155516,26.717990222224756
417.8887158967042,417.1887374375574,15.849307708544798,26.91981974158449
417.89265819447286,417.41555715176634,15.790809709687075,26.950829971369657
417.19069546194976,418.0909539079859,15.643541937428624,26.76728804584452
417.0513986135683,417.8571890656116,15.80754975772663,26.646438824343235
416.0294126616487,417.421989408529,15.286725213812021,26.531189029621757
416.7526402816352,416.40510859239436,15.226897171104667,26.646409707301128
415.7858050778352,416.374655557465,14.656974133880338,26.681909893370754
416.23039257255925,414.9884636211453,14.931251292869756,26.77987054823672
415.76747743791503,415.235654072755,15.114665180322248,26.651776876462684
414.7304119517028,415.2480022526601,15.360587229406885,26.496099071339934
414.6785387593355,415.42878887732024,15.538331111700096,26.222324894285343
414.7720632383176,415.36357949611323,15.724535022388178,26.219137699668114
414.00808347258373,414.35413554488343,15.903472642234833,26.05601876619022
414.39026494931665,414.3981957570648,16.353488045702633,26.2552060810853
413.36005010962174,414.6473538565694,16.443229858881494,26.359924855220537
413.5640359033472,415.0011684313601,16.56963632318846,26.572057363353984
413.8301350239781,414.6271271689402,16.789673494524358,26.81632519092823
414.0765343830551,413.35270226511983,17.124664083010913,27.134546031283755
413.71866394382164,413.556502100319,17.007877800833306,27.119371897994874
414.4413974801496,414.06023204250135,16.94345320864615,26.894764186481694
414.52521275682744,413.78288048808423,16.628766075700568,26.88789808144871
413.87828863073184,413.4875372322904,16.25781177662228,26.79421264479425
413.49397737509696,413.6680806632505,16.070867881641988,26.569333363440414
413.7634325569403,414.37536182870286,16.167745481822486,26.73117941876616
413.6583101709735,413.9801931499529,16.284965046236564,26.860742545309044
412.29070027194075,414.33169160992816,16.559003203677065,26.94535854039762
411.2674284788087,413.84584193577484,16.78363211708966,27.108937161165187
411.01894835530754,413.87705230504076,16.999639910478635,27.292655949000558
409.55273118613087,413.8593382553482,17.33396023516017,27.259404238815407
409.1757188973402,414.6214156499014,17.320627940182966,27.307896544435472
409.2377459325537,414.59796250870676,17.42783607678708,27.34843991178569
408.76888939885225,414.27452456559945,17.592241343897054,27.758255251125377
407.4632117059722,415.6659814137613,17.748625416180605,27.70657324425473
407.5050140414947,414.8068359555195,17.476902764178547,27.784490930757908
407.1910186599304,415.2836386261972,17.026989779748554,27.84980648783995
407.234781447733,415.2945350023897,16.559024445842645,27.96591504160738
406.14524222333034,415.98825416077096,15.84328935705025,27.919037637930728
406.98594674674933,416.2596284691842,15.974990661774811,28.041129719346433
408.6106770831057,416.0526820613749,16.375974019823715,27.921346387504038
407.11910106508736,416.2969800778768,16.432650530958114,27.8674274785237
406.9498236523327,416.41993217380457,16.67306845461185,27.60257187065253
406.1360347393697,417.0863697420374,17.012171243916875,27.682355425593133
405.1598087403044,417.13379926717226,17.348992138531745,27.33013400960075
404.69061411053355,417.90741466007427,17.45192454992901,27.24204781608195
403.21760639246605,418.5440099227334,17.717291182353012,27.22496843578326
402.0265441473399,418.42865945851895,17.788609398191333,27.585147818801985
401.7645597164007,418.9995361332376,17.70173841631967,27.695034789188917
400.7133992599433,418.6589414053136,17.51285296937124,27.94264575382585
401.2457345032572,418.6689701459502,17.634560961747297,28.241474075775443
399.48260263022365,419.6240030592771,17.60166638261913,28.402178512793473
398.8346403906064,419.7880762830696,17.546669230994265,28.493145224388147
398.5325757215919,419.3833648339774,17.692394028007584,28.47915808839289
398.0529436087472,419.9585040932878,17.823205189732143,28.732756828072908
396.19489605218894,421.1681201487517,18.037843088493226,28.56570672398098
394.814394517799,421.8468340644138,18.166605861863033,28.552913902422304
395.2849983208433,421.39891555473287,18.391291810461915,28.761067816315553
394.2830848528441,422.4079279110099,18.1067810389406,28.83056751782398
392.9701816223274,423.33972788433766,17.93698660886079,28.84558390417626
392.92075282993716,423.60896849723355,17.654656754676413,29.121471880044666
392.7536907185471,422.9616132430782,17.925136568276887,29.301466812183474
391.1999724211883,424.210268523451,18.207942425689783,29.182780213840097
390.75673144964924,424.98284414798854,18.380763174920304,29.207132748944776
389.8823657609365,425.9724110446854,18.378769759865218,29.276056511703473
388.11446047599827,425.98472938444905,18.28388880142137,29.328942110008164
387.6730548038796,426.6225140821676,18.545034191068954,29.891888949922652
387.13408036182796,425.7887384199511,18.499295331031583,29.699401517031415
386.68852321433826,426.6461839837506,18.53635231399928,29.68570515261606
385.01097583379226,428.1975825517504,18.59902764149749,29.61879668849147
384.13870571206564,428.3722355582581,18.509896315126486,29.601262526061895
383.5151041280677,429.0080400373389,18.675945613493425,29.92247278176752
381.75162540270344,430.0745743444107,19.01000908228844,30.069570793600548
380.3705076806138,430.9991374083036,19.244031025491104,30.23940371122474
378.9402563366593,431.9670972786971,19.52885774904476,30.27020455149245
378.2247128034603,432.0982259312087,19.441199393079422,30.24841813269987
377.3330505471247,433.2060551539824,19.26000821971547,30.44561674281647
376.1831306576751,434.6097337635179,19.242236304278663,30.51779901349148
375.0495450767022,435.38329682132894,19.100655024818266,30.60249357658038
373.9052908917747,435.07678440802016,19.231128116352977,30.673488068725348
372.6342564859825,433.53701083634644,19.543796293171678,30.908827448400864
371.7790152681125,433.8914861244094,19.640356609771015,31.06564530489206
369.95355271605183,433.7355493248042,19.747534765650226,31.204591047657253
368.41952570453253,433.0909417217633,19.785002546013057,31.323457132645373
367.39783619379114,431.7132308477977,19.899952917593463,31.57665872676781
365.66487247689554,431.092129478511,20.038045268376905,31.711492996102944
364.0503312162205,430.95754729228554,20.17160777019564,31.827718525780462
362.3313082075075,429.85937942322596,20.33527024269989,32.02374908811841
362.0669036004956,427.5177585450835,20.372441273129876,32.19840777555563
360.18920656285866,425.5756640467581,20.438916281021022,32.2370996408588
358.5173188803345,425.0721213108264,20.414794612377776,32.20879998088626
357.72121704171497,424.5026417730983,20.13352416852315,32.07887630487763
355.49301683449914,424.73648827950586,20.073452720161917,32.06743634382035
353.06027605669976,425.11952421881296,19.478782603397296,32.37264589831157
352.4222846992088,425.37149861280886,19.191708372578546,32.7721318637377
349.6151521182345,427.37567844594514,18.662548546734172,32.95938987324644
348.36839405023596,429.1852882254475,18.006803208121866,32.78626101248389
346.6384386904259,430.87235475657565,17.92186834668726,32.93392513040342
345.339790248715,432.90737132268544,17.81061573059729,33.06546060169942
344.22523948072615,435.87915223843163,18.090117046848448,32.98769009100789
341.92417501641137,437.80249703370487,18.722191349013258,32.9235322387426
339.9588992129265,440.06214482812015,19.066538427174365,33.0075005048925
338.10690436022344,443.01696311273224,19.357030207775782,33.73787095471132
336.313144533913,446.527001399982,19.775101007857607,34.100599250817226
333.5792442899936,449.0365035931536,19.288975409270613,34.258833328829525
332.64429130723937,451.5203526275226,19.788520046654046,33.89124054573614
329.70989613153546,454.76953720067365,19.926063449819686,34.31245758107452
327.607090670469,458.204624815713,20.54028948425729,34.69691339347641
325.36332882297535,460.3151183879022,20.856525642623488,35.344860880445616
322.41117035667014,465.0726933487978,20.715417160194885,36.3881139737911
320.5389478644214,468.1391063349927,20.689972313149347,36.15889823089353
319.1073251465721,468.9500369515099,20.290613989082356,36.412395579402116
316.7329637188838,473.8222590138208,20.40278594113867,36.701970924995074
316.3047897563778,475.3299670394004,21.089318802674192,36.67620178545698
314.292287573749,480.50782088683883,21.7249112416622,36.929891978763784
312.9832596140202,484.35146464884195,22.219821103990796,36.63475533366376
311.2337459594195,488.44274037269844,22.597121423446197,36.94068350020864
313.12700699604125,490.7579723617694,22.835066818464348,37.46612619931271
318.8929163734462,492.70773409825057,23.069391862482565,37.94148828543248
327.84202320262233,494.0243785913385,23.510503155302217,38.52958906976443
333.7811175105786,495.4306815255169,23.135091638999015,38.7505830549233
339.1406922136294,497.9888290424604,23.440890353014673,39.21340484232533
340.46384091661565,502.2390658050001,23.30139836696399,39.54241434947244
339.33299063496304,507.19799309915334,23.041500114351226,38.981081367611345
339.97708168792934,513.2751888743472,22.88114851378974,38.51985082796573
338.20933729099033,514.7064807166956,22.311908608937262,39.40304045869854
339.1555945495525,517.4087530374034,23.174925402848068,40.03890109072063
342.48989309467976,520.7906723735515,24.684749333101408,40.54228959127584
346.90311593512297,521.756024145747,24.912197695183796,40.13697667188487
353.9310909818712,523.8795162965343,25.562317547976367,40.28154815644301
364.4312621770179,524.3678232131433,25.833383238737653,40.308291256818855
374.84255870486436,526.0993805132773,26.223192526794747,40.81241603643363
386.7456196993449,526.153195987211,26.525316387443056,40.92370293524591
397.7240030529275,526.6712735156515,27.04654650644961,41.65079250727129
407.5748041955147,527.9133994830361,27.71736548592375,42.09938664183791
414.56933407460707,531.2780553376916,28.510623842973338,42.55676621670666
417.4257225974613,533.8605373678389,29.045954707421128,42.60127481266206
418.6879508543778,537.3137528130242,29.958387842025665,42.956745777760204
415.9714536836975,543.434898339061,30.54511448319086,42.92955787510075
413.4835008497622,547.7273999275396,31.09093592254593,43.04349878994019
410.4949557463098,552.7754718077898,31.86653381988034,42.98435759291652
407.331464817061,555.3403286856758,32.74533452603427,43.5272970353868
403.42166819944384,561.8144139214241,32.81343239994047,43.86895200334322
401.00978678284474,567.1110358627079,33.082019451888655,44.729199331713176
398.19977504391414,571.7647710486318,33.28744637213262,45.398444047755966
396.19001296063647,578.1817789357898,32.92208284337546,46.00835222363533
396.54755286831687,580.4621819578704,34.581957251647495,46.921621496857014
392.35803091028265,587.1507398730942,35.302523384512845,47.60314519277656
387.9154575182727,592.1308150543086,34.35963672126702,47.92746443483982
387.45032006041134,596.4243790339611,34.21474684206796,48.22673479096439
382.85676502124795,601.1825657512852,34.01657249656661,48.37930666881633
380.1587002122634,604.4898474778854,32.81725838894978,49.133838064248785
378.20653655421484,609.8054620941716,31.798474743132786,48.60491901234041
375.30214210737626,612.32674890627,30.02161605380222,49.004529836385714
373.4352246814795,621.519881513744,28.66846054915034,47.39153427475809
373.6004955646117,621.8724353894345,28.940305257495332,48.006632211853685
368.29152046730553,627.3113564447663,27.225049275349853,47.616491517205795
374.2536698657692,623.572046313755,29.211883290922472,47.348041466728304
372.16295670711884,628.1023057295236,30.545958534004527,47.833924612730236
372.5955044598114,627.8735028554217,31.257172232720862,47.68857931112923
369.20870561939614,630.5659707768037,31.63790187155929,49.038750890240095
365.14361956753896,632.3506911858079,32.316505371758055,50.004252699184846
363.03525261441257,634.4502049635892,33.140233906917025,51.4054601289741
359.9885673466016,635.5598999181873,33.967750560703,52.50532986333237
357.2392931373311,635.591432671892,34.845281523189364,52.55084589889182
355.39139374898446,636.3028844276805,36.24319821980454,52.2980931441507
352.97187429683015,635.6224828852747,37.030860781339676,52.791144153766844
352.4215006905338,631.6643693277927,37.69754122147155,53.47291997478569
351.0994203439121,631.0977950378747,37.30878870670708,53.28445905755143
348.7803984369056,629.119468854587,36.78309045529029,52.686957981743944
349.1136140107163,622.1206662047063,35.87775244731748,53.337380053966356
347.5454456419736,617.5600939242462,35.049748974841876,53.22259321840205
349.23553750617117,612.8465527870893,35.675729797227994,53.12681782670029
349.43879743598853,606.9123243543913,35.764693336030724,53.65808597139311
352.244421543734,599.3731401343921,35.09929167815697,54.7367595871728
350.5525444258478,595.840865460752,35.043318130726206,55.20105869031244
349.42022405625335,593.2745249275938,35.094930915813606,55.41050672440221
348.46492988960784,589.0366324142337,35.523890831135866,55.39062524721616
347.0233255766289,585.5282426207311,36.04384872467183,55.310374194572944
347.13682309539246,581.5725423492611,36.23097722230102,54.94177595821605
347.5155232050349,576.3531240561483,36.4610190196176,54.6236697954183
348.7488196277183,571.5897815230425,36.93520681389926,54.683359622372144
349.078601009785,567.0864195572193,37.13111279976593,53.21269707940901
349.19348127700806,559.9424801954524,36.889694550476015,52.33219506563813
348.63228371130543,557.7745853437109,35.79866499926418,49.60119704939469
350.4565180301962,543.2370264100921,35.97728376382632,50.96151694299938
352.5071635533545,536.9289442936473,35.41014188743165,52.1101976553812
356.007303486291,529.6421899336199,35.48810909187119,53.30373201020157
358.51049323562523,521.0860372464412,35.32320603363238,54.0875003972545
357.868467335462,516.3935137919128,34.77267836618534,53.679670109045404
359.9777904969398,508.2063277744541,37.440186218034455,53.60721902384571
359.53497188987546,501.8316496759429,38.56537116165534,53.72338125114151
356.5822168012675,496.9716934806595,37.965449209965,53.22971637120057
