538.0,48.0,40,44
537.228872948317,50.143923331044974,40.38960517758478,43.13784303517568
538.2290663328839,54.09182873702564,40.45193203149773,42.51365392731592
539.2941574590102,55.0563447678425,40.138537498971736,42.17060514204937
540.3675659335005,58.437230819983185,39.80155026190522,42.014530669603936
540.1369365676832,61.25029146016972,39.14235611268056,41.92236019489493
540.4419452847378,63.28445998122241,38.59020000669622,41.86200349946923
540.7808474625999,66.12732186525011,38.130001241792385,41.95034284176542
541.6260221419068,68.15238564455348,37.880279934936326,42.23978437495556
541.4363295961101,71.30336268626188,37.190603747232934,42.39129098489812
542.6953273084869,73.56117831104623,36.50457853732305,42.888416082985664
543.3757875224929,75.8988466946001,36.07140774310016,43.19267831490138
543.0688619167144,79.70817877073497,35.72555741657136,43.120873903842565
542.792742065392,80.78049829632323,35.314937011794186,43.51876109778323
542.6783215614073,83.98622841654836,35.01525934300577,43.65092573526267
542.3189423686723,87.38958036168385,34.67769753804609,43.76971317799948
542.3043050508206,89.1879491584269,34.36978345304614,44.21922497416182
543.1377029368016,91.32546491130766,34.10284424846724,44.43899022132998
543.2095443206263,94.35766527767281,33.817132672224055,44.620378062818446
543.3413173692949,97.18571762231781,33.44418105730878,45.09865752880189
543.6235971278874,99.57155761232801,33.26243404012381,45.3547638036643
543.3473126939325,101.70907357383581,33.296600808424,45.647633491976805
544.1151486293401,105.64666290304186,33.2767675606557,46.67763671833034
543.7346541315336,106.78891156062923,33.183508509393626,46.53648046760873
543.5980378805991,108.73602245849472,33.15834013235643,46.64686682617462
542.8749110181357,112.02626897938259,33.26954136704893,47.65890308127386
543.2384072677487,114.73975589356564,33.185126992822866,48.961650322243706
542.3803160553363,116.58658215932704,33.44465963737436,49.78592686786938
542.8066191565287,118.44062487303387,33.484799406669225,49.856466928736936
541.6771851507764,120.3616355869198,33.75730877559574,49.26105804979321
542.2648577428854,123.87853190291355,33.82943063239334,49.335038244954134
542.290876018559,124.10171740282388,34.0251052626868,49.15702356837569
542.3101604321887,126.94269682382162,34.36554949695083,48.74488589337239
542.2964685126262,129.39954194920207,34.46631285267718,48.68436031546305
541.5629335096233,130.80617157215733,34.43536650126109,49.35051696310725
541.7950454880079,133.8982046378752,34.450619473202956,50.29674563147616
541.3360653953557,135.42466837599522,34.69833734893694,51.686399331993954
541.3464294488969,137.1386847855012,34.88111571158132,52.454716610638215
541.4362812535232,138.86930015393668,35.16671361600035,53.266755527087575
541.5004900864228,139.957608610883,35.4118158476623,53.54947394034336
540.7561966191661,141.74919641751993,35.6564605214334,54.03720591984297
541.2452101963121,142.5056262077825,35.8386353935087,53.55783938130999
541.6710069166263,144.84886704876502,36.09890413549747,54.01636197180592
541.38244264952,145.76654145934629,36.24336970584271,54.1080913977137
540.6606694048014,147.21724891402104,36.28173431051426,54.203578954184465
541.9158713878305,148.91691548277348,36.39730690695625,54.475968228789
540.4323594568519,149.22734627888792,36.829708576530436,53.97313336995856
541.8512742044262,151.08493892378988,36.9371305462258,54.16059700593587
541.291332244918,152.15582904470517,37.380775451570244,53.90072899555059
540.9877237388198,153.92898730334258,37.870850740133875,53.62252466089297
541.9151116360758,153.74330964574756,37.76398449152021,52.332792939950195
541.7165724269929,155.97084268466168,38.29691190870941,53.02730877130164
539.2978227070563,157.74570911186538,38.8043027060046,54.642202992089565
542.282265794651,156.07218515270486,38.6284463159713,54.85796428931684
541.484740090749,157.0885746815911,39.23448405190042,55.5092520040053
543.6347907812124,153.79659084957765,38.7839767871847,54.42186346686032
541.0484014770052,155.96981145045257,38.608946557708435,54.38647268014954
541.1389187845126,157.60468333703793,38.631708329412355,54.60656655346321
542.536565291178,159.5728921086788,38.645451570964354,54.78059212541588
540.667408204969,161.60478707078383,38.9327311974839,55.03760298245577
542.6061170176478,162.88540198575438,39.061111911970094,55.4636320636475
533.7497790615515,92.86362262445601,39.66589292670171,48.787216268421965
534.6312714241755,91.53000502924509,40.12982165360225,46.67024125376569
536.1618105073968,95.75008471934214,40.13986470297992,45.25454171243878
535.1644805879923,97.59970611133869,39.91438599198402,44.42584336203941
536.0870632624798,99.27735832199302,39.53845892425925,43.91142028838701
537.5920850711864,102.21555253559715,39.177066429892875,43.830487793795925
538.6697921379621,103.90112089568092,38.89115913227894,43.80853320253466
539.7847499424931,106.42924056009191,38.33533104763102,43.90268449871266
541.1827108111379,108.55054936722708,38.01868787479458,44.06431798307514
542.2139939304951,109.6786214189975,37.64731426303323,44.13433049574523
542.607732363953,112.17895578611748,37.34689794299253,44.197565570099
544.0796417091963,113.1694060683566,37.31775210406842,44.58472225659737
542.9837998823153,115.55554030965918,36.980978116228755,45.02426102496876
544.5181177074702,117.9696044290545,36.78987542490334,45.32995236625624
545.2076442612098,119.7692790701273,36.45633928519752,45.32110296204033
545.8735686538561,122.08133108281757,36.12636733095969,45.404854161269164
546.865352775403,123.90541801851596,35.913520523412764,45.49184874690362
546.3062564343666,126.20892328567714,35.54385920157935,46.01914607390937
546.3491618612475,128.59852861615573,35.07166529117703,46.72557689244441
547.4731884306593,131.23753413190087,35.134967743173476,47.457987613883816
547.0353638563485,133.36186523889592,34.67129194062351,48.06055220653432
547.4828166078546,135.52937805321636,34.56021517296276,49.03416610426066
548.1817660849284,137.5010964988647,34.40854729791648,50.62861678620613
548.441345737145,141.0073756594803,34.26454058137422,52.91789257142028
548.4940556586735,141.95930531325303,33.924318492223435,53.36538214082793
549.562117742757,143.23101201936032,33.95230260042345,53.79886692197269
549.5527087267985,144.84400616382734,33.65120486085608,53.914889131085545
550.7652835135364,146.6138070650029,33.44277586843508,53.384763036742264
550.553441575203,148.70806227975496,33.36601724021894,52.847482465636595
550.9836388930008,151.52053904592927,33.16529057337344,52.426050661803586
550.735354525608,154.18066121916627,32.983377252494805,53.36927982607179
551.8971804150567,156.72347527441366,32.836956308558555,53.910589581787924
551.854670854189,158.7316178073846,33.046288784786235,53.96469330979138
552.0434231870945,160.9415547515041,33.2034215701469,53.62633187272421
552.6907997693523,163.68861263109105,33.417991525748526,53.48330559108938
552.7016285564632,167.45184013387998,33.57815768199542,55.649965819886525
553.2906519291911,169.66364650754056,33.8829600576334,57.03345146123721
552.5281030717554,170.24740761064527,34.25223501859864,56.49909270717629
552.7293766306516,173.72733422099677,34.6189292338141,56.82428892494981
552.828492455262,176.2634457611669,35.261502638304115,57.22591228015642
553.2823354952859,177.89449795307124,35.822658110990595,57.72461111900401
551.6608985342119,178.9712355706662,36.3327592059903,58.172759418970315
550.6547404998448,180.14902259985857,37.2994362366384,59.97979827562466
549.0904008025932,181.77782956553776,39.23873880008704,60.25233571145377
549.4538444905327,181.85052328619966,39.87490379237206,59.34535159044246
550.2944102702487,180.44962950456198,39.54615870754947,56.845167718170956
550.6979406311732,182.7724591444129,39.77930489488013,56.59635902440667
548.4091749094842,185.9515992894041,40.02240945837535,56.18778576567424
549.9276244321162,182.00929325004347,39.76070267385354,57.81522621353613
548.1272524879233,184.19567020279456,40.638454618879834,59.13288673674485
548.696088838954,184.5815028398238,41.3437537185765,60.69383254667076
548.0550941522963,184.4562520991619,42.28449553329802,61.03234672330704
550.6678981236539,181.3301877345087,41.59352504175467,61.95310033054314
546.492869592284,184.23756514126336,42.68079523926009,63.2753236664479
549.9894008396375,184.04886291905032,42.51332478556875,64.5319853130224
555.2697797010729,181.20383693820503,39.744101486526034,64.01573844658802
558.3134013972513,180.51153136683968,36.73266375823191,62.38493821236557
559.2929948192569,183.6445148604256,34.29473240738454,62.05700528281088
560.9273781915731,182.37296414647798,31.72468087271328,60.316766256604595
560.6968795722217,181.8370997713356,29.812905894619067,58.5695100215378
561.7151367985091,184.038567740608,28.080987389309932,57.623513780258655
561.430688160028,181.73027946622216,26.559689964123738,56.318428952077184
563.0228382340188,184.13282800339738,25.2302024382125,55.22918270780483
562.0183442564271,183.6889405566427,24.3503506717161,53.652464803462635
562.1107998402343,185.82512404384076,23.25632085175794,53.27809282418371
564.2838478071615,186.90725061982204,22.74935150481771,52.706307933939904
563.3520508664634,184.5695083596971,21.84349043015915,51.61767807430698
565.4309455603826,186.5259541301851,21.56628575911764,50.80171036145597
564.5097886389898,188.07230761548436,20.96189855209864,49.994541110584024
565.3274382489786,187.04234904792744,20.239196988370743,49.03951989120565
565.0285705085037,188.2436626179462,19.48137216658637,48.37010808319941
564.5055774972155,189.7389135922616,18.416274204787648,48.091855890427965
564.9302311859851,188.3033546792954,18.055873687600087,46.9315711284697
565.6223134160426,190.5723287176099,17.822618651313082,46.64263123055166
564.2876568846053,191.28003321696164,16.961101330886912,46.83552911661383
565.1724197813767,191.0528980410133,16.881761084219285,46.87900234936991
565.0994686731768,192.09983623345994,16.600386689290957,47.04125999767973
566.5231840163069,192.11535948140173,16.76951178916353,46.64253772054616
565.7517660884816,193.5144979898753,16.112373584755538,46.935309897934914
567.0386985848322,194.17096262715782,16.158457932874555,47.16507471516678
566.0672284312504,194.23339668495169,15.65374351591706,46.79167144332904
566.9744092981047,194.10377505023,15.429401008282776,46.67387003503805
567.1826881559787,195.64427266412008,15.500750702202932,46.95369939221885
567.6554096935168,195.52882183781236,15.562296152517046,47.031593537510034
567.8425321153178,197.09575158615476,15.647287453934812,47.3201125808643
566.7609767183749,196.68049215597998,15.3533135920589,46.94842959795214
567.4330935169219,198.03872403462958,15.238213600921975,46.918779195145135
567.7784121522268,198.61107871592492,15.32726230443307,46.5376043784529
568.2129685230916,199.72666718271142,15.274265895711348,46.86535688823928
568.0839992709847,199.46785176257646,15.19929576955405,46.814170589837346
568.0854452802525,200.50240269747172,15.206588992717602,46.79182164973427
567.1867119519821,201.40146296313125,14.912418991543607,47.29343714136444
567.6686618309218,201.55878080026,14.990053657492279,47.5114094993335
567.4931989808941,201.52637432715414,15.138800402469547,47.091107394275674
567.4793020382939,202.24279413880527,15.301298877513723,46.94282129880548
567.3969028218825,203.9415940714407,15.319399312289834,46.91009722699166
567.4170387462756,203.851681977623,15.323683127565939,46.660699307693434
567.8931198871362,204.83894116868015,15.251800386860479,46.491692400188526
567.4548288629454,205.2010972701148,15.153055897156104,46.145828683647395
567.7091400845187,205.64910577904908,15.050179913970464,46.04911281323973
568.1761385241258,206.67336993576953,14.94020342049847,45.99179543729883
568.1511267921893,207.76897005379345,15.019668717867493,46.348362840411134
568.7230417481786,208.77278285541493,15.112227966045218,46.73787774009787
568.5576219238728,209.23273610238556,15.149252001863612,47.08562566510196
568.0460470854049,209.75909247228495,15.437660467862129,47.364928916514074
568.4894427319122,209.25343277871457,15.349422641644363,47.273190442326715
568.859156067595,209.53392800295765,15.37189019635287,47.39364225458273
568.9894057178789,209.6431734376375,15.392831630648413,46.81228212252773
569.3849483924363,209.3097176028092,15.35729285135797,46.56261359198905
569.4723764369619,209.63510224992487,15.285380182716812,46.095979734769394
569.0467583246029,210.91254462708653,15.231526075403533,46.64309998532889
569.2347079887107,210.67275009664334,15.207647010859725,46.21233443195744
569.8387508397576,212.00445412429266,15.187229155445676,46.26190855439318
569.5885591142799,212.2964074301199,15.035726620073113,46.00112968932076
569.1813036290168,212.78555735311645,15.032244426536618,46.09247858600344
569.2708117388735,213.76684374338606,15.01407873172578,46.0118561838822
570.0788039014136,213.37824878615805,15.073829880278211,46.17302589570147
570.330463807156,212.028209910513,14.995352903266255,46.336497812030615
570.3576446114579,212.36861151425347,14.999249351303007,46.18422091070204
570.7942644245886,211.38219431656216,15.018404744572852,46.20179407561591
570.5960484391718,212.396362692746,15.02202970857058,46.123995958502114
570.4831369940564,212.2717064519412,15.056164061203685,46.1301901539789
570.5940502931509,211.9899103305936,15.17811798059274,46.28328282392022
571.1015305917039,211.2096741398149,15.142680088564946,46.267789324129964
571.2407727564971,211.4078494226445,15.147704059759764,46.16914536247471
571.48310386133,211.66598826673942,15.154222270015586,46.04641473239031
571.0616412004636,210.64279332396762,15.25840094868224,46.172890372328425
571.8846350518,211.81649463641412,15.136499244544503,45.490740432982314
572.3207551196963,210.55065028992172,15.083923110216821,45.498732226553045
571.9938154611243,210.11456553775804,15.170343320915384,45.35751214347805
571.7457157042701,209.68834305474115,15.161110705717682,45.54349897962899
572.4014104274278,210.99199335031904,15.29151660852327,45.76408687724281
571.9005853770079,210.04051151208196,15.292098594128603,45.78648872510367
572.237941227315,210.72771953019813,15.32210643697158,46.41613915615646
572.2604293926333,210.4370392001979,15.213760355358222,46.34819256518038
572.0767859356237,210.15890788206553,15.133270474944121,46.51431848269513
572.4727916983666,209.30829689204478,15.104144996821494,46.371584469084254
572.6147072364358,210.18410411580564,15.245957841581495,46.53183525593754
573.4657425229534,210.6448402312091,15.211993347647908,46.23482133811893
573.1556478646677,209.53903571955257,15.198675889316922,46.17539612070933
573.8218051155203,210.22339069529784,15.329847105385234,46.25660682351566
574.1035102760783,209.45872172342143,15.38435670614418,46.23247034099894
573.7563207577208,209.23637722425772,15.209526453308307,46.06586936129901
574.137158188379,209.10078757066972,15.183096342968652,46.12077822169767
574.4684022020558,209.0627411537734,15.127625832704748,46.2929327620333
574.0548625646638,209.2187450892798,14.988526213445784,46.337980555083
574.713285309298,210.6678065726674,15.055378233943081,46.40025340129607
574.474111833073,209.86064951343187,15.00571004967425,46.273333694083526
574.881416171913,210.82775729261343,15.032127678146798,46.342635286599325
574.6778838125633,210.18883853895898,14.923124891963088,46.01772010836135
574.9930538223985,211.2494885234107,14.910330953835864,45.94147171416495
575.5177392514208,210.2113654920797,14.758802503017712,45.56983417086991
575.8430187496705,211.95362256455306,14.72928385075666,45.678764850141945
575.4733832480855,211.93992706492637,14.657229780684506,45.418825221953895
576.0239994602476,212.19249324873988,14.676671489660905,45.661938093584666
575.9306971634046,211.24440515293523,14.679316122409563,45.6484997222057
575.8191077645631,211.9851684213177,14.615721238451894,45.12212760438608
576.4864505119135,212.57559611425629,14.783660255469876,44.980037172122216
576.200891682914,212.6906057227978,14.831698995012035,44.78938563082039
575.9666271140749,211.50437475307643,14.945827497924377,44.859296300731884
576.56783526179,212.79547913515813,15.007968087259663,44.85068067621694
576.4890246082574,211.72210679569,14.898079933875863,44.70138958855164
576.4262853323959,212.5867629316919,14.8938435197786,44.93026060512206
576.4081637972192,212.90002114437115,14.891176678022532,44.582301003494024
576.5948535364123,213.56248677963768,14.899526325612921,44.10635349760939
576.4009097760253,211.75293210191836,14.92726064814465,44.37628072414179
577.2559540610739,212.7847587122995,14.835717610273985,44.66688317964907
576.2702578480158,212.91435550705964,14.79278203346061,44.54408790555847
576.9069713976576,211.08848821445844,14.77246009775126,44.85402561576086
577.150764270337,212.47344374502114,14.839020165380546,44.60022783588542
576.7491180653128,211.43050908910362,14.93831019505792,44.273377421158
576.2289758098,211.96339792407636,14.857569620634317,44.46223842308753
576.9395214177988,213.1941082979769,14.84265211069145,43.89061107128255
577.0082299693006,211.8910812757066,14.867794516965128,44.02344429062785
577.2357592231007,213.20750031917305,14.85607249618143,43.701511660237855
576.5170076672248,213.59682326331637,14.814487778343437,43.67133226365047
576.618783337807,214.35230625113104,14.703587804366384,43.228786698177345
576.6310457935589,211.4697889311341,14.76120858378063,43.13556785916734
576.4569251646038,210.98337265341436,14.683500745011084,43.38064009966541
576.8450767417701,212.4538885948884,14.744737263530167,43.81421911759624
576.3443174659055,210.76646683471023,14.758478105298392,43.770597977308086
575.8348712610086,211.9452214077725,14.610530915482657,43.95901778626167
576.3382161470333,212.61632440215863,14.79953511315978,44.2109966729777
576.1635030627659,211.14891575790767,14.72421762935091,44.40823461577645
575.8136970789903,212.4603767377208,14.599618476296694,44.131114963279124
575.8845996474149,211.89393392875968,14.524074630951407,44.29071109145525
575.9971893316347,212.70261087283814,14.582586668761799,44.42746181755613
575.659261873827,212.77054418588824,14.490558283596112,44.47492954204186
576.0394227161615,212.5748755084697,14.529903957325335,44.30493419424229
576.5287206396331,213.35617492280625,14.529205754425242,44.00876908138943
576.1278850242494,212.6355370959514,14.51585928499727,43.86049853148589
576.174974565866,213.70699818229514,14.40952657627568,43.77251562881792
576.3781000942439,211.47120581866974,14.522593146473206,44.13313081261166
575.9483017951678,210.30342158680082,14.548586839351756,44.355837643048716
576.6670849645182,211.38014080151888,14.548558647623915,44.381720502675115
576.2518635177595,210.55543233675292,14.613208694461541,44.57776066218755
576.5014122954409,211.30013346109098,14.695554925719687,44.963251601987984
576.3341867861251,212.50783278583583,14.57038832960535,44.79020829917792
576.593187362371,212.89605595276012,14.509006439808566,44.64825293212626
577.1319896843651,212.1908832020613,14.640363282637026,44.85918131926607
577.4109675664578,211.2409857728758,14.742098375385314,44.75280399746131
576.5804895554761,212.3508949208668,14.681405227426588,44.59642411700664
577.407069083158,213.3669208811542,14.819299944035441,44.71770013832639
576.7129452180135,211.46427855204283,14.82872534766435,45.20006304361943
576.7574539795462,212.77422771189782,14.885803100477982,45.02994804910472
577.637822296598,214.32069729644996,14.926320738835383,44.460965178828594
577.1076010925739,211.77840859635802,15.041542199617773,44.958964209871844
577.6599417182016,212.8927763869494,15.063173204221876,45.25678655105234
577.7781023679283,214.31826577933205,14.959916174787896,45.30572536882613
577.5940201781243,213.17250731820883,14.990403552442682,45.59284013042802
577.8365736752452,214.3280844815339,15.056680530368979,45.79868409479355
578.2739104000855,215.28950079209963,15.29619622863767,46.38614352688471
577.7147448835816,214.4260117202596,15.32523282805175,46.70229403384603
577.7552309114398,214.4447735146115,15.340597137081367,46.817449888501606
577.7713346336308,215.45238972947865,15.515306501781378,47.373407339138396
577.4948858916005,216.27349095289037,15.530705511720875,47.510745907939985
578.3139175626109,217.3868791338101,15.706805377708065,48.10713543965517
578.7400222465958,218.25455751867386,15.79057013083179,48.417417708013595
579.3944552967404,219.69397614822108,15.898009572534798,48.67294934540352
580.0580875519237,220.74863045925704,16.09880597525425,49.35255063544098
579.6212419357001,220.7124894283717,16.11112330633415,49.443265314399184
580.0244476367172,222.89671088723225,16.170678701175,49.84607788984215
580.3431201950655,224.26325477426155,16.335366055181467,49.3091265903929
580.5138844841799,225.8372900701616,16.481798292382233,49.760039763241224
580.6680197398872,225.75818949765738,16.441792551475675,49.704434755905936
581.3397859861434,227.76101946640645,16.334298266970983,49.9638352432125
581.2196858145695,228.51250384580692,16.27269502125167,50.14931252933344
581.399719467018,230.11695236439581,16.32517959623729,50.642335047819714
581.1170562006547,232.30926762493215,16.28656325787018,50.843809873426714
581.6866784657437,233.84342800785737,16.070811159332816,50.99216391226378
581.7759493188496,235.9498554065709,16.16903336913673,51.266308626555485
582.7188234770701,237.56058068088234,16.02715101949253,51.4748660125029
582.7284574458234,238.37805874864003,15.941034327103173,51.88907369534689
582.5184987840496,240.4699503379223,15.932301748306973,52.08175536053234
583.6297910221688,242.2336341222455,15.945526598240468,51.862996800675035
582.8796019476583,243.84819231252945,15.948834434761476,52.50378398456026
583.8891840739296,245.15491298780785,15.982908097257804,53.11794273165969
584.036335914774,246.47837862506773,16.269796432170672,53.69420176475709
584.352012860353,247.85642033065574,16.534118200192353,54.35532416412799
583.0167118572335,249.15360125584476,16.589195914439095,54.63266641531243
583.6314233092025,251.6809388133594,16.529038757571428,54.605258756337825
583.396535009801,253.98356439487387,16.63986760246825,54.9341659185042
583.6164883367909,255.49016546989742,16.835108043215158,55.656101707910224
582.3608591568865,256.9799673077104,16.882453439156798,55.66027793951078
583.4446126103905,262.03280526087144,16.572200560468954,55.23734129100127
583.1843951944976,263.3766601246268,16.612578629559458,55.65174337989676
582.7053328747091,265.79845502645026,16.764398337495756,56.150591320390454
582.74752297111,269.3653482450861,16.775446611490832,55.80440253936878
581.7916900921689,270.73520538122307,16.820275821521527,57.005423130376144
581.6463463986684,274.156312031216,16.966203076686764,57.36557189093722
580.6749627683186,278.7127070867034,16.96861694383172,57.16695109148573
580.6124278564428,281.8287309784721,17.161939331059695,57.49216954329991
579.46466473834,284.1310043492231,17.215232290898108,57.79072949125115
579.6163305170377,286.842033525744,17.51053354600284,58.76625414602182
578.4482415501183,289.7414141265898,17.740342461286833,59.416925317377036
578.3964020970733,294.1276234394932,17.908627080267383,59.96112656461712
577.2846430405735,296.85024724937404,18.13243511025919,60.22051456497266
576.5833554151379,300.4958779079996,18.09950926249748,60.71094575260433
575.7716580015823,302.90586668501203,18.034122351327596,61.44844805697795
575.5125644917208,307.19551321179983,17.948030806597462,61.97898776707417
575.2896541036357,311.0523151165618,17.959739033939588,62.54550480715967
573.723021568325,314.4838503748754,17.877763626045486,63.09695455420435
572.8902809667946,317.68458374445964,18.02452229492622,63.84282668222332
572.2336215272121,321.60285994412925,18.12763609596643,64.35960680241533
571.4898031759509,327.4365870727802,18.124977388332518,64.71208052362903
570.505803776868,331.61214467705474,18.223698232396806,64.61903721449397
569.9417541729892,335.4739013558356,18.423788406951278,65.14056475048702
569.038718990387,339.0174132508753,18.62840308367916,66.04131867036864
568.9203471801344,344.3515190072267,18.794422216879653,65.69088669868134
567.5520306977787,347.88749813105125,18.72130176362229,66.18586875864943
567.2842787271154,354.42588323632623,18.67572049987067,66.163175696537
565.4813652728337,358.70473572833225,18.49324784788734,66.20611768518125
565.9073916454347,367.1361667547545,18.485204502099375,65.85646974366472
563.3642312603342,367.562379735715,18.426414188315967,66.53277608154849
563.7574083713595,378.6219489249358,18.570281523882656,66.13922364060696
562.6918635177773,386.08320862365605,18.692307510343934,64.95066725586176
562.3394081232657,393.35703506129926,18.927430701710872,64.4668876715909
560.9895052992855,388.81140603518605,19.141411764710167,65.0449926476455
561.0033752132056,385.1618647754858,19.213769593120176,63.86147018657726
560.3587293345898,389.7419359154582,19.275491770273497,62.835391627335504
559.521152882047,395.2265628157144,19.362281027898263,62.25197156705757
558.5270114430517,400.3108158938304,19.241234682256,61.55572493230985
557.6609843680791,404.9201038563792,19.320823011888663,60.53784785975135
556.7228318218708,410.67696007856637,19.14271526250835,59.524562661470824
