521.0,308.0,103,111
517.3570434783525,309.8525038191757,104.6549315979826,107.10062590657053
517.8888862002475,306.54286149385564,106.02462628114563,104.83371060603876
513.0016391016807,304.3519685568573,106.47273498023233,103.83527797417608
515.7534770381288,305.10863715740845,107.63266384366415,103.49936997229241
513.4149363965964,303.88068752374693,108.15376978493211,103.00840034313117
512.7309430257992,304.07205409435744,108.24630486637025,102.87234078589455
506.22500131974283,299.51934963434275,108.08915141324871,102.42931830943948
509.82398367470967,300.756593859542,109.3728761564401,102.71920363833777
507.3706063577255,300.36186100624246,109.89541448181471,102.67807242110882
510.51891580984795,298.43521826564194,110.92103068499159,103.01634325387242
511.80489049236667,296.4373330032506,111.22582082190732,103.4182722259207
511.1316501290415,296.5054609030827,111.39615408762022,103.57434430711587
513.8846819950579,295.6247366052767,112.20167482824363,104.2704852855403
514.7080595026691,295.366029882424,112.3256717661461,104.43557329179258
516.0636277250013,294.15016430717606,112.67038248945059,104.95324194228857
514.2054274989365,294.41968714090984,112.99219065642393,105.07142283732097
514.8241471084522,294.23291943232897,113.68038009950197,105.41340307870148
517.6397358789151,293.46163668096665,114.19193327146681,106.19376155017606
515.857726672795,293.8726709203446,114.1626899649568,106.29384272962332
517.7140031938352,294.11714394199987,114.90722920803282,106.80016646170336
518.7211340247898,294.6369952528297,115.33834108127982,106.84994137910627
521.8342416578945,295.17971203842126,115.70111507288279,107.25397924346998
524.1865229672965,293.4985702171592,116.02331637009459,108.06792304224406
527.0016064049817,292.9285390712561,116.26146614511492,108.75449412311276
528.6621256764139,294.0262184632763,115.77944737764095,109.63051595430682
528.9968798708538,295.53866276912754,115.34886110790164,109.46561269416674
530.616267925671,295.8711525988534,114.97473953928302,109.73880442143373
529.4388230557007,298.0041138384703,114.07990393742668,109.60010972540314
521.8261837213191,295.214211115358,111.58960643431493,110.50935242748713
524.7447221326709,300.9156019723512,111.2023281955959,111.20291470764126
517.303943271067,295.63862829402024,109.52355266685015,112.26128711313135
520.624432799513,299.51317389979096,109.45871496738026,112.96489365549624
512.2097473682974,297.777265225955,108.32510365207712,114.31583087621506
509.5348840668187,299.55940087514784,107.1753490538626,115.55011304462613
505.4377722993976,300.5275863326793,106.30981917073606,116.82617499089142
502.1855400120214,301.60442062392906,105.77311553259784,118.04686553925124
497.19045064939235,303.7019932320201,105.38039020512154,118.79446934650676
493.3545637951814,304.7103755624346,105.18253500729352,119.4467720684902
489.95796288446104,306.29608798726616,104.84258863537475,119.81190727742077
485.04036673188943,306.12816542791194,104.73854143856487,120.87989961292617
483.09823521347664,307.78109189872345,104.29773123320301,121.60532718888123
484.0545540995175,307.849515157771,104.53237129315252,123.02612837586425
497.3125173857554,310.7202859973405,104.86880067770788,122.86997488031899
497.31426220799943,305.6261064002608,104.8874973125168,126.81245394752523
517.250149030916,313.1693956637529,103.61359353973057,124.49302629944742
522.9517463659245,307.3554947787055,103.74058075447917,128.43241254219828
542.0868802911394,308.7090396481843,105.51007730834606,130.16749199269395
556.7565552081242,305.43455904602195,106.26945183961115,132.2952801013155
568.5367033294488,313.75717216123473,105.41063264774317,129.30447281620235
575.4703116048107,309.0723649259318,105.63139827475365,132.93745398602698
594.001206218667,310.4831775124385,106.32571256266606,133.18705684035734
601.7587832324974,316.07443493888127,106.18638250961459,131.25750219254994
609.4392037049932,310.8308870410697,107.23688800016969,135.37707479481378
613.8447669709465,321.0836058044115,106.37855077490404,132.8937625122708
622.6776087205913,316.1091671261562,107.78375960959866,135.6845282965157
626.1099828422663,322.5271156828784,108.1072437881236,135.4740584291651
633.0364789612933,318.9300800180417,109.26859481178847,139.03913195610414
638.7240274168147,321.6327096526445,110.93259091832368,140.0449444642422
640.6581293006798,321.0978471618319,112.87676508028099,143.16346705328928
643.3217866434517,325.8073767525175,114.1947751017685,143.89980337973068
645.7403703306026,325.65593515387843,114.36114776652919,146.41441753403998
651.5443024245988,329.48157736059295,115.64696033634937,147.28071124561095
650.9179443282426,332.4033465238058,115.74696656812418,147.9751978215291
656.1543079269062,330.7985569276867,117.38288194892198,150.92897867392347
655.066699005815,338.2362048128617,118.79540447860418,152.11270389966728
655.2377413608746,336.5679856246983,120.2031976981727,155.07310467833784
653.6798277958593,340.2652545054317,121.91997697664084,157.73111818640223
650.8077091728804,341.60303079654113,123.06820592181734,160.23787761590214
648.8056294101331,341.9016581341574,125.09195773246816,162.96764930785713
645.4568835899296,348.2299018565764,127.07118765412515,164.22382055442526
642.670617911334,348.55170084570165,128.89609938241006,166.94075724414358
639.6000471530772,350.8392215847897,132.27179900439256,169.44115521909245
633.8982322749516,356.03560977388355,135.22541655361226,171.15848626277977
627.392378262106,357.09806229467495,136.7863799503973,173.74952360400945
622.0167884778867,360.53810394356924,138.86885834696082,176.8281195054396
618.8178919522715,362.777090763424,140.83556008959764,179.17222838526146
611.0312690119785,364.3801575973021,141.88249981784003,182.68142674875514
607.0134621042705,367.230388512808,144.34462730513087,186.0296099372746
601.2903290798009,369.2697714883318,146.4385373970387,188.09580248232072
598.5931818773378,371.81705726801965,149.21375221212142,191.822519985445
594.3370246347783,371.7432501228762,150.15642558395905,195.60996581870074
594.1924499579736,374.6519216712602,151.49507444928716,198.08424869849523
594.5491946497494,374.24448339104515,151.98831113995422,201.21498219251905
597.931838153598,375.84051701109604,153.03717208147586,204.34395987429235
600.4788213074943,377.22178501732424,154.5921925900895,206.6786528657422
599.230040695143,377.7851069438785,154.70095986947968,209.21552219622743
604.6648762185553,378.70066922195133,155.55620337343646,211.2409039877379
601.307913587986,379.7424935484336,155.6686882048874,213.61782662383604
598.7714062315712,379.1742657623488,154.8449133669357,215.0229589538181
596.411765410708,379.3922983820648,155.56388983288093,216.95328775735484
592.1007727624324,378.67402919414894,156.02498645755705,218.45855171912405
589.1470422212568,378.03223709016765,154.6328869930332,219.30488006771157
587.9469835441068,376.9209658320527,154.79588276530194,221.0101496347228
584.2903847567914,375.28895180165114,154.78553297665155,222.06061568380704
582.35118951903,374.4575267964268,155.45164317873702,223.15229870206832
580.0360047587501,373.4027427356109,154.9238095742967,223.63094641354377
582.8083621621928,373.84366619437225,158.20648734553637,224.91242957414613
575.3654633831449,373.5508191471973,156.99273656378847,224.71394398099608
573.6086981797736,372.3211056122248,157.61918200959357,225.22805855094103
573.5501444518372,372.31481093700256,159.19338175062236,226.4171615732605
570.3508448413533,372.6951758896115,159.86273292471546,226.6117539336676
568.7275767003085,372.58315262761386,161.35853678492987,227.1756442076629
564.914049631854,373.0823123081146,160.63787363668254,227.21834047166143
563.6562525688646,373.25216249024515,161.0722299696927,227.10727780271287
561.0310717606516,376.0191372312337,160.30104617596243,228.23501044964195
560.1233745165317,375.6675502459418,161.0230568751396,228.602307955382
555.2878041797044,378.2234440652284,159.3417805566069,228.99308379337128
555.4954554875336,381.92051477151495,159.74563077297972,229.89276562298576
555.1468672187195,382.5203458995584,160.9638034043577,231.2825198708051
550.4952751941019,386.8581959516996,159.3689161645306,232.82898773527273
552.0284096092898,387.730816861938,161.43240807634214,235.31635089526452
545.9155109130221,391.3555727182265,161.16815419934642,236.3413142803439
548.1722870337002,393.2438237391718,161.7924193408028,238.62780051970336
544.5241631207192,397.8974653126718,163.13786150270218,240.72188456020325
541.8713176676953,399.51098291199077,162.12549820953134,242.29465404906534
539.9075789569013,402.4940013792015,161.72967240846316,244.68591691933136
537.4726747333108,405.0193767291126,161.13616298455028,246.8537941491967
537.1640458213283,408.76359513415235,161.94354532023402,248.91992276880467
535.4140047402474,410.30772517588645,164.28676713083334,251.12127450174273
535.7150431423554,414.9926376189363,167.89672645942994,253.38664248673666
528.8130159418182,415.9378140772398,168.02145957144177,255.4632695505985
529.0592478483518,419.47933188250977,167.55603433259324,257.82090776818353
527.386064603937,421.68294100006165,166.30651459095395,258.956231036986
524.0914580691885,429.14184072907995,166.63956310966975,258.93107073910573
524.088251176768,428.28431557842146,168.44614779294835,260.6835966263602
523.3104443660195,430.4869309567785,169.88231561366413,262.0345914555836
518.7549446084294,434.9480488759499,167.69698944525064,260.7639059102096
517.2284007003664,429.80586273796615,170.12110997622045,263.3749383424271
516.2262503882689,427.7750375522922,170.17668013166522,263.4149822684625
511.0181930254148,427.91254738620614,165.21047063862346,261.2631925811033
511.00814526236917,414.76465428729983,163.58231177018354,264.32423756797846
510.8129348201602,415.0628893581192,161.3355256233515,265.0290369575897
505.67093519985843,406.99699119349157,159.46937837957998,266.04346268137624
507.4880643179631,402.04481914192,159.30863088555822,266.24602455795684
504.49562552535826,403.73549048722055,155.75670427154904,263.17016282438703
501.5747312359711,398.5307211289256,155.35795329954215,263.5585833769144
500.7715442470474,395.0507723270567,154.18063587113954,262.5373408439335
497.93722783352763,391.3798097662642,153.91402699896034,260.85912436395597
497.65929115966026,387.85121402921857,153.51964399903883,257.98742179507855
497.3937006071519,382.50395655084685,153.75999258452424,255.05229807994698
494.05271839508805,384.11116042532046,153.40814353208958,251.91113251849973
494.18214488779023,381.3003511076072,153.19885109356017,248.2263546695513
492.0103766537465,379.78048534215816,153.90511949524137,244.91391334888687
491.60560575761883,374.4374828762837,155.2033697835904,242.8413123236045
494.7176463445276,369.762723274569,156.56601956680413,239.90976463250257
501.2539423984681,370.46949753905534,158.05873507611062,234.16735868165497
505.53258943043596,364.57922535725936,159.23483944967492,232.58816183430946
510.3448290732363,362.8597291907347,160.22394658985544,228.81731530017117
514.2382262295657,359.0844494754777,162.22682512875912,226.47108517990398
517.8594328168562,359.84483295055486,164.24320101667826,222.11798180396846
518.9784480224656,357.18931147677404,165.06144501952193,220.6583948687176
516.4064920520595,353.6946186236247,166.6335185814277,219.6585837976724
509.55215466747694,353.5935673116551,169.2436826084055,216.91323769114302
500.11974456781263,351.2697340247162,172.5488104249216,215.05522799548947
490.7016088505301,348.9797766709264,175.79633674229922,213.64692248822533
481.0666331004644,346.7092345797489,178.53155923852427,212.57356575261153
473.14228368762974,345.6845848177263,181.0299162673186,210.862184124313
463.33073209915676,344.1825566799703,183.8193402450459,209.83151139591888
451.7215536279219,340.57844322605115,186.92380558595315,208.74335158500708
443.24107927700845,339.0388319617107,189.03075038153003,208.02899501212545
434.0582188945377,338.0352453389765,191.29271138084655,206.73538700759389
423.03048732826136,336.36102589262936,193.51663154464916,205.7114504120069
413.1208279988456,334.9746264205938,195.24525196129326,204.82799935607807
401.81898301505817,336.82834333984147,197.45599759293052,203.00765047852016
390.1121518379466,335.20791210028545,199.68588309168484,201.45981666856972
380.7163392044206,336.37613531730324,201.3147886321745,199.28523546890918
368.14609895170094,334.81348103355754,203.98200253605123,198.41414511061927
357.2750445218184,332.33369518906227,205.64848883722252,196.6297592800786
343.97101992706735,333.3489955603937,208.31232415953713,195.22098470929072
328.6121985992057,334.5870901089604,212.07055519416662,193.83561592465728
313.76253363912605,334.3470962801446,215.33928208698225,192.53398737135134
304.2396749960028,338.18001663988,217.1497698810413,190.12351774563052
303.7970418430707,338.06639701150254,219.06946001503044,188.6492189164481
289.3530618387904,333.4113424867757,221.87654844155986,187.65860775105793
287.657928598824,338.3506892734614,223.24911472618015,183.97284630659288
284.13948944811636,336.19957721707374,225.6827825783767,182.91526817327446
278.9824990757686,334.781377559043,228.1188946707284,181.61690186433594
278.52117137047617,333.90937153243914,229.8930515461571,180.40131919098113
279.45958687384785,330.535264438281,231.2959446605074,179.5085421683599
284.0955412866601,327.5443726843121,232.76622333488297,179.84896825442266
290.41633594519556,325.26160739477524,234.4695436857807,179.54700615771512
296.1478189304353,320.52652721750786,234.81401179733263,179.7047885825624
302.5196879193802,319.15804512240084,235.43422645616153,178.74814925715145
310.06565817296996,315.4597027745397,236.1660164177319,177.48730221459246
317.5844041278946,313.8318535055784,236.8372037071015,176.6369826861088
319.1877102607758,310.97250186654185,236.01254944915155,175.50809074933824
326.8776232836585,307.8598742362643,235.8898034815111,175.2775354630183
327.29357689825133,303.41214714483624,234.81491529529427,173.4882362279056
330.04901260646375,302.7576548708625,233.47726165230685,171.74784333444686
329.94908089523454,300.4649375894584,232.6665049575778,169.80025787772382
328.69990091294324,297.4705784520452,231.27344646512915,167.81131501973775
327.5342888778151,295.7550713738637,230.38720227366676,166.54713874641322
320.7404369073252,292.8148926908348,229.58330465214644,165.23193947184598
311.56700014374337,291.35945444264587,229.39074946837258,164.29424419088014
302.3996159876381,286.8226086356148,229.02721455792698,163.86012330494228
291.7605839161144,286.2380926527711,229.46158973613058,162.4338183565671
279.0240667261604,282.6181876321539,229.82335702619483,161.54020554623915
269.2848810463828,282.5133324253697,230.33389391309385,160.35501849886998
253.27361740718,283.3590485348133,232.6523806641556,158.43049301826395
239.44321012271797,281.78835194425216,233.08852482292343,155.2924062189176
229.26104017747178,281.0723819745767,233.51335055325956,153.39829635358103
218.4414826424127,280.3140698009908,234.143249314784,150.54718388434648
213.80959894624965,281.16172680430805,234.7408790117976,147.5532248581808
205.6725147055568,278.32651902964085,233.82571643849573,144.8877639426714
201.00667789394845,277.8286488222059,233.72330803046248,142.41969820519768
196.7739551813673,276.5095571010827,233.59768900249975,140.00526934275643
192.45005349146712,274.55976107373505,233.0817350580814,137.8810576865143
187.31344844384375,271.9099411516249,232.76900765332812,135.99197682760962
182.1035333979209,269.9080438906395,232.94207260845508,134.48869127145545
174.76702663142953,266.365754031894,232.75748116096904,133.16396923113385
169.3825880089707,264.56064340489274,232.54643897229295,131.87398296560514
164.19372918685323,259.93925250931045,230.87978405793416,130.98212120208217
158.42892905875357,256.8123177511924,229.8415132203835,130.30996532769342
152.2207504856486,253.94136782777178,228.63097827674966,129.21434076047206
145.4829064054394,251.88543153202983,227.50156389810556,128.22574948476847
139.91389257023775,249.88695360764427,226.12732350210263,127.52281519682086
133.8950397008794,245.8966570915759,224.1482445728506,127.02556399067632
125.86534724114932,242.35734007174926,223.33385019543573,125.59217410454836
116.4536485465025,240.3639329353727,222.7381191667606,124.33515292808272
109.92080550342277,237.33883053113533,220.82443513573259,123.67612922093244
103.07990549364155,234.6878948013632,219.21467021388878,122.32309345391421
96.47457326422595,232.8005237071102,217.62736103990747,120.88335810335775
90.96848731295817,227.08911262643272,215.52582444634928,120.09890487408765
85.16683848894455,227.77352406491883,213.89731057093903,118.47361227055299
77.13412693175778,223.4803688865185,212.09029716187507,117.13487379922863
73.04549483416018,218.56261578598466,210.115400712539,117.54234044951505
69.38448684461687,212.324184061362,207.56278290256313,118.64243387922915
70.41507464924001,211.20234351742232,205.4309896175356,117.61554611945226
69.63741020055699,203.06244292619954,202.47569839771415,118.81081361049158
71.8545082733128,201.59837519393466,199.59521318970252,117.34014536408381
69.80625390430491,197.4057854522074,197.05323315818706,117.23563978894458
73.71453894667457,195.7889238918133,194.61508104219774,114.74847667926402
74.72303304925506,191.35749331790146,195.95087604016175,113.42518060052524
76.85705807444852,188.64048107833264,200.2933606577436,111.27570898591284
79.11630769900975,186.0723704591196,205.14406306877737,109.18194975558893
64.74267941027637,181.49868006888266,199.68453253686914,108.48149118059403
62.25714668751162,179.95681126691483,190.44075423239863,107.14445241734222
68.27226429098879,178.23087992332466,183.70647849810055,104.73065348342877
70.45967554839032,173.36438748162576,176.96422434267248,103.54408270276411
73.8816864761524,172.19624808911993,171.44185776058583,100.45671646824451
77.21631086803181,168.52297979388248,166.3283951096395,98.20700061731316
81.46552555089595,163.45111421880486,161.26154533375498,96.38778010731217
85.32479298357676,157.9484222322548,156.22880148401836,95.15012208822478
90.8040351295879,153.86437065249544,151.4244004439492,93.96333633172785
96.05902919215899,150.2093521345551,147.0744159809164,93.02621150237414
100.52415576550473,155.50622225865357,143.5387856369593,91.21140191823974
107.7483139720365,160.58026440033763,139.35887132350513,89.68013892393412
111.5685675485055,165.60370582365397,135.42615836002025,87.99348556948895
114.64746373882119,173.37506664052782,131.1669560672795,86.0653574416006
117.5511741821374,179.85515873115605,126.56040187986582,84.40372672714103
122.12059357502628,185.25533205925746,123.08498472494746,83.34868036390696
125.96173544665025,192.0992502887554,119.286123833262,81.66468911975485
132.03001121615947,196.54553855001024,116.2254389934623,80.62361406208893
138.4674111309227,199.83425287311832,112.94051343151398,79.74021617759152
143.6045786323952,204.33491816759351,109.6813761824752,78.2040955495786
150.74963093744537,205.1032327327355,106.82581136729674,77.70799376304463
156.72711662704853,208.15049475412695,103.70714369902794,76.48877489604297
163.74094459397122,209.88661489756694,100.7541337612763,75.32439593728799
172.86640522396647,210.60406568233842,97.34699301886396,74.19430393805753
182.53970320649555,210.47563358264455,93.80734285458705,73.24779899682025
193.292816783724,211.41705538535334,90.63351316106765,72.06170221757458
207.0745472015762,211.7392525070925,87.39741438591011,71.37153160690875
222.7756694192337,211.7031409541021,84.52043850528258,69.99395612890515
243.2577012773438,212.5419417214588,81.59320950585922,68.90470298286364
266.9703664640279,212.34898526133705,78.91739085124105,67.4934357273259
292.8744906753991,212.69747731345427,76.44401181326427,66.26141744340397
322.15345826095006,213.07393779379603,73.92797727692806,65.13306923662668
352.42477375458736,212.95235756613994,70.96984946348154,63.714303422407625
383.8699711838766,214.10459354047057,68.40349024943426,62.52518791905884
414.9501950398155,213.37476433941575,66.0700078695877,61.529371467652894
444.9215821813883,213.95044233761544,64.3480282641765,60.374048186097255
475.73507628589766,212.79612195351342,63.24951295554842,59.76021886152787
499.1595061613908,213.53714090517963,62.505450567843305,59.107908131046976
513.1942615789626,214.8760850513986,61.88964456668424,58.07812164524967
516.9823462638747,215.4018933469252,61.51559311678188,57.822220386227755
514.9056289596562,216.35767592686372,61.39418641662512,57.29571076834287
507.3559289082484,214.85778334867513,61.91930673428443,57.61110871768879
498.93137403908037,214.4159632345713,62.39140231246424,57.4983957964824
490.8149026238188,213.4685286607393,63.044740040448374,57.59924333770107
482.9420458296075,213.33340098473573,63.312060074183464,57.3571390705676
476.80908601436323,213.64750030180025,63.70363583260164,56.86251587589167
469.3776159856557,213.58752873526055,64.50395381970415,56.82250112322891
462.2858467209272,214.1269090174432,65.31186673880966,56.60471773171517
455.4273453781706,214.31104446160424,66.28997782276028,56.48548553968217
448.37144173531186,214.81407378705958,66.8038694590638,56.44109681064644
441.81581278679676,214.79238653030455,67.69819315199246,56.56653309173466
435.71285728036577,215.20310444905957,68.38582413555748,56.71044454426366
429.88209278996857,215.35643608655846,68.97946676381291,56.705233905984656
424.85277790543,215.98530790759264,69.31952963835873,56.87520938012719
420.1220614027007,216.9171730070615,69.8606592990908,56.930195611853534
416.3949508266207,217.48070034105103,70.09094246296956,57.22214729153073
414.00725392211916,218.09980543902375,70.11186544677729,57.40596468347594
410.53112711339884,218.23517606920348,70.64544840992104,57.57992557155399
409.4402058656641,218.2137872370694,70.923848522578,57.89882628269713
413.638330753207,219.35869841585745,71.45847643303915,57.94549074152731
420.44283544086676,219.92077450074981,72.0192058272509,57.883045114711294
429.66757879521407,219.6269006825235,72.66368274160314,58.618955592960816
437.57561371732027,218.91199107432084,72.9489617743439,58.835548491006755
447.2634098236457,219.48814861248894,73.39728313591166,59.15790382482679
456.6846197956257,218.6280093342836,73.7969286216393,59.668709724987465
463.8139457680873,222.17110506052288,73.25446320015354,58.97607296000891
473.64909415106854,219.54163910198028,73.64459123887859,59.52754638100039
480.3697605099736,221.53931111512208,73.72043991755282,59.26242696409177
489.28196930609704,219.82176487126566,74.06667662218098,60.19272819203901
498.38013029966953,220.93659323151473,74.57894228152027,60.47802508482208
504.69185745279776,221.35547329407723,74.72813201823266,60.7302307800096
512.6772263040629,220.94517031855517,74.8328948039836,61.19295709238186
519.3101741124024,221.76513070670669,75.06471036894524,61.40243206803194
526.8122133418613,223.08067966917045,75.23354450768383,61.49218985599503
534.4283308021312,224.87205459262057,75.61074562230004,61.33531281182918
541.1429145685071,225.68678055230058,75.52590792353263,61.49721221082852
549.4403105071216,226.35304231447714,76.08309358536626,61.742081264600415
554.7906843626595,226.96963297566532,76.7153536867904,62.25774027425527
559.566921778921,227.45076023840497,77.45999799489223,62.81419302416661
564.0237312567176,228.001840450479,79.11165613890861,63.65459851798734
566.9710903129752,227.97482878844193,80.92930985256524,64.97980104128024
570.7251571219862,228.35105445560546,82.74499825602766,65.62423081046876
575.8935952818692,228.61448216116017,86.4053753542302,66.80440664935934
579.929468594952,228.58289466875036,90.43659503665835,67.80294540371024
581.3086179554331,232.1335937318181,91.59077190163384,67.98923648655908
583.5281006819598,232.3824349527284,91.57508525717422,68.40995004083224
586.3652575975094,234.83118983359998,91.14994745146562,68.26277597244845
590.0209583169416,236.90130244979048,90.93281481142932,68.10524727327062
593.6228336392137,240.10015198532204,90.40096968446326,67.6860027920512
597.8316979792837,242.74688007116868,89.71880618987004,67.61874290942048
601.124188604529,244.11143745461573,88.92706834758275,67.90284225385449
604.9652443465561,247.2776247943105,88.35655964673143,67.73431645141804
608.7248293769626,250.41470594040868,87.75490057224664,67.58301792875298
612.9837253176132,252.78472267757,86.83879326125795,67.39944197396159
619.5201666833661,256.2646587085719,85.88978137936154,67.29830404281712
623.7441432474814,257.8952314746608,85.49303674722475,67.91987945790495
625.8171161001268,261.74054009437333,85.39274533880901,68.74543653488612
634.9089359162365,264.84812620765763,85.97979662455818,70.20180361495815
639.3751709955408,267.52648968416935,86.25408305774667,71.44456396662223
646.4092973353121,270.0935205322373,86.52552154031329,72.7306682861114
650.7821273342466,274.6980526107217,86.83171090767864,73.79272229320507
657.7577385611467,275.54173332092364,87.1701002702849,74.94035232787931
663.2278130487808,279.41212805963795,87.42370739853209,75.22898179576313
669.8774429828931,282.56490236974895,87.57204884866702,75.61447321460365
675.2811705122383,287.7389378051012,88.02255887786707,76.07395849624285
680.6395323987845,290.58086793372354,88.8669923313374,77.10811581712322
686.4608583354748,295.27642532462033,89.54361536030054,78.30354888689214
691.5348817866309,299.05199273662555,90.42892417087897,79.7177460941317
697.6724763778793,303.57929261596166,91.39448816221021,81.0151665991314
703.8592640266054,308.63437251735206,92.4824912338986,82.10767403267869
708.2903831942162,312.8425066786155,93.6802809748487,83.44399970429245
713.942114937918,316.17727907655734,94.93144395228921,84.94922907833066
718.7912050408121,321.0841164822556,96.09126545548514,86.5700330266998
724.8474311018617,326.06711334254294,97.38256089197958,88.27856933542199
726.7527975825935,329.0706385748544,98.76387504965666,90.27939240595524
734.8446126938895,334.4394770774743,100.07032661417406,91.8713662796217
740.8021739341133,340.04464574493534,101.45488675091408,93.9192381732152
745.3335890664487,344.9421250053466,103.16036703311836,95.91538683012703
748.3347595213123,350.0868548422275,104.53143920932858,98.40983218566213
756.5294865834435,354.47442819572916,105.99727072959732,100.83808513686199
761.0138467270199,360.2875427550432,107.61369448541335,103.52435601823389
766.2594425973213,365.9132932887586,109.0687002545763,106.24767794884997
767.1179867796851,369.8112554760434,110.93999079609856,109.49472232428033
772.2549931121997,376.4537016265976,112.77504795528816,112.72850678098447
782.4882500799854,381.186139352908,114.29596077752916,116.13676975609803
785.6097991531159,388.60394506381516,115.2997193207214,119.01188221123687
790.7961924673754,394.9443637700459,117.03304231134305,122.08556140033784
791.9041016519052,400.1792515281635,118.81710187197075,125.37198095246205
803.0221982373863,406.6414784043835,120.57981006819608,129.06096103791268
806.5039720028468,415.513802368178,121.89558992985326,132.61257775876118
815.027874850445,420.36134244688435,123.70563335575082,136.29652592166104
814.040850227189,428.50846896590554,125.67461668429388,139.0976708328373
824.303371738492,434.9442852215771,127.82840666950038,143.1136115636817
829.3691565818401,440.93511028838526,128.86688092811653,146.65826758240917
828.9079640719415,448.4459108066328,130.26515706119505,150.5640347099765
838.7624445020255,451.3414359836079,132.33506582993343,154.78146824274515
843.3333972916845,456.2721092450433,133.22111435217792,156.60994105581187
848.1965788505915,462.33032627502183,133.9816286757701,159.41233023804224
845.8250275877153,466.43387014392493,134.89117407261625,162.2342341994548
857.4958832277177,469.7405923824848,137.70821523401756,165.7224132574913
860.5165614904732,473.51196758438505,138.71922687256915,167.93961158415954
865.6397013511125,476.3878689780379,139.69609168254064,170.05615596482264
869.0704738250091,477.9181630672006,141.4712044495912,172.32430313805966
872.1465237490314,479.32383276316546,142.94984190623413,174.01125476175505
868.7436333176238,480.44367246450463,144.1429518706118,175.29019108173296
858.1207390327685,478.4197009709906,142.94342794032244,176.1959831898547
843.4611472742267,476.77032064592294,142.1967545238121,176.48906757045884
825.5989734652373,472.90789624145594,142.26601180975973,175.47459753173655
801.3150843853451,467.45382826454176,141.28618254766917,174.62113680587746
778.6738320616197,463.77044763653157,140.09181951933869,173.49632091346032
757.8212946797819,461.90684784118156,140.09914037676424,172.6700537072853
736.8363284441506,459.16393302148816,139.4509087855269,172.85137895214083
721.0684930278084,460.03164032154837,137.42377444243022,173.7608007778017
711.3343132459769,461.8620538948177,135.64896994359313,173.96850390470064
703.7498975322599,461.68515146488704,134.03319443743348,174.52616618643688
701.5159744497779,465.4887349180991,134.54809870786613,175.58330592063777
700.536870664911,467.6301932952978,135.37843762525617,177.3537338928029
699.7643273199938,469.47268551222015,136.6384291002468,179.35930121677066
699.2810814800604,472.84943150632756,138.58319226448856,180.3674669433996
700.9655695070294,476.37098996157636,140.0724315425818,182.16455999383942
700.5569573106557,480.41667282111626,142.03522478298567,184.35963226304094
700.128873630922,482.9207541114268,144.2475322791716,186.6496264207011
700.0997341295677,487.3056718608998,146.9882453639117,189.0599056678488
700.2508497108951,492.79313329951026,149.77952006063177,191.46462146250298
698.7707026647931,497.2662467644394,151.81775604736688,194.14681250139455
699.0075019187351,502.2159550001642,154.57175763713914,197.46681741666384
697.7982396980806,508.12184832685693,157.52165414876066,199.75183252109076
697.857973901661,509.605522189539,159.9815314447248,198.79101555744552
700.7180034490472,514.956529704043,162.45922625620256,197.64741117296882
703.638658190497,518.5899652844712,164.9717375740841,196.2770243871123
708.1376588103187,521.6497268975331,166.60319190084698,194.6027526258323
711.9650619611592,529.329564289753,167.83009946635343,191.4437003999862
705.4739678088622,530.6168147683768,169.0945753686036,189.0159279583636
699.2941864052673,533.1512851292516,169.5094970625123,186.8795433889577
687.3714545745655,534.3425045178358,169.4987595520408,185.89792248288308
672.4492984647239,536.9830096207913,169.03807909594275,184.7214044644719
650.4198538835134,535.0975811216013,169.17606982086394,183.80177074019582
624.8001791271884,532.9425402062573,168.8638446264827,184.2368525708839
589.4178081945236,531.3842403743515,166.9531714527497,185.70690682453915
555.6334974017554,525.2423340125688,165.14703717891095,187.36474298560452
526.7166920768284,528.5208639957389,163.88274743814011,188.35535147629568
493.89019104769295,519.1744468773865,162.8527050628172,192.04476774425052
471.5634407132643,514.8836340517822,163.82645719651822,194.6884661493653
448.3328402014557,511.4267466452125,164.6722407396667,197.5301584429734
429.5584166892702,508.17447395242175,164.60072643591275,200.59659347699247
416.865918826976,507.15988529235017,163.22717723862615,202.10971855104182
408.7243774925119,500.6469730913309,161.86267689974184,202.69712742573665
395.0006900192892,495.5342450143719,161.17809383837468,202.22177791559216
399.5673925428837,490.02643330737715,162.04725226774823,202.27365621239412
396.98193681828116,487.3164474319145,161.30953334585962,201.38137210394433
395.55515760600576,483.3220719904763,161.57337009072288,199.73706634619583
393.82287889992347,483.1410968180323,161.36721217085613,197.15291073405263
391.05939201904454,480.77331952912647,161.03310194823902,192.91959324155172
389.34963151144905,476.8905045301794,161.29344327593006,190.29746689178967
390.8318556478291,474.7604859521842,162.13441492504495,187.6300748485613
391.6377840482779,472.60414286138837,162.501256854616,185.49372538562164
399.38169458924426,469.59149672209173,162.15515940549585,182.64371248843366
408.59419957523454,468.4579356928758,162.02812306632777,180.04321980077185
420.01019449550313,464.40393229843073,161.72201213204062,177.22855813263067
433.0545635373779,462.35904661927776,160.98361584516613,173.42953554562416
443.6649865334216,459.5720387634392,160.21534553667243,170.06379295652
455.7450016688158,460.0686012075214,158.5462210276027,165.9301651386682
463.0233246937099,454.98907018609475,158.44648415750203,162.8960509119902
470.4851460515108,451.35182288716715,157.77827357080656,160.39045517781415
475.499422645036,447.74195768751724,156.97213249313103,158.7310962216452
478.7683451824656,442.4013362151006,157.88515411749063,158.0837869203847
475.93538496316705,440.37345413079976,157.78062777874396,156.08602325695517
473.7833706226971,437.8409362994788,157.71124337374647,154.29162288444087
469.37370216009526,436.01188920086986,157.82306076770013,152.35047391759628
467.44155743828077,433.09246350331057,157.4601163246103,150.624444941621
463.30979625429234,434.02426392229336,157.30078713008717,147.97660338099917
460.87871022410434,429.26543370121954,158.0773268662445,147.69915884267806
455.1846377402392,429.0301588699617,158.09797915819345,145.1294253020688
449.783981106144,428.5910033503853,157.6661991646651,142.85679639981538
445.8557722293938,425.8765058622907,156.71274142988435,141.50661657131707
445.7916368041354,423.7982687446987,155.68604401868234,140.20697508384478
447.3317967641105,422.8325797380931,155.3089711690446,138.69712995252473
