648.0,382.0,19,81
645.5373929227189,380.8749466007528,20.180127484640344,79.34083555826001
644.9407831189671,380.93426526054805,21.261286545268753,79.02741979628675
643.0144571473024,381.88652246422026,22.351060070629572,78.47094310866883
643.1082087287808,380.6566234557327,22.810071800250913,78.64204483658149
642.5443964980926,382.18688759777734,23.165113253814745,79.10731916479686
644.2326375584112,379.3827860291141,23.123317412474577,79.25705672595151
643.6051181009694,380.29600730043046,23.36663757735797,77.60340471066255
643.091515416171,381.0180125157756,23.533705007501872,77.0450449147379
642.8693454221248,380.77452851440535,23.615877637195744,77.12358091064246
641.4305527589155,381.91278356997543,23.801171703848777,77.8459416491117
640.1318085091146,381.12004753141997,23.573281785481623,78.42274673403503
639.390935631506,381.1167322727627,23.29959541179269,78.46894329138863
636.8586692629957,380.51671715228576,23.223213231821184,77.63480910363155
634.7071746807843,379.8130849178574,23.355395511478214,77.46530660471487
633.2511748083219,382.4154920095448,23.83461022222334,77.15560350532448
631.4950865023538,382.08277264720573,24.18806491033128,77.46162145363536
632.5837818689829,382.8559428260055,24.03192967023726,77.89793185287182
633.7718973447886,381.6795808660131,23.60564989050094,77.83903467910656
636.5583177814068,381.71680816961555,23.47397112663943,76.7281420836205
637.3018083529392,383.03069438934875,23.836507805840316,76.32275123595092
640.5874852985316,383.6890565719721,24.22004893418681,77.19354212949322
640.0746079725833,384.1562148514479,24.56007360561463,77.85535594163548
641.4307103823323,383.797113419382,24.754729137679014,78.66501998740785
643.5194367571793,382.9801143455741,24.74213234501645,79.03285907740643
645.3058191732657,381.8201983433264,24.912195881984093,78.09139957799565
646.7183130953538,382.06654497770984,25.14433694405799,78.21116358461938
648.9950150684447,382.84284173631795,25.642446669751326,78.74693371486407
652.8093375695612,382.66174151859207,26.367073151893152,79.09222741203459
657.2343334810763,381.6232145183639,26.42410952710509,79.56611673963936
660.6573101799888,381.0250311044648,26.302796021858313,78.51883122368756
664.2649866852972,381.0003350359832,26.061075823741497,77.50583017217417
666.5353486064172,383.66214371274503,25.444897269587543,77.19574736454899
669.2337573201559,383.1691486447762,25.712661140938195,77.9209495366195
670.4604377424884,381.16836939559664,26.086311404671807,78.92670420197075
671.4860812461365,381.98694756856474,26.077611677649003,78.98528760212828
670.9339511130783,381.75785519959544,25.84527831583566,78.80815739866065
673.6443409707767,381.51403229368145,25.314894718602723,79.09569945072306
672.3002545059223,381.02085256321624,25.13230959167092,79.57227802786441
672.9930871936676,382.4991272334322,24.973572927117807,79.85980827727624
671.6623581727606,381.50862238070863,25.105718835142845,79.32462840752811
672.007262603488,381.3406371630339,24.93498346001608,79.28408822276037
673.2601529807222,381.0813075140851,24.92322126023522,78.89149263784549
672.1908287884241,380.43964758920436,25.264903092097097,77.83896654034129
671.4926990246063,381.1260639769059,25.310042624615562,77.86982028837564
670.6371930297565,381.2116490422822,25.532925952205662,79.15900782363875
669.4129896059669,381.6761893007497,25.86657144724593,81.00246453814901
667.3147560693081,381.5474922985988,26.437412910211805,82.09059279538053
666.052143073583,379.35818265408307,26.483650254201105,83.35733464300569
663.4432332800716,375.8201568256175,25.71549266837235,81.6973023155618
661.7144537898993,375.6330770304589,25.429323011021882,81.40100597326189
658.3421130205415,376.0017358570318,25.36252688860444,82.46166195292864
654.9533893223328,376.7970300322363,25.42957084263908,83.91155516990241
651.9608995599746,375.47740229848495,25.54618794059775,83.96302682392859
649.5970020272001,374.67582443980984,25.59748459306062,83.26288359108347
645.9654734658943,374.23970704078886,25.545829191258335,81.45211973189883
642.575301243409,375.27307817992016,25.68477043798682,81.27404932863618
639.6760210913377,375.7853860125489,25.86032964349652,81.15708747197259
635.3735721867328,377.13566095245466,25.974184361886,82.3216193792704
632.1249114695495,376.23159809005017,25.964257871447852,82.98533592439179
628.2659178128571,374.4915984113727,25.776636053973263,83.63476887549676
624.5483659254543,373.84841011822306,25.63100557584924,82.92349531531165
620.2688112913246,372.8765507692997,25.784826147819494,82.45603542429126
617.3859924141387,373.4710547489961,26.055270420745906,82.17500170806247
613.8214740926061,375.4955803756059,26.064601863616055,82.55794203199127
610.4722122740017,375.8055346101256,25.8982420779732,83.2683405697878
606.8529197392123,375.20610537803276,25.594529784270623,82.96777886795788
604.2656630501519,375.34968187022446,25.085052683875876,80.04404446267606
600.1837527420844,377.4608635182262,24.87501770919055,78.20096888639921
595.936301641774,378.6314251358571,24.823411120748894,77.06297065113732
590.5664610052889,382.1066466252575,25.12446324332837,75.8591249623756
583.6497172177586,384.9207544448595,26.0533029912405,74.98498341985132
576.1355265711659,387.14498096833637,27.059253864504242,73.1298836443819
569.6398594829944,390.79380539228816,28.56461086799542,68.1930288638612
563.1095260470767,395.4161558896759,29.26114199764364,63.93488487592168
562.3186144389514,401.56484643569047,32.31620129787847,59.95476452607995
555.1676157043263,407.3839426589527,35.335697546425536,56.80610455025867
549.2327163039806,413.4799883724679,37.04057935492942,54.38461248846262
542.1981362511947,415.9190515924788,37.58872810796228,53.724930872659584
540.4096722060729,417.41444165360855,35.27126227730739,53.731709344150076
536.352195290133,418.96837513038616,33.60345548906999,53.999849470672956
533.3863717614223,421.03918147905756,31.81996887949922,54.65169380458023
528.4460170805191,423.2617907659279,30.285761249118014,55.0256433216598
522.5042616498262,424.07461291330196,28.40004603628517,55.25322473491954
519.6156071455608,425.64337593105273,26.44725250575327,54.66150558418358
515.922690419274,428.74609587490636,24.52156252082713,53.367213767765406
512.2134261309801,430.51241922460855,22.525570833742965,52.8627347929704
509.5477237363116,433.13658227443557,21.080211707064358,51.96687146187106
507.47434657836396,436.23238149944405,20.075202106943916,51.541615174940084
506.3667209573621,438.6141889872328,19.615343485666507,50.36882051186248
507.39646278322414,442.21375056969964,19.170560151325112,50.42081123853036
509.0715601354624,444.5942255715632,18.66773177985646,50.594782499451725
510.9403246529054,446.81125357037524,18.283626817236065,50.49136920202301
513.2207392959685,448.29293190696956,18.17891325376594,50.37095381301404
515.4997313081194,450.56729000756576,18.199130523409615,50.545946718266954
516.758195932909,451.505507217764,17.993358500393015,50.510378386737656
518.9643096806158,452.856408463702,17.87402346103402,50.377286222010056
521.433908671325,453.95032297917726,17.94814640246734,50.35211588246575
523.0908204806798,455.5907522901343,18.01667752008579,50.467146542778295
525.0404866605477,456.4252967321553,18.088933295115456,50.667930705611326
526.8050747386669,456.9107394835483,18.061206723838083,50.546563025090926
527.9000406208778,458.3221557744092,18.122175227970963,50.42583310450186
530.080560653002,458.2687479310158,18.05720144790245,50.458796252226136
531.8903699747898,459.5722349929546,18.141165567998513,50.69487022405181
533.5601677127282,458.77750560298864,18.164546166340468,51.02616555183516
534.9324043505167,458.82463136358393,18.08761439466975,50.982496916386836
537.2759109486794,458.7561430088947,17.972927858500384,51.371106316194926
537.1697501825223,458.5639515795964,18.218284669135016,51.24630338377601
539.4919309573019,458.2640160330448,18.30123330024014,51.30416703059004
541.0270003820764,457.89388698524357,18.410553068855002,51.526328202364425
544.1388579966988,457.3604807916092,18.508889841563352,51.172745692172306
546.5626667227701,457.6426736260105,18.413530690201988,50.45520755754935
548.5144667577431,457.472930042849,18.548001298966973,49.856294455317624
551.8153995411128,458.1449443405028,19.146544667774272,48.6437355865726
554.1316013276107,459.71540968742903,19.960948956106566,47.849469321430995
555.4986708865289,460.87792495408513,21.488299706434347,48.31183808011096
553.7605965529191,460.9215279119304,23.338609140255627,48.20204915660794
552.6381779640761,460.9987642888834,24.732417875558596,48.181609605826885
549.8015669078326,460.0762697512567,26.24472079859274,48.15149186955694
549.7044251017048,459.74098184613763,27.041604508504484,48.54978984776375
542.8037083947264,457.9567105052544,30.057149250586136,48.82296814964739
544.3907132003999,455.1916697929551,31.54662230525482,49.43239527737107
546.1194093862441,451.6211808329112,32.198925368136734,50.81737649335727
548.0291331212358,446.8514706888039,31.86481420186451,53.88276724055629
550.9793658761088,442.1812817302145,31.637871641337057,57.18493714992262
549.030070153594,437.7909601447888,30.795481030702682,62.350086546359854
550.8155461161523,432.7971109433088,29.422160941523472,67.07701224424177
552.3480412808856,427.2163010461935,27.42668965502564,71.82667525136293
554.0374933216253,422.72228757920897,25.662760549132226,75.15445438259772
555.7158746305281,419.0969758314853,24.431852423513988,77.7869290743341
554.7400582569488,415.09218486905104,23.595902773211797,78.30606300115574
551.3446115009465,412.7967160796559,23.459931661193025,77.95351913463352
545.9876271245796,409.8879742160555,23.71622829478607,77.42484197316244
541.2836419260274,411.0845891668904,24.23049141649998,77.30948987910979
534.8833203707659,408.60405875719437,24.40718738346831,77.51514908717377
528.6549217022528,408.18938587833094,24.908494608189812,78.147809053885
522.9319329540034,406.1373454492375,25.166621152539975,78.67135402339996
517.0091729723434,405.5772911079206,25.13567627210992,79.6944625839635
511.77019663950585,403.8904763918774,25.01049478251176,80.70601621038578
507.905130148849,403.47873417984357,25.202770708161374,81.60980764128945
506.61897681590176,402.1296669118543,25.212226421907456,82.7437789692601
506.8091186039621,398.40637149974384,25.139941503013368,83.6626750913326
508.81395740802594,395.70335909369385,25.252303689807512,84.10330683702637
511.8679701488694,392.36343581917754,25.201010385854925,83.74924835676212
513.1354705716278,389.17410723726454,24.846536273736618,82.17694726863502
515.3436045581609,389.36726504217904,24.693924916881297,81.72874201036842
517.7587999637492,387.59297505710015,24.51915849535326,81.47701375298715
520.157516617056,385.9345015167425,24.078628264911515,81.46661403194472
521.6836075145638,382.8923971553329,23.815234311692628,80.65151550378738
523.9691315429407,381.5493523369367,23.73028549810298,79.62071671284538
527.6480964362952,380.5760014499417,23.95106054537838,78.6873983452338
530.1405312778315,380.9104358455628,24.05054144824321,78.4660240608275
531.522112569416,379.78211023129256,24.472696858238457,78.77499767706337
532.9871019237538,379.3565367225875,25.000558115383065,79.56135587611396
534.670672571378,378.8562892573872,25.21190803107222,80.61199118737412
536.4561297384963,376.1364805546639,25.249437910702664,80.99785187895345
538.229084374477,374.3372368865396,25.46407246198342,81.06269358531928
541.4691549297729,373.39508332073103,25.530791092602563,80.2987463224051
542.9408210638185,373.065670854746,25.564051842089636,79.85339950144558
546.3466812366423,373.8180846888934,25.86901545640277,79.83784490443978
548.044035327491,373.73964275974487,25.674227929002516,79.49837561332274
551.6684126847579,374.5388354425606,25.515286446890606,79.05868165394136
555.1866888243802,371.50885053966715,25.049199255536376,77.36430270484533
559.1427276910298,372.74813428879344,25.183065736104574,76.68816440581156
561.2240402238305,375.1487677046829,24.976693722261004,76.47108031329044
564.1231632540816,375.5790391608392,25.059001860977233,77.0894039781262
564.9668898445265,376.86788165793996,25.556347874423736,78.4882814839248
567.0275000690282,377.22258556747545,25.612983870732737,79.74913428497098
569.4549945173534,376.71549571233504,25.21696409029316,79.99231790150176
570.2848776508241,374.8873479179164,25.449470772570518,78.90738729405008
573.9733931102488,375.1982277970934,25.23476285176791,78.71296518218034
575.4330742842363,374.0130545155485,25.12216319910547,78.5891863790592
579.2714061722145,375.69461877795754,25.102451327446,78.92520031029584
581.2415860700035,376.4570962053213,24.882397928352443,79.39255502588084
583.6000007380069,375.6443652911667,24.536708118712827,79.31882862176819
587.824529777309,376.5565253755482,24.461780289132083,79.21434182702865
589.9467981587338,375.6082352844476,24.573704097571433,78.1606656615736
591.2998199214768,377.7779679984273,24.855163623843172,77.69235501877041
594.6704134396263,377.40521547638656,25.058983911763157,78.12046199156285
595.3397871146013,379.8801459220724,25.16670872978175,78.27343007968332
597.1959626608061,379.95695831603473,25.417095674481423,79.50092406617277
598.0340791403397,379.8526630228866,25.569064009359693,80.84171680090655
599.6419860202749,378.30550738683536,25.7313020073017,81.59165246265745
600.4788282820967,377.6465161890739,25.65827971510349,80.7108738718522
602.557398511137,376.85576738563424,25.426722142765122,79.4861733586143
603.8578730959399,377.41253532729604,24.839078637221675,80.62098952607197
606.0308988162765,380.2190936808591,24.97395371022037,83.34245228671934
606.2033609268625,378.96275378786777,25.82812616873604,87.84094139887382
609.4410245852777,376.5215289292473,27.157394799171158,90.10272461220853
608.8880966577487,380.95769932386264,29.03450614739317,97.00374502903252
610.3587461517023,376.1681428897586,30.718405523743726,99.46193199392033
616.9838279359825,369.5160529415118,29.94233253135529,93.73768476639046
621.747513314313,371.65627298435925,28.346831281530243,89.16867046194561
625.4918493565899,373.0806743740064,27.23639406025761,85.24258191604974
627.4013762779603,374.8772761801481,26.518643318102953,82.69787073540692
630.7696351638853,374.98899537031247,25.531484677112267,81.17839658847659
634.1338046982679,373.9836829207723,24.888152322214083,79.65876330884598
637.7353178319323,373.13408697328623,24.32675813496351,78.37380908565405
641.4311744354522,372.49118262729087,24.16584937128291,77.26688706475423
644.3861480302681,371.97747442456915,24.495877157237196,75.90166431004143
648.9462024812927,372.5228811813412,24.309880804015965,74.60240047911454
653.4878305879546,371.5505984977139,23.874268633661195,73.4714958756659
656.565751045793,372.749705644667,24.145582258999845,73.24404269015812
660.8347164022009,372.4143146802542,24.09611590165292,73.18929971663997
664.529761488578,371.75720986512226,24.1682602259691,73.96612531370077
666.3227447547436,372.23389414112296,24.270373527622212,75.19613688865257
669.4707947949723,372.50864929570196,24.239623788961623,76.1201678392601
672.151290252684,371.56187018498736,24.21493658447569,77.51990587025963
675.1931294399716,368.7842230615943,23.78268643255683,78.09763053696774
678.2326268184989,368.498443064319,23.284013941127146,77.67819321706506
681.1984978068732,368.6731798963183,23.140434195823936,77.56816047103527
685.2158585257213,368.1963906002211,23.779067860666864,77.23615556713588
688.0498774218984,367.66522065210575,23.6424173974143,75.98303525828847
692.8357380725554,367.9340197390922,23.510378102936123,75.43835700619056
695.1633360598846,367.8795041018061,23.845187621441635,75.49682065380962
698.887254720958,368.1655448765011,24.13300703757622,75.27259371867747
703.2260836963236,370.3178034604537,24.146984218680835,76.7931040165926
705.6540270375081,370.7403744518305,24.439184084163486,77.95400451430767
708.8979835132618,369.7543146848419,24.577476576992012,79.0449594975037
710.5536663219417,367.5461062857522,24.555310788733703,79.40377436697209
714.4068757064448,366.85578541827323,24.07450847480583,78.37964620446914
717.5601886369193,365.20133311496147,23.471419601161422,77.71679482964731
721.1231069869013,367.4299760745897,23.023729263501966,77.24962121507839
723.4007121584546,366.70815126527157,22.89437646434081,76.92560115598033
727.9640663108794,368.4197049776883,23.246504219061563,76.25618635809998
732.0042102920188,368.255376262294,23.043352487251514,75.44292179181824
735.5863730430743,367.81152071985974,22.883879280062317,74.8835045807883
737.4521362000021,367.93797169259454,23.349511779683418,74.90014914410781
742.6966858517058,370.0576470386419,23.64073169014317,75.92146434556774
745.7269022034316,370.2373687927051,24.096335973996176,77.27494198001943
748.6951849450048,371.5806539312509,24.45084715100592,78.14496655156074
752.2135044169632,370.2852749220324,24.15433577056568,78.12171089812274
754.685758531355,369.51071971640204,24.05197536893067,78.43630898028184
758.2691217517325,368.1026868882371,23.872187404738007,78.35984228797894
761.2992801814247,368.03944342329453,23.657207459416178,78.3004771670828
761.5946857955488,368.64781208866935,23.62564610909768,78.310271818755
758.9660144928912,366.640343045089,23.86840131206924,77.97206049185321
750.6905624021098,367.20956207137914,23.769738843241488,77.11435364044482
737.7273564107014,366.72286797992837,23.853423164925225,76.3747901631901
723.3596609898477,364.44173826508427,23.781669841593622,76.107856477644
704.5064920330376,365.1979162687412,24.29486200326066,76.16683530919732
689.3445971934098,364.11441091198225,24.530562693258688,76.72654621802765
672.4903550646804,365.3501052626521,25.218127150912444,77.96170048543793
659.6848748095849,364.73584094707877,25.278947280244232,79.1326729642409
652.9361822929399,362.06814380644255,25.367488319393804,79.58736045840392
651.8575267511243,360.7387234705637,24.452030237985753,78.64788875223203
655.2193150303224,359.643691992818,23.751616521386538,78.33062748897342
659.3799641472186,359.3108471364266,23.52545683739869,78.32790594687333
662.8437941734925,361.8128057090149,23.83793960711655,78.19651687786862
666.3767705340896,362.0611312579389,24.647322579281834,78.6539826013097
669.5300589599412,360.76544381572467,25.41697863773466,78.16675946327727
675.0077387135759,360.2215705594498,25.413721791598192,77.55943761645197
680.9232383311743,360.3978202498393,24.838383567143616,77.27470251789953
687.408777413569,361.274252688432,24.599834088877436,78.45131151766722
691.3763147518115,361.90958325133386,24.88978077469737,79.3043228772151
695.7755613809412,360.43025962581453,25.422708414875363,80.21231094856631
700.312851712621,360.3164725965163,25.582395939992537,80.7350357639987
705.898539595427,356.8975093168512,24.970712557192925,79.66579679598507
711.6465716084999,356.05582151639686,24.26618295487525,78.79352359318281
716.6250677172103,356.39042703996915,24.156373964993428,78.53227153041327
721.4571827467026,356.35060428922804,24.64567784155568,78.63330985416107
725.2715814639523,355.65471170768416,24.852161779126558,78.51836589127231
727.3531339433498,354.0546370203227,24.26548809474576,77.21293054919843
726.1525896864434,354.4535647290436,24.122432931800663,76.3991296971863
720.8398971010486,353.39518106825244,24.64521800493414,75.82995341525296
716.2117907837351,353.28144814272514,25.08326962881881,76.49212690790907
710.3703240187181,352.9713726641167,25.699827426431042,77.54863345594633
703.363590167865,350.33319701982305,25.805656578332393,78.34608764980699
693.2413482337632,347.4249865293157,25.658767765872028,78.79825081832178
683.1686931753611,345.61239325244475,25.219300050644925,79.26405932030579
674.0040602229537,341.9688731625559,24.859097571670635,78.51534815731013
663.2561294649648,340.09831012024284,24.54569395092963,77.80325768920184
653.1821792237502,340.06911613604785,24.552404858163765,78.21885390954489
645.3318014683051,338.0993503121336,24.45572079385852,78.10514764233434
639.1808417272848,335.65181287331643,24.498668107930257,77.0854123393046
633.2753156128546,334.1061284299342,24.679715453978375,76.61322836962383
627.2759990613235,334.4780544033267,25.167209641024776,75.95592427440118
623.4859954998963,333.95495770925413,25.52465206661363,76.69581273090584
617.690862043848,333.2135540097308,26.07961014081948,77.69390943659309
613.5885023206581,330.5260559448651,26.416455441691532,78.82883903800419
608.5252104425641,329.5559172994654,26.392862195926362,79.28185741767075
605.6168850374237,326.1387891926027,25.896295843121298,79.07505223002894
600.3912845650609,324.74904127081646,25.257881919682962,78.16948947985148
596.2559721202502,325.22337855139085,24.67071872336677,77.14783213061678
594.2241036553755,326.3125271701841,24.166386195108295,77.3641729545536
589.3208304593704,324.9192371625035,23.998536835165332,76.97649759882113
586.5983557401381,324.72703375223824,23.717473090036247,76.48515673868758
583.4990720890698,322.48392547226945,24.051248522055527,76.18533203885949
578.0342129028168,322.6656354545912,24.128992407257176,75.27273299706759
575.0885437996812,323.67497498433346,24.130560105715656,75.10172544637214
572.1778766953645,325.326831016719,24.534001858294417,75.51001899683546
569.8138396427568,324.9320560023349,24.915731969369254,76.25490655001771
567.2878564487226,325.381854361655,25.5374462822424,77.09946571516659
566.6187494317281,323.0579623754103,25.73962821173901,77.40618523453095
569.8113484255488,321.1864664394674,25.876997973121153,76.98372605661217
574.4672951241962,321.18744562281864,25.720698447896705,76.5351887104174
578.6614382183552,322.42916212014813,26.200271146297446,76.81252842083657
583.3552224589325,322.96730218517087,26.63628054600221,77.14135388161145
589.2024078940723,322.3734788756782,27.43832386029287,76.09668543712021
593.6178707974528,323.38814290455554,27.961936017398948,76.09749348776396
598.5519005473051,323.2059878004774,27.75668779699149,75.75022532677967
603.850566489216,322.9656083482499,27.52224043465391,76.31852390408616
607.876642897902,324.2475241926347,27.633555024508496,77.34201826512111
610.495410096359,325.1983787512379,27.493356443024233,78.77841339596169
613.7608647168778,324.1678591499079,27.296584164877146,79.61182198338734
615.1829087581805,323.1537034568281,26.851666004146836,79.59197663126565
618.7404353517394,321.16220741333007,26.664225121716438,78.58763351318362
622.9728808686525,322.1785608473882,26.573296490234036,77.8516643159657
626.8979963813011,322.8152314010631,26.361203282319693,77.53285201720969
631.5574867642054,323.16198625230254,26.278718488190975,77.44537563992613
636.6918942459266,324.135006941328,26.009049032560817,77.19655411050805
640.8399719454437,323.4189737778937,25.645220904034538,77.00021772741573
647.3580891174975,323.7399948824422,25.035286608755044,76.31976914624843
653.1320906925474,325.174204087726,24.57044385904571,76.6917834749386
658.0123624342572,325.58949634033723,24.346933456681015,77.30785424315368
662.609500779524,326.9155141269612,24.441795560092622,78.07352802049161
667.6012765968194,327.8535022479655,24.459083158900373,78.79529958121753
672.7966130738156,327.00125074549175,24.059560107251546,78.76199435862593
679.0489528784523,325.7596930140675,23.399835942314294,77.53748347870092
684.5987143342123,326.65343213801737,22.92256644876273,76.63344334115283
689.2289298049044,328.1853532287402,23.218409921441108,76.66368685306648
694.7200392761379,328.2927910997127,23.881744567841423,76.87079292264494
701.7137892678677,329.1236258895158,24.131701859772306,76.0766770539763
707.9573478971338,329.1134677954533,24.371925299482534,75.49361494620278
712.5201713186398,329.69032215524976,24.838823012134448,75.19851828715673
718.9021604410015,331.67423707626904,24.797256876786115,75.31342159941507
724.3433838992869,333.52989780659664,25.07368447193393,75.99232841024428
729.2317611342506,334.419662917584,25.395608590873664,77.01274020487112
734.9444611759657,335.1544557183966,25.681756359006158,77.79684723019898
740.4502605575732,332.61634460300337,25.118109866298887,77.57439392387606
746.0213003758828,332.264908133192,24.94961726581259,76.92924440256127
752.5079541739219,332.88165714241916,24.695807350398304,76.64385124250545
758.5233137346785,333.6959490578224,25.015842013064802,76.82198433064427
763.9419063192008,335.1172855444195,25.352134016871688,76.86604536623922
769.4729394752853,334.52742966172417,25.350126298452683,76.75953276639541
776.2925766093738,334.8174698207986,25.7032073769556,76.09343865430128
780.9838174377155,335.1169320894446,26.161378186092406,75.57472957111081
783.2640483707764,336.9236088957831,26.22715228188457,75.54598594378531
781.5846492831089,337.23351058468563,26.39271315253227,75.88762360601936
777.8172196358826,337.85845235582576,26.780874448938008,76.63397114284062
770.7350415410006,335.6809329433687,27.202524339873783,77.49840938181731
762.3226293785823,333.62785930788874,27.417393830726006,77.66408118891
750.6087534758033,331.4781723098572,27.10193579741681,77.12611387637939
735.8996200661875,328.5533341631956,26.447128275828057,76.67703833864793
721.6872552674372,326.7375338206522,25.739777795203636,75.79344126982852
706.2040650328285,326.68374839145685,25.065212829850843,75.29690141044566
694.2921952512935,326.62392404519375,24.525167602881687,75.50665325238597
683.7374947718068,324.75793743014964,23.96733223373001,74.987115862357
675.7429297829686,324.15295874377,24.107631034648747,75.18178392847564
669.3960922108114,321.7868471599942,24.367346218025695,75.16393080208192
663.8148385153129,322.5103346588041,24.465369966444545,75.06143822633716
657.9064062802394,322.6264394688982,24.73638177545878,75.6729786061489
653.3559051292029,322.7697164788474,25.06882939003151,76.01427797980529
648.5127048540672,322.36371095801087,25.40822981823274,77.01597102831425
644.3845659637497,320.61063862725035,25.507387847891394,77.43980978163215
640.1131980601854,318.2135047759791,25.560118161855748,77.2051010437449
636.735406439158,316.55756160337296,25.26507274180109,76.84824044071503
632.0928103533232,315.60198802163734,24.552034933001988,75.51039468426436
627.9365035960391,316.7165196571587,23.96080933624227,74.87100731654196
623.3308270689053,316.201704405918,23.745602942267688,74.46164245769529
618.3027248524448,316.4255365416978,23.77507397675096,73.9353038697294
612.2130200630005,315.3683733561129,24.160309361303582,74.00273998211009
607.203920488815,316.88383212637393,24.47428487686217,73.42299431658807
602.6400376494015,316.5209029083614,24.678069842798557,73.64548056023031
598.2980273245624,317.5875975257995,24.513350868453212,73.55683009488538
592.1319371117559,318.67412268245846,24.549617597777356,74.30972887824711
587.0136398702592,318.5694747600137,24.382128828817525,75.03460394676947
579.856168511576,317.4397568016773,24.046528333293182,75.78360285172354
573.6395737829088,316.73001082043356,23.778729021096474,76.15188631811722
566.5977419428453,316.4790129417881,23.671627320364053,75.74093346700977
560.2934387316665,316.5360576122379,23.526800515182664,75.03548975599286
555.9916065965253,316.9816097245739,23.089739077457185,75.15602798737561
554.7054503752934,318.5260095725607,22.838443121483618,75.03820607460514
556.5360683766559,318.77394936215563,22.54329598594604,75.63734297490745
559.7815543391365,317.98717495226475,22.421586756297238,76.01727302027521
565.0439776899601,318.9566125647826,22.802883243126594,75.95367245344262
571.7100039227355,319.0976022540513,23.10455880491965,75.64351009150678
577.9636188535691,320.33307328708366,23.542900842666587,75.90881985649678
585.0144537044619,320.4737829396672,23.94538153150591,76.88416019488433
589.8113080508988,322.07235668611094,24.135196398202442,77.55764868832503
592.3606353919157,321.0235445080851,23.885845915387275,78.57438620355643
590.3279573350045,319.2052211527868,23.523589724522235,78.61970906161393
584.2400751076743,318.39883053719063,23.411603935041896,78.32001470686872
577.0995018148529,318.50320560433295,23.445893831231576,77.0810521702404
568.2870393881436,319.86720620071173,23.678622029376847,76.67449262787335
560.230578985911,321.66863292143057,24.17011339048269,76.91374123721702
553.9386086342057,322.31551895384064,24.244898820455823,77.18144683352962
549.2713773488528,321.92582478392717,24.008072328661672,77.09929342530977
549.401338631313,322.90210225997834,23.86091221491312,76.77616352203555
550.6618403898792,322.71472945876434,24.05502710598367,76.70237701997132
553.4791901125898,324.06244933205784,24.349923607828323,76.69028688275931
556.2383520892308,325.99357722879034,24.65890067993677,77.06013252972403
561.2344874879557,326.8534026706609,25.14169702115903,78.28477180711566
565.8823070336875,327.3461694503928,24.82564166992953,79.40617184140199
569.1971895348574,325.28686324823144,24.24856526622257,79.86830536388865
573.2292906079292,324.92088913920514,23.55295442867277,79.63846158975373
574.03317630168,324.5771500136843,22.943397762851042,78.1103178925533
574.5047900127819,326.2649082588514,22.449465384592486,75.92626868737534
574.2234164889211,328.3694754420463,21.97412649481407,73.97538932586842
573.8658760492553,330.392247037183,21.671827613403323,72.58395990512616
570.9614066637308,329.8937896092565,21.84963235124938,72.53171094261985
567.6862958890687,332.4542451915638,22.627682880065763,74.19453696062236
562.4190104209388,332.7510088054858,23.6418528153489,76.3369411292628
558.1300734695144,334.06910550806793,24.918640292416608,78.19613956980162
552.3756350440566,335.55226615772267,26.05089971169145,79.51895706443753
547.1932835443768,333.91480792092847,26.026366260855838,78.14674829388528
542.9441609794686,333.39122861747825,25.20306292875818,75.37684452285596
537.0213539162996,334.73110670870324,24.409150687908475,74.51486788142162
532.2475658835538,336.1269301787123,23.884323799298805,74.13859569726291
527.1915244524286,337.55596607263845,23.438667403736602,73.90369285472305
521.8034053069637,338.3139198379438,23.20013518685395,73.29626310731561
517.3803255258051,340.47378113676814,23.296447337061572,72.56757444521372
512.807616214807,341.3172108371414,24.280214347729817,73.56961885306097
508.01884253277325,342.1594354490501,25.768970818242593,74.42165339389203
502.988303246388,342.73048185942105,27.03019892714593,74.94582033877512
494.77911331451276,343.22538020862305,27.961670831911945,76.00729317162113
487.9200738254537,343.3791242294651,28.242616020967645,75.32761274712453
479.61896747140355,343.9890634150933,28.346415643130424,74.67728393641495
471.23755883505527,346.5267629792643,28.290522588678538,74.65210148287764
463.9014972049372,347.52328072793,28.07708676688347,75.81639935956973
457.48725872935745,348.312922020515,28.166489011011606,76.30834480174346
454.07808941871923,349.3939084972517,28.66207372603814,77.84119606702004
452.0797902059064,348.95909176713144,29.045284090140264,78.89829900968249
452.5868489350723,348.96321572312513,28.93425806247261,78.51024457914042
456.2487116294565,347.3735343054886,28.36994734655571,76.46478441636654
461.38856454813043,347.8505616900758,27.56611736370007,76.70517239621559
464.13057977760855,347.4748393325411,26.85543285200943,76.59635710151943
468.30081115700835,347.5295351895948,26.75029113813171,76.89709111983385
471.0286070075182,348.11749719471027,26.834433323830794,78.40845348655608
474.71062768984314,346.1528510094929,27.337976187696565,77.41965503667826
479.05741294550404,345.2261756238103,27.7952693238357,76.52070173089503
484.27757872249947,345.5388830960506,27.96615908332135,77.49398063407067
488.63266238102455,343.59279009583724,28.253626653966506,79.18168360227081
494.5357234604041,342.1448298791667,28.665277932707404,81.9294869701822
500.4452022853954,338.641944269806,28.71395028760763,81.13380555218487
506.3432271188176,340.60164643085363,28.520668565099147,80.04113768028495
511.605867299984,339.0874043297716,27.526943378547593,79.40404876233181
518.4519691438121,338.93568102398905,26.689247137180534,81.15560023229534
525.3932428784456,334.4462589297176,25.44653121088225,79.1233817987679
530.7797169195929,333.9283119849887,24.972563841478287,79.5566145554132
535.6881932183126,331.71616020323194,24.35879727919527,78.46001357791117
541.0894021792146,332.5702707073543,23.392774621062923,76.68842281868984
538.5349909725124,333.40402521495304,22.796717273725022,76.21015330544552
529.3797672366851,333.022617499933,23.066133861590657,77.24240843275113
516.8821434757322,330.4890384787018,23.184001012402923,77.4403342974793
501.41815540665925,330.60840372922144,23.325737526525224,76.84280863042426
482.9883040187378,332.0564388021701,23.514908075805685,76.80849385562075
459.8959590524837,334.3476004201976,23.904737168470042,77.8882037006205
436.3632385787173,333.3180217298354,24.21061085526075,78.7349129612277
418.8032027493756,332.60221857872983,23.983484027616036,78.34819040601693
405.30594254471265,332.5545791258328,23.884788494559118,77.4393036623969
398.6699242719793,334.6727191301875,23.805460904283514,77.9151665980234
394.59161091632603,333.98703314069417,24.36583517418387,78.30991504185384
395.23376581556755,332.7466063604397,24.599744369841424,78.85821245001895
398.4639115858281,331.51188838403255,24.918810739476577,79.04929757275522
403.0581387694747,329.1730664694837,24.789041674917847,78.85082751025136
407.31462271332634,327.29976608594035,24.910091731550434,78.49418731054118
412.1028389652852,326.02610724457895,24.93873124911719,77.89338792783434
416.7298685883076,325.4410414078603,24.89342749623633,77.52204621259966
420.5719655142037,324.7736194530462,24.730855348545695,78.1578239601186
425.95479820479693,323.4633933400355,24.17077163239827,78.09840558067114
430.1820259040778,321.87753160600147,23.98107148286001,77.96014674893452
433.9557594981265,319.15677036393777,23.753748948082944,77.41700431606981
438.2692178165166,321.2664799780721,24.003587072045008,78.62570093252772
441.5119449621579,318.64823482360174,24.111638640137333,78.80057625123399
446.26844278917724,319.6688467133964,24.141718547622087,79.61398198824618
448.61051475126936,319.26298075168717,24.150064247461287,81.04442729057094
452.62775574952,316.05152992959785,24.11961057127251,81.08373823650743
455.4300225534842,313.62490142945467,24.065827695765964,80.22123595945001
459.53824761726213,313.48305830217225,24.02950757309297,78.91112643764762
462.6322061782258,314.182418414076,23.856513546868754,77.99502645309798
466.30518918051484,313.9600072197665,23.77055730791562,77.45886129288886
470.61018599048646,312.79965202130603,23.641291837386454,76.94783035680196
474.36626432194475,312.36882934949966,23.580215496735445,76.71502379611782
478.70233150344353,311.42257315918005,23.622696001902053,76.25273881347589
481.8354426114097,312.03509303711854,23.835126740071274,77.15961128904415
485.0719192602086,311.3601543343982,24.04857480966096,77.43505632143797
488.32563328404046,311.7952914236565,24.066003329380056,77.3701410296401
491.7406609682832,312.02208260784613,24.091920250933626,77.33916608313584
495.32463163439235,310.47926409132714,23.94137393824659,76.84362635836135
497.55030549725547,309.967871965599,23.78763363439534,77.24287545356759
501.78762740245924,308.1079221243218,23.80568086402687,76.54607286561419
504.6993666023174,309.8127821779012,24.004251414505802,76.77778647427567
509.2910708863728,309.11051661630876,24.07603083467637,76.74843393046847
513.2269750346775,308.82932014795995,24.1122120400201,76.65007552439263
517.4398397181437,307.7424756815953,23.987187629142223,76.0553623575125
521.818478089161,307.2055040329356,23.8890142806624,75.87488060600377
526.1907643053283,307.8889224474832,23.813844924499605,75.84970332280704
529.2523024914491,308.9727174529816,23.900454831555045,75.28021206669301
533.223229836089,308.5297463637072,23.834958174501672,75.09105048547627
536.8598644333746,309.1076854836143,23.889920791454053,74.89926831499795
540.4777653835048,308.63287817565396,23.891972895099713,74.57881762330143
543.6279021993396,308.6749261412685,23.88941349682854,75.52822999285368
547.9622491833605,307.52463240091,23.60369987546632,75.88664828411753
551.7343061587634,308.3849811353007,23.695206041848294,76.52341846670328
555.2697195946491,308.3104047799711,23.926610005037578,77.45090674865149
560.0200718271582,308.1679365343411,23.85110695603518,77.37881809342714
562.2175001984565,307.2208063803109,23.926449798399403,77.85897012512046
560.4439364388791,307.27724462224626,23.843114671070072,77.68725575062462
555.7154200265877,307.81568509566773,23.88695474662928,77.5878680899145
549.8227319511743,308.9352319508651,23.74975399315912,76.38121456506671
543.0139200625147,310.35566736752946,23.927497399384762,76.16255137333954
536.3010601330142,310.92935696777846,24.016730441979497,76.23778264647433
531.2287934643952,310.45285226823125,23.876824692303398,75.7564963912719
525.5961847768775,310.5136107664623,23.893720534135678,77.00057998074728
522.254391220994,311.07008778495344,24.29979604922304,78.64714742813997
520.7560199934619,311.5332635398514,24.63682475916987,80.08726625525811
519.1084416033084,311.8280364064218,24.866017794359802,81.73328570766424
518.9209865156653,311.95131331359454,24.88780907316173,83.0939248864828
519.8870351576883,309.6669936963804,24.633354611381215,82.28263553204383
520.8118795573982,311.82104073588204,24.322041666453423,81.45313337198596
522.2480422235576,311.73401732977624,24.178643946439507,80.37103089220533
521.4983595670465,313.892220111573,24.357193219422683,80.2435901723618
521.4532735370315,313.02112861890265,24.187035079257434,79.31905562840562
521.7347590055798,313.6565272872099,23.838419610910808,77.90926598222083
