806.0,196.0,31,82
802.1207187952228,191.4391082694091,31.805773102913736,82.4007141252443
795.2898281744134,187.44293454681235,31.853693260548237,83.40032475403157
786.4782611490393,183.41253007488373,31.613897013444763,84.77653286781064
774.709073446548,180.96973552946224,31.692540362763346,86.86317176334117
760.8879981147852,175.4779159287442,31.378392198163876,88.14724126262874
746.1589886510795,169.09455554950134,30.91075194588784,86.95688499474734
730.9690630785389,163.53952363997684,30.531157900539583,85.63768855989007
721.2807557276299,161.9471294752871,29.88010841778704,84.91866829551952
710.6947761023162,158.36776523940568,29.666050822711405,83.97906913056364
703.389678802382,156.16746468520395,29.564606018282696,83.0990611081077
697.2126864776494,154.63097794905804,29.28884518434955,81.98123868196203
694.0279217070273,152.0920336972723,29.167118011726537,82.11994871873665
692.0716543680793,149.89572924379226,28.889604471849296,81.99058496944672
691.3141956102033,148.05139004352552,28.67281727568701,81.95949103111302
693.0037141776049,146.54703449926464,28.884447865493275,82.28151083545511
693.5010929445809,144.75828925977623,29.14541237743977,82.51770797947097
691.8930559264319,142.2641296968348,29.069478967448767,81.50259387781475
690.1643139384469,141.1508178766072,29.12802190337966,82.32919310420748
687.2099626928735,138.5944468128166,29.32981521483885,82.67492168198396
681.3005737563171,136.49276011017523,29.559741159240836,82.5348807806261
675.582618741866,133.24507790059275,29.600921573885156,81.74312056600199
666.5714242721134,132.53316976899825,29.82033199776536,81.0130824590738
656.4538321425996,132.46809689272143,29.825810446246024,80.40398565791652
645.9241226105696,131.09666322238036,30.034109515188966,79.81378415094241
636.536544195748,130.29193635061847,29.768021837996308,79.41704282610678
628.1682555657776,129.21001826637536,29.849203590124453,80.67215707076488
620.0842739621156,128.09939320676915,29.712540332604764,81.14371236575856
614.9918700990138,128.05993900813849,29.725991857636583,81.84876517219958
611.6983930529303,129.30088353847975,29.632266628514355,83.35859058905615
609.4433297737634,127.55455632623837,29.402387693684158,84.16055592662482
609.8231993178907,125.67725189886119,29.293329147421616,83.1501501329417
612.1838378939248,125.45869654380587,29.31504821117401,83.13241159988827
616.8345686259208,124.07264517474472,29.296545731556684,83.18373491906524
621.396808356596,123.94379471695942,29.392006455753275,83.1907644479171
625.6567587302123,125.551251277349,29.440419307153523,83.3399260341692
631.0882706438274,123.9783550109558,29.370333712345094,82.10755999761967
636.5499574351265,125.67171015793548,29.269759812364036,83.50179452787904
640.7954902005366,126.25176476887265,29.260490546192436,83.86175061362188
644.6893565132864,126.7747232576575,29.092295274208436,84.40113026691157
643.0402084489231,125.12050090228354,29.234051485942963,84.43107155969074
636.8612119142005,125.50461493117642,29.225009643278796,84.1145341757331
627.8118862206613,126.24812384131936,29.147849262778898,83.82842883103316
616.9319563592325,126.76674128466748,28.947015626261717,83.49581430566505
606.2228313629994,126.91990301564047,28.71630931989968,83.78421740621907
597.4400793344506,126.98635803989754,28.451536887739486,83.9711010588768
589.1668127321109,128.74497458222424,28.44266542933293,84.68058306211402
585.4299657895064,131.68896882224732,28.66886175594812,85.68259397171629
583.2553063159254,129.61164654258778,28.786414956039756,86.10165808669942
585.6149272249972,128.570589121304,28.9001046564509,85.50013340289976
588.4514228261169,130.03502641486207,28.95845195518815,84.9757082786743
593.6681636381131,129.12087266753687,29.099753656390988,84.70542873719187
598.4530985548084,131.2666943270624,28.957206210695652,83.62809511052366
602.8091179828363,133.23271421192902,28.952046016749343,82.63651554586849
603.7747072060291,133.62621871464822,29.127007707082313,81.93027131093795
607.4546770964597,134.07716182709663,29.171135919385314,82.10904304502552
609.7592513344377,136.53536649689022,29.39491896198397,82.8538885882508
613.5411016292535,137.8228427372336,29.221110950477506,83.77109308998592
616.0466681030769,140.36342750525623,29.39892758779157,85.43621566819849
617.4378016683912,140.54701479489364,29.600837092904996,86.78658564458772
619.3616035341564,141.44010888147955,29.182310509812226,88.329529551494
620.1483802224813,138.87878756184747,28.789238090193855,86.41631403646132
620.0772827045377,140.32091398370574,28.65073244248719,86.1395135853229
616.5077577550123,141.95924857131314,28.490710075912716,85.8234156991706
610.8975815874646,142.1489906953088,28.17302224987536,84.02156816992925
605.1331143716345,144.46585910382097,27.75331776551992,82.83358635778774
598.7162281969321,145.32932192048344,27.793953518245225,81.81909358579094
594.3164781832767,147.47074291542754,27.636590142235754,82.03733496992618
592.2871793456048,148.63110518188915,27.905057202345045,83.0550808959873
592.8293910067192,149.9537178398202,28.093445769764678,84.55656883696115
593.0351042657912,150.78159491442318,28.19100667837846,86.20583788111455
592.3303981186683,151.03311956801912,27.92222683395248,86.69715808075864
594.762777911372,150.84249866783077,27.364611413584083,87.00691245437753
598.3649984584729,149.18714021717682,26.995787384812004,86.42369319845885
611.9429665107416,132.00568912049968,32.13623799902473,90.72237114864907
607.7141336345695,129.60845908394552,35.1815349769548,95.38400346296832
606.7090250132911,127.64622333715519,36.88001515896464,100.11380332568962
601.2598860197046,128.93041646675889,38.00000335121572,104.76673054304474
601.7941343031817,133.36647232882646,38.552478463948916,108.80227262750333
604.0840499377982,131.83089120213202,38.34801340565352,111.18273053518911
604.5694643454995,139.35552568284152,36.55488844767301,112.78525600736383
604.5643017911359,144.56880224093663,34.53979241382202,113.31234669000173
603.7635729105502,143.1242154817646,33.72203020429025,114.12992597006456
599.387029655896,137.26455873064225,36.515003188208155,116.29247677699675
600.8385230975108,137.62387055436355,38.91542206669713,117.74691831510104
600.8588445346999,136.88655735265255,40.97988173138159,117.90458915211677
601.167919642314,138.97706589991355,42.044013010293725,119.66137723337603
601.8543948608115,139.48625741234744,43.2964593018146,121.27186994093012
601.9408462942004,144.1745882238392,44.465963661599176,123.20828815193096
599.273144368654,142.64483590296848,47.05618929003572,122.16748151437554
595.5340473565648,140.72900802835,49.01604224976113,121.00508819134691
590.3976824643954,135.512702782747,45.422347473552854,110.80491670013097
587.7621588342828,135.61743563690345,41.371342731825074,103.43169366759938
589.1594993857462,141.98389684723475,40.03775171678878,100.60892749693673
589.3403243940932,146.41689366065526,39.656265274313576,99.1696306474395
632.5182901585367,185.29803007629675,35.09983325714536,94.85621035521899
637.2602353422697,187.65625848764603,32.32614796780436,92.44239635478606
642.5400053547845,192.38459699873903,30.388342561915362,90.9242264126782
645.4335424346929,194.84407352774053,29.47533761596582,89.35659171405018
648.427200217073,198.109991313916,28.933441362728985,87.44757413486332
651.6985363880757,201.86786162306763,28.503150002169022,86.38437868257567
653.7154928844631,204.87414166575513,28.23452631603473,85.84983068216164
656.9189419822723,207.6397566864056,27.80017755889306,86.25611589964971
659.2414565916843,210.60259307382057,27.579861474834686,86.39846680646045
663.1040692558571,215.17351557976536,28.149542762699774,87.47204537855524
666.8964972764687,219.63661683507695,29.464222854289076,88.75435422047113
670.1551004612352,222.7874724592561,30.55970264198272,90.0565400668394
677.0235758688441,222.2094705519508,30.506421870710216,88.99184075644996
681.3478469584493,224.4837436279414,29.930114798921853,87.34606560056253
686.937225347768,230.42552819615398,29.909606921651395,87.76968640554362
692.2842663250249,232.81016835929657,29.75823431772367,87.66625385757874
696.0036533287745,237.83514515770995,29.441439069990174,86.51762167188478
700.9677848631769,244.53110848663076,29.343009985560325,88.49469830994161
705.8511097945278,246.67709869217163,29.155965225397516,88.95833313323489
711.4042225621863,250.04136254161833,29.163188786760294,89.06249281227116
715.6075579277958,252.85678985400665,29.831240345580195,88.73855347069765
720.0256867967166,256.6332173899562,30.763598330394974,90.03066910192352
725.5518321627779,257.92884837068476,32.063602520147164,88.39802530452896
731.6439438854554,263.6807952803609,33.80717448494845,90.1509063875204
738.1577239095328,266.11007704843325,34.08668230788745,91.56579561016474
745.5425009172986,267.44747050734145,33.766255489621535,91.90664895113737
752.1046032935584,269.2529228571868,33.993857377726926,92.34867699070458
756.0533174175506,271.3222966672793,35.00686003794564,93.54012956583202
752.4540389278621,271.18085666310924,36.02238784251795,93.85264214253155
751.7295282618111,273.3279832770851,36.55414232891684,95.18637963723614
742.7872594185117,273.6993513939299,36.808293662976766,96.26691610862464
733.7450402028293,269.4645142729622,36.48404068809143,96.06907936423184
724.7444811748529,269.48167063115704,36.21854192275519,96.42661235096719
712.7841724222243,271.6762573754723,35.534255253207746,98.03515004397727
702.3391500654674,270.66944403082607,34.7333362216042,99.53678332506655
692.9575244627306,268.64850585312655,33.93248525422621,101.64183106718436
686.3878609407687,265.6740932756415,33.25601639971248,103.36867135887324
680.5411624880131,260.3731480128034,32.955425268114396,103.7779654490025
678.578791331323,259.29999471017686,33.21793613618204,102.20338582378686
679.3667863259546,260.4823647543001,34.01139194770012,101.46977976874354
680.1286235916136,267.16598801157625,35.51411512146032,99.13701811747246
680.362908266268,269.649044542218,34.931654170588814,97.98566335697022
685.937425515713,265.3506339484134,34.20116825568343,95.11321574575129
686.496323237099,263.55522396940626,33.541960459395796,93.90841192446877
686.3992482682112,264.2339945898625,32.37321061689785,93.43777253902505
684.7016796683452,263.72311876719067,31.921576576395633,93.86217311014991
679.6184107706208,263.37441363853316,31.78997289235221,94.54166954910553
672.4038073404824,260.055539212785,32.350969913761666,94.87524969942999
664.5209983558689,258.6520795074443,32.635966545098114,95.29891410522862
655.125420154678,253.84092401312967,32.63477980783163,94.15088512803754
644.1996635130755,251.5170808474577,32.951426758028674,92.413683764069
632.9448901453039,250.18697388239514,33.16711973380613,91.15280089243629
624.4452258394916,248.30850166369393,33.64688657785277,89.88539230249496
622.5414252577748,247.57195093821073,33.60811322956772,89.92299265482855
621.4017828121997,244.46705190580784,32.8448108404444,88.49842182314995
623.3919886626898,244.3178715919366,32.232563201964204,88.09565635225958
624.5380916033033,244.00802669694292,31.426838033627746,88.25106696744228
627.1788936564675,242.76373398995653,31.044709024955637,89.14288114118068
629.4055255379425,242.56899952358935,31.039687449505692,89.6776290045791
631.5943306757181,239.17782636863456,30.76331923938416,88.35197360550433
632.3086766657033,239.76379085693094,30.516069520155874,89.20987556152878
632.6835929167396,235.29801473109924,30.59959578273169,88.63837605537965
633.1080216372404,233.89599109850886,30.693746764581668,88.27956626489635
632.0635193718421,234.39894690367188,31.554678175261245,87.32876940066406
631.8301025322824,232.99810081276743,32.13212281629475,86.44859207563701
633.1181251314479,233.3693362831637,31.99844517167454,86.25731437214918
632.4585615432229,235.84986452820218,31.726309530741585,86.25376215453315
631.9343793950244,235.5553269600368,31.82266271874019,86.81659217367638
631.6513687401504,237.3478078580599,31.986218208175778,88.2706623600521
632.0887291912937,240.34183567656487,31.72538890745167,89.16398489687023
632.9997070235848,239.6566444191783,31.33484498603354,89.86803135207313
631.6387122238073,242.96981368145723,32.0578416656667,91.45778779821836
632.764049601257,240.46518950576927,32.17661271154847,91.79159059295363
634.378625535567,238.31096214117906,31.430859280428407,89.47020828600128
633.5313713806704,238.52080202547285,31.032334753307566,87.34674738948402
627.9266396467312,246.38010588184926,33.238471805170406,91.87765139548114
628.6386459133762,240.33465729317197,34.927298016997554,88.13245848494509
631.2344619906302,241.49230807121413,36.97033077948183,85.38817133315769
625.7708320474997,241.46461001906667,34.48126986496152,84.53554741792135
625.1757143465492,242.5055171553315,33.32229262037828,85.68613976160265
624.5815865868678,244.17972868997634,32.43849613778785,86.98945009075044
623.9281420267606,243.7357675425759,32.01903638104912,88.48212397246542
623.3966683727781,243.84279727836645,31.717542771045363,89.58996391494676
622.6832496130944,242.20957669600605,31.49249430408471,90.36974126130819
621.3547127280418,240.75282805959955,31.195893757783605,91.13348877826184
619.3412377428281,237.39195395574524,30.963459572937555,89.96426103382203
616.9344942940592,236.22889922852175,31.232360288834855,89.3468432665893
614.7176558622583,235.39985684949815,31.502737591889566,88.83929386936306
611.736926927958,234.48984261391095,32.23557302396668,88.01096113448277
609.3208226629904,233.33442430727513,32.20955096308177,86.81735744013722
607.3332880290169,232.302144106054,31.795887320872517,86.20233715410298
604.4943619174077,230.75749751275984,31.351303020653333,85.69151742565218
601.8971325448463,229.30944396630278,31.26829594546365,86.21346375196475
599.9291832785755,229.42737298817065,31.114365986794486,87.3629816847915
597.9133016801612,227.62411194931516,30.86088138088838,88.18979490019781
596.1132932122387,225.66817922720844,30.576178468100906,88.78638324480184
594.4678899577781,223.3991062063678,30.36962474752972,89.09772264585813
593.9065684123349,220.25584051712755,30.175419083533427,88.43857531340113
592.4122168551179,217.36229158508542,30.131559942108026,87.6691088464307
590.0782851873421,216.83169990747223,30.182128966136204,87.07936751903989
588.4231953233808,217.2134915194606,30.353453713590014,86.64387877748507
586.5971122602919,214.98731462171511,30.49069674406463,86.00072781223383
586.5452887248209,213.82957736012548,30.337370548405133,85.59437006002244
585.2821058435314,211.84392790029312,30.299008527780977,85.00471011738247
584.9799220763744,203.45727178237388,31.871180017173153,90.00888783173662
581.0488715120736,204.041982505556,33.32863331862633,92.57281904650516
578.1868769259522,200.08515302790977,36.11377971743153,94.29452243539143
576.9901673526047,197.94813571192884,37.78228431334548,97.6158898310251
574.7109008608903,200.4219165274567,37.715145910055256,99.12871638356322
575.7608535593955,204.63623965583733,38.660040317732324,97.8317839939894
572.5181062977425,202.3677348731705,37.76073869846022,93.83012778783869
574.9900190985397,203.40420782251385,35.4257998156158,90.81888843212076
573.2066805359167,205.83466437989034,34.058455944768156,89.519803930649
571.9981625692103,206.57715672393175,33.16882073560292,88.8148790570193
570.5784238795906,206.22118627388943,32.79400368124867,88.10361744245552
572.4204459222756,205.9650052387683,31.282628052909818,87.23319753027593
570.9682222896016,207.1967436973426,30.208864869038873,87.6545167557054
571.7128671888291,206.85311279580566,29.708787106716677,88.09209899334962
571.7291531660534,208.4152183105248,29.466116885666715,89.34084328617696
572.6235813259,207.78544487348108,29.56355206987973,90.36616774815501
571.9748404538709,207.76235855202714,29.81447924850824,90.82492278852385
573.6004759379073,206.00471473377866,30.186468778482336,91.07086228048958
573.1076612336844,204.3933355185745,29.864297893959257,90.412791853476
572.789288271813,204.65090793138623,29.991995355788088,89.37623894679784
571.7886648752133,206.06668757443174,30.254701499573372,89.40658761969121
571.5672424425135,207.2303219358513,30.9111083766919,89.66719426306304
568.6065865755095,206.25033771822288,31.322517156598234,89.33571982722613
566.9328126678038,206.11606985573508,31.29749111947066,88.34252154341269
565.280219677201,205.99757655854066,31.459366553801047,88.27585823545773
564.4485147795001,207.70236237675863,31.3114512759608,89.18711789784996
563.4079557715809,207.54743963163247,31.393378007619418,90.48213184513351
562.651827348072,208.299255510747,31.589945767723403,91.29594393456068
562.1726048970561,207.5104577449417,31.692342085770616,92.04170658042908
561.1048848743305,204.30515804429567,31.72060439684665,91.85707587918212
560.610349900791,202.76406777593527,31.61169765935544,90.75613568836383
559.9054334873724,204.69810570460942,31.205856658067752,89.9983961347265
558.1859237706286,204.50779783130628,31.11931761987566,90.12132145164529
556.3074164545299,206.2468322282064,31.40199753527613,89.80392770667316
554.0085405716256,206.55856985323624,31.522668002256523,88.74249469294158
552.4520433042442,206.00284408453987,31.457241516511687,87.81630279771713
552.257199431036,207.77798421022212,31.25499505882628,87.58386312252452
551.0044598477967,208.7638058565371,30.979254742883107,88.24075986895704
551.081652621807,209.3058841606097,30.942224541542156,89.5802025039759
549.8193213969654,207.89717517521086,30.836149686537908,90.39624718375796
549.0435447893221,210.51429168159882,30.858573873504213,91.61053101668514
548.1301607638343,207.5119980583189,30.751778692058018,91.90784287262
547.5919895947185,205.55960185687738,30.267436826188007,90.66827187218273
547.0994389277365,206.22069490008494,29.929418042964453,89.42610287561136
546.4486641802723,207.3111570826136,29.820796029103803,88.64207487285873
544.3991816581829,206.1875715088764,29.82744539945446,87.10828593732532
543.6760036072994,206.74470706960977,29.385907824463636,85.69320304828044
541.9626449603109,206.08213952382442,29.463031002229755,85.08988660176524
540.2093583410424,207.64286644888733,29.641509758344828,85.60812696550659
538.5368399083075,210.24462840328823,29.913960564244466,86.298935942447
537.6505383964302,208.78424016591373,30.311456776475623,86.55172840840694
536.1706113085107,209.16056145436525,29.852533486494057,86.82459852681637
534.9047766541754,209.80251292034802,29.383943395750848,87.20755045324925
533.0198608004205,206.92010869435575,28.770748980213824,86.10791798726505
533.7894048188359,207.7631907043995,28.47422991310937,85.41294964588849
535.6510970410674,206.33516448558584,28.76512769520903,84.6830645835158
535.1585783031,207.54647112197074,29.49584693383918,84.20011805879288
535.2266008742541,207.9891514189054,29.713653109890153,83.7269583926579
531.9116096653337,208.05168728335747,29.278709380270023,82.82005682976944
531.7531644056913,209.2270718620864,29.044025192523534,83.23572138813185
532.5176881271419,208.86104187975252,29.406670864856864,84.3552172658856
530.8985594429231,210.68236640629613,29.705444590716404,85.93522446279837
536.2951649550545,212.51104863038236,31.42219755571137,89.62194570798528
533.8026512444326,209.08254733020206,31.550978028713065,89.62650079858025
536.4818834894683,206.6727729816692,30.80344493512607,87.81050567240379
543.6626167292928,204.55090992401108,31.084449768953377,86.12338461975125
544.7284129233915,201.17638878477655,31.45784700477941,83.13304701540784
546.7886677872658,202.67256027853023,31.60346581707001,80.51059233356453
548.4939529670214,203.1520629539475,31.555169627480602,78.33778083038624
549.9209114061136,205.56386721146905,31.50322418484313,77.14495539639786
550.5630464181461,204.04771507330327,31.253179624645277,75.45567153796375
551.9503867330418,203.43405851734747,31.06214767649455,74.30214053366441
552.3784012643719,203.8269487952798,31.006747275943763,73.94676464088568
553.6169867834179,205.08042302638736,31.021916325742275,74.09472340523308
554.0573846008913,205.22096804493765,30.91446663806108,73.73675958883562
556.0512431272057,204.9729068482987,31.009131787580806,72.49559255340259
558.2705854261295,205.31947525193863,30.958874924108265,72.10815032620087
560.449428446995,206.29597035230756,31.178581460502222,72.81543844577553
561.5399184319709,205.83655165219665,31.444210987620576,73.3924789709973
564.7315724924965,206.1448601200149,31.47702530309295,73.86642294844675
567.0933324652084,206.94166771435775,31.67910350220036,74.34316603612827
570.0153030320472,209.4740834361184,32.82791444371807,75.74120995881786
570.9308504908585,209.8901734756992,32.09392645968928,77.76089755543752
572.1675857607735,209.7161962650686,31.275912462828085,81.08895451576126
574.7586912092479,210.15104978210323,30.878918851035493,84.2483307336451
576.5417327421853,211.13869431138613,31.083938690433946,87.20817656277458
579.2318420506299,209.97640602873707,31.222991924130813,89.27147688295551
579.9025016341775,209.14184316569862,31.59393777168405,89.89507038246997
579.9828465882358,208.09311013614547,31.508549987590953,90.2164439122794
581.0219683114253,208.21132330636664,31.446190940625847,90.17009630718863
582.3764957427794,207.4961100591666,31.218962860144213,89.80268649787776
583.0555080619639,208.29095759883865,30.861182362400214,89.5954529663852
581.7295131042745,208.401924174368,30.889804968208903,88.10324088466244
583.6699951102654,209.88864370695958,31.03545228435198,86.49973590151053
582.4772587607857,210.07183111139966,30.929820857334793,85.74003528696632
582.3409289296659,211.8625583959787,30.72773381547288,85.43658059573788
582.023030619198,211.40257174679735,30.71985367859601,85.78062615972563
582.1645871275576,212.83646512092218,30.843021179455132,86.94640874741343
582.4701767484096,214.79209211991042,30.96447743579803,88.2816452279526
583.228500218571,213.63507862707516,31.00096159899092,88.64802511889657
580.6111500358184,213.1862842538888,31.089650611957133,88.61313400687087
584.1351102067374,214.50792879338138,31.3291753384784,88.97066890249502
584.6718589455006,213.22841786406548,31.039781254506693,88.5709352679628
585.9487542118528,214.02435955907708,30.791914183716262,88.38563757129896
585.8917958587497,214.6061426131032,31.06342366336004,88.2366741243795
584.699226985927,215.87328539403177,31.922056892403774,88.18726710256146
584.0187694673323,217.0304633062936,31.92429883389004,87.89142018917065
585.0088660586749,217.60031504911058,32.008635070150056,87.40996560490387
584.3930538413811,217.4311572901501,31.983820295753606,87.17744982399665
585.7771519362013,218.1577461758785,31.7535269381442,87.14953450371178
585.0316535037297,219.66734926982542,31.864885131212567,87.82554926308353
586.6504884299349,220.92909233491008,31.89453400438808,88.69102492490642
587.8127641304301,219.64687693008932,31.534444883671156,88.50101542693076
587.651522751862,219.0093540100464,31.419015653502598,88.76002427971189
590.2024053543925,219.23839100778721,31.214085775590075,88.95818502544118
590.5281365863553,216.95856750837999,31.019959737445596,88.29668639437283
591.9834635927393,216.93539142704594,30.82045684772444,87.95720481680655
592.2985348482459,216.33803328509902,30.953681035930025,86.99496919640352
591.2993752071279,216.6105994467889,31.65153950273641,86.44019331833627
592.5799547916454,216.67549719404923,31.72911324385759,86.98245592928437
592.6393455366277,215.7619993447315,31.514186124010102,87.06810336131828
592.8974608179805,213.89432860171735,31.356933832789046,87.12667177605749
593.6182456220794,214.00773027440238,31.41241927830209,88.15870326955461
593.4878956393497,213.2023717906945,31.28998630919123,89.0083728736891
593.768910829968,211.36482828176582,30.78502379904839,88.78273357318713
591.6383087649706,209.37476262656475,31.095712181972953,87.26970082108923
589.7122046968974,209.54308667303505,32.28768777417392,87.85619420764085
590.28624140122,207.3161410100234,32.31492259306793,87.61840462546105
589.5761103719809,211.7786271208343,33.03154085271793,93.54443032864388
586.1274904882856,212.16881269027763,34.979516093741324,101.83656895538223
587.4123530293608,202.60484550690617,35.55267431237203,104.8490858416564
589.361617322863,192.50772839833888,36.94516135036779,97.69090306660345
591.5361168812776,192.8085622596738,40.063630495257264,93.58011058807429
584.6751679386216,191.01373205448905,37.10547466963169,91.70944385000628
584.9034444420739,189.80456802661692,34.79604690686777,90.50747161278177
584.3386524462375,188.81600185574524,33.22249063975166,90.10113532659548
585.3305639233458,188.1520553127377,32.503422934558365,90.08120431593085
584.6446061347101,185.6531275367762,32.01852698839228,90.20543315886945
584.4690826067105,182.40568835125242,31.560995553180714,90.18515955237794
584.9340153661822,179.7524751216456,31.201442534237152,88.81498078698223
585.7047590140228,177.5410844793529,30.579282020782607,88.37123069949735
585.1957074587657,176.15864644234077,30.473758422312308,87.96465901961534
583.4714624212628,174.10026403391547,31.1227032092323,87.37803943705188
582.7186137112534,174.24036861012547,31.343610590188412,87.18256234029596
582.6285807665124,172.8188613749127,31.045542324397147,86.66675112712772
581.2548549182814,170.30715814613885,30.594156740585703,85.98149364424576
581.2602515486495,169.87152121462933,30.346577591177407,86.04849199456947
581.4175499339699,170.55110778395792,30.008634873271156,86.62950440278729
581.1277570288717,168.72266602031547,29.818628398311297,86.99085570350968
581.5953809823752,168.40552225480582,29.859622556734028,87.60349101284928
582.5599283725497,166.8190388718767,29.99060162892402,87.83732508827786
583.1870674720234,165.79629146584784,30.06302936259386,87.65610481244494
583.8987849855484,163.82519187998676,29.942008275973485,86.73342056131555
583.4722096200765,162.7452236613412,29.82872834285492,86.31742926423163
582.3978819488106,163.52197521770395,30.141202044761645,85.9206949503343
580.8998375813267,165.48044560314221,30.703788582463844,85.72331289527807
580.304658328655,164.92614036713655,30.806073357338278,85.81471145322692
580.6269348139184,165.8514941605425,30.24216308700685,85.34619075606344
582.1409734749807,166.71417797310778,30.507832713124557,84.9568827012454
581.3632542290782,168.58274189868627,29.88585726449988,85.30322042626028
581.9675406484604,171.540417200808,29.720924562454186,86.25458429955586
581.1516166684382,173.59367903697446,30.029026794959513,86.9017837717542
581.4529746178059,176.20552289647682,30.201167463606946,87.2979996172026
580.7320066330575,177.35444916531517,30.50055582568198,87.2637426605806
581.2354167686234,179.61018450053245,30.586325886581335,87.58585963663039
588.8486637692993,174.01320815544457,33.08750827683114,90.22658967055618
589.9606505623315,177.01830340720818,33.677331687837025,91.14059350296645
585.884728048584,171.46084235057074,33.56799202294931,94.62454942971787
580.0603754370885,159.46482141655585,35.684531718596354,101.59756358778675
582.6702796329727,160.12913095873967,37.69207928385927,108.4815909877941
580.1314195005608,161.5211977833672,39.690942126808125,111.6482324850234
582.3981757167992,162.25365912623033,41.819722174800006,115.20158982859404
579.1658297618849,164.72348355071725,43.72020510025368,119.19684698547957
571.4826496142078,150.31577490387147,42.22636642099843,112.30816271667112
568.6741616572714,153.3831540166135,38.857044727449484,105.50699213767146
565.3548361877737,160.34506199513527,39.71795518792915,100.20387320211229
566.988812591967,164.5175159952405,38.24513787758944,96.18382482104246
566.740377118305,167.92958459348787,36.7618452506948,94.5104749780633
608.3335461943564,208.35969403553872,34.48798268452936,92.53596776388346
612.1832204022737,210.7520245096906,32.337401358538614,90.95214299722032
615.3363744275043,216.00051931816722,31.907924362764703,90.0533589466734
619.0256991344728,218.9822369178627,32.440621384374715,90.56517399142301
623.0785072169391,221.86241915062868,32.152800019246854,91.50105281202391
625.3856051275598,222.31861801957837,31.880416331794542,91.2817092733433
627.9281482273108,224.45322062008748,31.699062432097193,90.3983530713485
630.3100024708012,226.49268457539404,31.2912804587881,89.9828162740166
631.7229684592188,230.63679223580715,30.945496797382713,90.35764111432317
631.3340992042496,233.95190094900104,30.306136308297763,91.22629453754479
629.5429626924986,236.65076915051947,29.934796050549807,92.12853066868765
626.8545854209713,235.9702825430207,29.965572810401337,91.66845896181016
624.3708561035945,238.13337479942615,30.38002241195155,91.56499173415553
621.9981274409159,239.14097066790717,30.730338135746308,91.09034259973252
619.8723574337664,240.57500772596322,31.095540869771895,90.58771648166731
620.6858450007541,242.71598878716875,32.36393621919503,90.87794369031093
623.9661652038575,246.57882004212237,33.88125296630851,92.07026518919275
630.2331945326756,246.99828070576626,34.41604196492231,92.99913560995186
