367.0,477.0,51,123
467.5745363584465,423.443636207965,49.33737747841951,116.88772148055432
569.7700959009896,393.62830263003946,47.297698823020596,117.01695431023361
650.9453524335341,376.5703525956722,49.273662808713055,116.52289954498367
711.3940481706549,363.959263971899,52.64256772119036,110.65736927299882
768.2821005555055,359.2089586231122,54.88092828352019,105.31841087877562
801.0479992538048,356.38585277773836,59.98160769356226,104.67253882928887
820.5606083256307,346.4912262338848,64.43484413975415,104.30432121387106
834.1877333268751,334.030999355277,63.58550136382782,99.15870441444605
838.083946702581,324.3051657167698,66.23753262022865,95.83879576372604
818.6577970352987,308.25863483798156,69.54521525557459,95.12045615411502
791.2383542999809,289.3320000301552,71.95654945667883,93.99459979320518
764.6463218509198,269.3451123442461,67.3249405266761,91.31349845603908
725.7667541198791,252.2420668616495,64.27568060301519,94.69289874740409
688.3811580577593,234.76528552696874,62.53935014424696,97.84159081129688
654.3821766090998,218.91937253736876,58.899190482972145,98.08663944674686
638.1409634072671,207.26929045981043,51.469629581950045,95.14687440264476
619.6505603398,196.31589132046147,48.954906542079804,96.60164631415516
611.3338044818536,182.97630550234362,51.54984403922245,98.43822761835963
606.2018317874131,171.4751745580751,52.25708776794737,96.86114380377165
613.5208440378291,163.94981237118503,47.681410679224655,93.5335417615362
620.3882514710614,155.5875766629046,45.87787022682254,95.42326586364393
627.857636231254,142.5768315706735,46.962965452530966,97.63375140943425
635.4728176247633,132.48477530049013,46.328092167465684,96.58663226034784
648.3746614352814,121.97423843638258,42.65004541557006,94.28110686746922
652.0085456716854,116.26525859968606,43.74415438416831,93.74752845492475
657.8535733965685,108.21758201100974,49.26726421760515,93.4012312416524
665.218680213211,103.21136695729865,53.0940269026797,88.21139084126209
679.9586525419655,104.51196138573741,50.331886200248675,83.11377254102517
690.2362785619623,106.73777708764294,50.13051599619267,79.90838747510476
698.9884670147765,110.53499289964542,51.50925676634541,76.82805497219354
705.2291685703201,119.85671023148934,47.38307826463319,73.67418329678694
697.3805433325302,130.33457104550914,48.16756323728338,72.89778295780985
683.0493101305268,143.73897677044934,54.00852695574335,73.9354986075388
663.7720461739387,158.46019113282435,51.08135015700524,72.1637241796638
646.9880905252029,174.61933850146494,46.03436277283648,69.07708837792947
630.0351826041076,198.4583357081049,48.01430581229255,69.1399386912121
604.4892473326237,226.61522747524714,50.43254659451827,71.0104508112245
570.9308449462189,253.84168709225077,54.90022722182002,68.98685286627972
536.7655928782006,289.566102622714,58.020572056098885,71.69070124871257
512.5441371279363,328.59921919161974,61.22689603221325,78.59755160699491
489.0627969489591,360.94211709995636,59.56890988626148,78.65595745047791
474.62740950759644,394.07083570995627,61.41020478851809,75.86617159766557
456.59208582006806,441.8085276638922,62.12501720263735,84.6883645940906
437.78369708040066,480.3643938999428,59.4737740520893,94.121950725505
427.31239196750175,511.8757192863218,59.25015502984023,93.52129702305959
423.7732437757563,541.4446630820212,60.831930417237345,91.14412110158268
418.9120103808589,585.0588221420388,63.255965810547906,99.9686289092817
420.2770975048486,613.0571357441512,64.82352105475596,103.15260473240068
423.03475616603373,631.4090050637496,64.37799743355751,96.45149060492267
435.0018657571766,636.9656355345564,64.58980486259995,89.41894865744953
452.67901138165934,652.0860398766677,66.41971771519698,79.95859651619585
471.90469826043034,668.9610583410579,70.68630050062373,67.31085450929045
498.0409666003851,682.229232765153,73.28635293204226,56.94189457711582
517.334899713608,683.3882925384378,76.39453162747148,47.751842047147875
540.3958307544817,681.3693227188114,81.68667101056779,42.65785419616632
572.0196422727203,679.7868222241315,80.76305310104377,41.34513301755743
608.0395477136224,665.3947702141365,77.53565066650516,47.78380857075044
630.9748963913585,658.975074293993,80.90585907275175,52.48867892666246
656.096717160251,638.9455718499985,88.27748242754474,60.02313242304989
689.0961089458729,626.041964078982,93.69544690317628,71.98180670531715
727.2871278570182,593.2230510954082,93.57878994026049,75.52005381504303
741.7052559788591,583.1202888096001,95.87049390165676,86.11583717572167
791.6835814946754,563.9570733706433,84.63808603408656,96.61267820988516
795.5412306351519,544.8043245420786,88.69564541914934,98.90789144318667
828.0609345168045,520.4526658802303,89.07701402303161,96.8118618430551
840.3389291726016,512.4233329109124,94.9637432172967,99.32789472505007
859.9713510451028,511.86689719148694,100.49287530237254,101.76455766780731
886.9253406149741,503.0192588796379,102.3485985552082,102.07436676220858
900.6496896557854,490.07790074670305,103.41711238764788,100.9566252644064
926.0897260135584,484.32697824158464,91.78029528733634,105.66681378050255
929.5290526324301,474.7154277383818,82.06567403201484,108.08840111503335
906.798929684886,459.11556822718313,88.5943708548372,106.34076295969619
902.6082332702417,437.0110258692347,93.05932081303213,101.7641421091869
916.5872621637305,425.9111453129681,84.36475179558583,101.3875482412514
915.9274682121393,417.50416160818907,73.99693125150276,104.74192092424684
882.8740579558021,401.95820326260866,82.84078179347404,102.91403781072022
879.8802160662199,389.2342798567985,88.3590747034977,101.52613022780933
896.8165621310737,384.7105913369035,80.13243970269619,105.21373553908363
900.2685819784423,373.3570491207724,71.44083286928738,108.25285122134588
869.8983078532584,360.74479747855173,78.32234181301433,107.80801246477148
859.3471491220125,341.47135782618017,84.39923813292802,107.7009916230303
839.3408079089261,325.1397590306825,90.5839786645697,107.02645117691623
855.9354846557693,316.29553048419507,79.00735710447712,106.7549778499692
813.0744113422943,299.39832058008744,80.5051079794739,105.75642890818453
786.0969933577493,285.0058980723,81.04575937825143,107.45478710735313
741.7227370266766,262.7896991722694,85.66020831969371,109.15302353046118
702.3000660040611,248.9153736066376,87.20074079461205,108.92523423203731
673.0322936434939,236.9841988951777,80.67879039855917,109.17848331316021
635.3679772744161,222.59975818385152,75.67642948437074,112.9346083881563
596.2903077135877,206.8170337902863,75.40025005134018,117.01940531981803
568.4755098748122,194.08319206844712,75.77960158826609,117.02313002326201
557.2621763140588,185.17425484437538,69.0409244714917,112.48343000851486
551.1469632606712,174.53358558727655,64.63545580287624,111.62597457740003
543.5618778491989,161.96899000430327,67.36727213363346,111.65909640740911
540.5244744448333,152.36857641526507,70.17599617869269,110.13311694486046
546.7411765153083,149.51558641479875,66.74323290688338,109.94645778563685
564.9392369194221,141.6706156915999,61.35376493068708,112.80696197617522
571.6429201541804,134.0876311529771,62.18001052171725,116.70767226435825
585.6742265743986,125.75336568402666,63.47942771057766,116.50556721593105
600.2026416838053,125.2189462388531,59.74947127106138,114.92593808870004
618.7130417983568,123.1574143892666,54.475771872036475,115.89110383865429
627.0528715065633,116.70739293172599,56.679871000545205,118.07169484943864
635.0480926110574,112.30116545693126,60.73303841069755,118.56154848066873
644.4703482174515,117.05720396298689,59.61139707095647,114.9041162439481
668.7340719105327,122.02998514581826,55.42226755588774,114.97295817516036
673.6268725733763,123.16800128429412,55.956337861059794,117.796138544693
684.1872752798272,121.86003894510326,56.9974587176893,118.62660179729349
701.161258142392,126.09205313134913,55.49202839295041,116.88376483105172
717.8935014081259,131.22740194788,55.03785680288884,116.60037188549
726.6103203703152,132.71859510953811,57.906983771088306,117.71902926334563
736.5447517026623,134.56399463465408,62.771885754831686,117.73547508616056
754.2080142965625,141.38037845904933,63.31526413148431,115.8044896639326
772.6487868207265,145.80301189115775,60.93387167104708,118.56475258487201
768.5286003048213,138.9592817797676,60.719929517310476,122.97126798343359
764.5325282103089,131.2005170259466,58.907966040319764,123.31924182701304
762.3866375901966,126.97330291033357,53.47413082546618,121.14851747034848
750.4570212714285,120.79993734068258,50.20515911729932,123.62238484011922
730.7310194057778,107.22564100996706,49.6189853583662,124.792889122644
707.6103436413385,95.08938964729536,47.18495236576047,120.09783203353427
682.3375440604939,86.51141290473166,48.34999732823108,121.04089489366169
666.3432758680688,70.67160540709155,48.05581886933123,122.02992761355128
659.6879790928973,53.777385020267545,47.39268805443979,115.63501877782429
653.5230458204522,43.23527868001696,47.84847012667355,115.89132008137233
646.8150625299228,27.322135057592313,47.06942938351378,116.05360586137787
643.7700418637464,12.91771325306928,43.896775403366604,111.98879224386144
634.2709670313665,4.4609406921471475,44.299771259532676,112.40517550047133
626.9896243205355,-7.190246755727955,44.567687394085226,109.47958408762779
622.9829749492421,-14.642580908729919,45.42638408589079,101.04581245222546
612.2606701654718,-12.292896207078428,47.453208008900276,95.8302382149381
604.2520010599995,-17.68589560740621,44.37749812414151,86.64663252340617
593.1706514253593,-18.113811650170305,39.45569421959388,78.4663165376453
588.3435661769198,-10.36725918162341,39.76300192350405,68.8837798378562
573.5481051329832,-11.12594139139454,39.556545471338204,59.85715316853127
563.9962342998754,-9.091384363492384,34.934289212749164,51.00948991839102
553.9684911136493,-5.82857223163753,34.54643146899045,46.49889556190787
551.8544199292079,-10.799297119188743,34.82256272947494,38.886115600682174
563.10413091741,-6.276820499181458,31.52600635365671,35.820242560862916
580.2352630029399,-4.7980020346736865,36.14260265622974,34.38100773145675
595.3786267086922,-5.602466063457946,37.087885132420254,31.347845945275267
646.105589186504,-1.1564001214745332,31.747607637734205,32.159891917753754
695.1189300920234,2.398807848680832,29.482263106968652,35.31610805752115
738.613515663582,-2.0690566736540923,32.36685600193762,33.54984125258162
766.4824390514863,5.707464800930154,28.91994855718363,36.92532613544438
781.6879511458848,-0.06885838503245978,30.36732280588677,38.76307535160789
786.3809492666044,4.124905171322403,33.169803126947386,44.589003439093474
794.353839293683,2.892740222078036,33.831383912634074,51.67595296648846
807.5876833762371,3.9906454455020963,34.89555609908831,61.8836001612419
815.7651564540461,4.256127909836451,37.304953205189165,71.70410617983882
826.0751282931383,1.8604722526543327,38.51162390688747,76.72733582916399
829.1489249566455,8.853302121626143,38.290513734170034,85.8615796556735
834.6217086092639,8.579943626201185,38.488714739479974,94.67956739847654
836.3715628159508,0.46956885094685674,38.145927712824836,95.09981035718832
831.1652910546709,1.5043001464455728,38.97466996585362,95.16026109626901
822.045181633788,3.755026508437936,41.98457264550974,99.27654518869053
811.0666886824803,2.6110033133111585,44.170654007109775,100.08345144222534
800.6057633496148,3.8866279305209233,43.531225375965654,96.66623541093081
791.8650636274702,9.027349150905572,42.63405426361428,96.62127368305214
780.1116310809492,12.748485596311568,46.13457170040626,97.12464898559952
763.9929354298989,15.010546031442033,48.761519887272456,94.68167435557297
748.9675660767242,21.549524545880786,46.892519824090606,92.55778837161733
742.8337821771909,29.72476175689775,46.85234836534488,92.42771189880216
739.7290937029076,39.77469645129209,44.51506393695821,89.28218821313848
747.8133173271941,53.22411600407298,43.90969652236964,85.75328318960794
768.3786118847377,67.32972916955171,50.17443211431372,81.51199704419736
811.6659705989763,86.28163014297505,48.34422152177406,79.30509451141319
842.3082023854816,108.46937325160371,46.37488246048207,80.95399183907774
852.9883238795508,127.1042984487939,49.273489570000095,80.80657796813486
857.3108115714903,151.58409939304087,47.515873805261556,76.96602515190654
853.9300759509294,177.19430690325868,49.06150947509413,73.39871682092408
848.0445557760578,202.12794863872742,53.67582680237658,69.56604028358032
825.9572824921296,228.02723197249452,57.64152632433452,67.16447678987424
798.6541587102488,243.86411742088032,56.47848677872115,66.720289633337
761.2461225345016,256.9565115472685,62.20465434505921,66.5544527965763
720.3834561559975,273.5315212591123,68.35112968019264,68.48548806038863
681.7924090988432,287.22506194167016,68.19595877985272,66.91221895113233
658.390907845503,309.0234132046686,67.45655711172846,72.56872077083861
640.377640785418,319.56473918360035,65.93842875631256,79.76863106883442
639.73331917185,326.71244952423586,60.90495894633907,79.3555651238916
655.3585897358234,333.91882483812435,59.555876558626444,76.86349931056772
686.1853476748566,355.39970148662576,59.45466780946647,82.26148722450239
735.830639816288,368.2999316679868,60.402151153556716,84.8580300356084
768.4285530842923,374.64668871152617,64.04839615075129,79.5781206848578
821.5617529116148,400.08234800434514,64.53550601759075,85.88063022421991
855.2731491032537,406.7307708046971,66.31028443509415,90.92365889109412
877.7948037333222,416.0084049041968,58.93476081948855,92.30973590693837
885.4845960930686,408.02453789117,59.924957594136316,90.65536910291388
879.618414306391,402.96555270413216,67.68683166553836,94.05095788519274
882.07380746606,395.0461139660693,71.1136613129973,97.6854896581934
859.3152602027093,384.7647943019685,69.90437644516729,98.76946077350442
853.0676270787719,373.17914515446455,71.60563634538585,101.87740457632475
821.5852113825798,364.31208025702415,76.25699117527003,104.9341967247212
812.1558466677589,355.77969373018453,70.59072670842757,105.30335210261926
792.3941441852388,342.2112752133448,67.62832234729589,107.73962761286123
776.6629948533487,324.16444430733696,74.56681730013867,107.81296471784563
761.4255233710251,312.73739279942595,76.22010499134839,109.54771348562073
744.8790207694813,302.4355318402312,68.21536239170149,108.75421860713527
733.2743781321152,288.14310689695066,69.31087813518366,108.73707874760261
705.0304807597197,274.2664170785556,76.45165749911534,106.70563782775206
689.3336647396005,265.257635073768,66.28428490068171,105.86947258928042
689.3139512875142,254.55632899257202,62.00703089665124,107.57134012276612
689.3650027998392,238.3598798518852,62.88371815520449,111.84912609945222
669.5423510870926,223.17589326976866,66.56539853382276,110.61324794532598
663.7478551019619,221.72539562262398,63.671938111505874,108.6952735130528
642.8809516607479,214.25323886932085,58.85767980838711,109.5319820391903
629.8779597525432,206.10986843092266,62.75563139823379,109.25732154879921
612.8399523951397,200.33971185844453,68.22242370093159,105.60006389297422
597.8353220480592,202.90385399055322,65.73861188532693,103.60910873031935
580.47122424949,200.7482335796369,61.59626304887166,106.68722577285511
570.7161349109485,192.75402751563558,61.782131423219994,109.99668282273277
559.99865074511,192.21813077276613,61.25826796778773,108.49340306628415
561.346208275915,198.12326967526764,57.60505354094333,106.23946071049991
576.9040985963336,197.66782840837593,55.20909101534066,107.22285300990829
598.5651089967264,195.74158326139627,56.85701040010189,106.75976102847699
627.1221903914987,202.8137283199431,60.85545747383853,105.19048311841462
644.3801065173296,210.5540530814414,59.84517942139547,104.65856406416799
660.661801372442,214.04181855327187,55.940328529530106,108.86919034706958
675.4038688077833,218.21314121825745,55.858171197909996,113.70019003662962
683.4732611596621,220.8083101729568,55.94628468751168,116.04983015457466
688.9983389688518,223.85999094713793,51.90433829764787,112.51980234644682
684.6958552218103,226.2677632269992,49.04205115305903,111.96823483750555
682.0178298217337,230.28954152236562,51.989135888759265,113.61797658661641
678.5138160603083,233.5370343734786,57.76294099950068,112.66382340392173
662.9595789637614,235.29263506657753,56.22676187228203,109.2713659142082
653.2697425600925,237.09749605070198,53.71867833196359,111.4239120123656
646.0938781779528,240.6399839816845,54.34543151030539,116.12043029102554
637.4227123831232,241.05384405934998,54.36134708433962,118.1687477333508
628.1337226945684,244.46059310494178,52.42061918605839,116.87615418318288
618.6997988952537,247.44025797615507,50.17680296632847,116.23039255599062
614.4694348552808,249.07460517344268,52.366565470102415,117.26995621805605
607.4826142461696,251.0777243421477,57.650173729340295,117.20161460916167
597.9757138798318,250.974504769997,58.752017674906796,113.16180741557241
587.7116395515571,251.09886544206665,56.94325226895602,113.2243653683081
579.3528353175016,252.2670223362124,56.89667006323916,116.64092023236037
574.961749442368,252.30488803257526,57.349831803740585,119.25903649588463
568.4858260733181,254.36600564107627,56.23722541684033,119.38783887653886
563.9925922677603,251.8456853804082,53.82977212951856,118.01844521818745
565.3288095122809,248.7258474266469,54.57298705453975,118.65985452414762
560.2309809223169,249.15975917217588,57.47866620712389,119.10550759558967
557.5179192823746,250.444106602528,59.319309750680596,116.57621092824476
547.3170149674427,251.59264323228388,57.783770968434965,114.5983515359205
543.4526233536615,251.28247586709205,57.34803393232542,116.77526585614794
539.6407299988676,248.99693736958076,57.96947078839742,120.3940418257799
537.2235127946356,247.72804602895513,57.85596818514284,122.51263505390611
533.5280744373385,246.46789870375903,55.42201579817453,121.46884279023584
533.1999098881208,243.3291888353258,52.477789476688,120.19242951928979
534.2059033510055,243.73657396353985,52.023236632949796,121.95425838395548
533.8458609354748,241.9573517905951,54.250218436667595,123.80316903843871
534.8289044557624,245.88788468077675,56.80674492148301,125.57934080690352
527.4467928150146,241.94041628508424,57.644576601416105,122.96487818422604
523.4158767186425,241.71866701640107,56.08748179220724,122.98128321573303
524.3707525619931,244.19098291352492,55.857234500037364,125.86111431211033
521.4065038388486,244.7218814931485,57.43508497367004,128.09631422317568
522.2734815141044,247.47136271131706,57.690540023549026,132.21991038058854
522.0872915507441,243.99290943758263,56.243461942457,133.69286917415118
520.1761274461948,238.3711071171432,53.605707143743366,131.551952330655
520.7397763236269,238.36783326702346,51.89244137130094,132.11813137855074
517.1563127900741,240.60265059797553,52.1714900204377,133.47149476352163
511.10657123997873,244.66173685650915,53.661323462425386,136.20052073278245
504.55811094700346,244.1761626538106,54.914860259313414,137.26377118896082
495.41214569153226,237.89171172827776,55.77362426634955,135.32904144822965
483.90018996978137,234.48167092488,56.157917789929435,133.6703022542439
472.5275398597536,236.20781249341303,56.82814476779752,135.12829743749032
462.47756638946413,237.1625580423027,58.93318814392333,137.59109027525793
455.6937424715402,235.71293010017607,59.694103802036864,140.44283029037052
449.4169011564914,230.40458875181346,59.112929254399965,142.84119023318948
446.0513016986235,221.08424809971132,57.33338598263579,139.87829487723752
439.88209502688767,214.66000050247084,56.41401734368557,138.33314383148408
434.3255919923848,214.50140049635374,56.627395727144524,139.23063559176518
427.99058124721483,211.9917585233773,57.458244854203095,141.1160999576399
419.83890625714093,206.86130653347342,58.74014097692903,142.78026321479143
410.68594484746444,198.6038754051977,59.962262526750806,141.57088230728036
400.4440626614395,189.6065768247188,59.96824369567568,137.42366428269136
