453.0,367.0,69,159
451.78556610617744,371.0674214507773,71.71100279741077,157.73042199102346
444.953492216242,374.484830434773,73.43206586048477,157.60910499959456
437.9756325021099,374.67749544325466,74.09454188054593,156.4687090646625
429.6107778696638,373.5239124387856,74.17611882121929,149.99865339391323
419.58332939639917,377.3959211446685,74.32443007438917,148.74563329660054
410.3535394680167,383.0926493600101,74.88523673779464,150.450504502636
403.3064538023002,389.74767235426737,75.1265638309465,154.3034834164652
393.32808885238876,389.01338168014155,75.45316677764436,157.46826227448256
384.5534329353462,386.2952878666513,76.3584661605576,158.89083906161935
378.4353166663659,383.67267384093907,77.51147726297128,152.96800681030942
375.520027043947,388.96029804646366,78.95689415429351,150.49960044027586
373.44017779568503,391.41674266309207,81.70805383245812,150.59568337498777
369.35738236188024,391.94650094338937,82.87996183873953,153.43762555462752
365.1835610621539,390.2870924416509,82.0852399362391,156.2736849897451
361.01384397937267,388.34508205693584,81.15175540062968,156.42192695058145
356.98912599078454,384.8261658992107,80.46117062585282,151.68516209806296
354.5029726427267,385.9344718037712,79.52356521259343,151.62504442956697
350.6003598095056,386.657600268625,78.86593077161375,153.998031884625
347.30269506798965,391.2871425443975,78.33815234448944,158.01952594636123
343.3449027906766,389.51867357226223,78.01457063934997,161.059942894538
341.3174337458424,386.0651241030437,78.2758991098777,161.51306234078766
339.44675123153365,374.7537054189427,79.62312961701087,156.04510991406772
340.35326641812884,381.3371197287212,82.88593542546107,152.6356360308389
341.8452656985352,382.17706091427647,86.0580037591796,152.89746508550957
341.64840594500527,379.2912630469376,86.62619226038014,156.4014521776091
343.0719164104761,376.68133491843264,85.584957462251,157.20663558305665
345.0248374582481,372.24609045674123,84.52408606983191,155.9091557564394
345.9972943604064,364.6231911300524,83.07316030262469,152.0997786285671
346.7480721611852,365.5120298922033,82.41919991591085,152.65932034254652
346.80691000639047,367.7313409825556,81.64130694034405,155.4483592946545
346.61188245213316,367.6758455031778,80.6654257695618,159.19451260692557
345.3074217523133,360.65437518819635,80.32387719849834,162.1103780415761
344.05800887225774,354.072041420252,80.21158845665634,160.99498576301164
342.90830771786136,347.49773802872346,80.57547440802725,155.49372071989688
343.82329512173106,353.57814589903705,82.25999544989726,153.5479013171603
344.4950686264249,352.0052225340639,84.19354804988461,154.227042724841
345.1559401636327,351.4686673709191,83.66071488757834,156.36732224058372
347.85598657531165,347.79647303776994,82.67962841187675,155.52988717641324
348.4262335331401,345.6130877759508,82.82886838293858,150.6549279637233
350.6369751164837,347.70708310810727,83.4488586049232,147.1812317330042
350.51138797266674,354.39461966132717,83.23326653513524,147.54431780625185
348.3479863450054,370.07195807596946,82.23035787639544,150.10889146524858
349.09285025536246,376.20894338030024,82.2672719013844,153.59264180385264
348.2079048660561,384.692734991099,82.4500655120285,155.4458288459271
343.82955545659155,393.77046561287165,82.9345475340825,151.7036671629286
343.46558425563114,401.4884158641455,84.50843720162834,148.54681939475586
344.53270227779103,417.0796055777412,85.97939524910542,149.14114284842393
348.51522471531285,424.16863114602535,87.6625437334368,151.4710567997462
362.4750328217003,425.9967481393596,86.29376980581812,154.93164410214013
375.5493301207148,425.33978703896526,84.75830386989855,155.85448353925705
385.20793770052154,425.7709606800556,83.79484847591007,153.05744387426375
395.0069047375658,429.0193413329094,83.15135165768098,149.94047382832184
402.12344084247,436.40246969313125,82.68457583459124,150.3445357113938
408.17201430159395,440.44503095665243,81.97695528353086,153.94233554763258
414.92948420211593,445.38562469718147,81.76825937897128,157.9744171095433
418.279467560213,437.1028331841548,82.1456852409022,160.0207435437998
416.7238633113825,427.8221328821581,82.59051190262568,158.28624571029323
414.0631278123092,430.0690486851752,83.14696825233483,153.19372025660275
413.0432631294576,437.3529520324988,83.88967003014726,153.37933153070546
413.02730262850355,443.8037150602545,85.69225143244597,155.07784209628795
411.4435179749127,444.6856902982442,85.13609637439333,159.1028930851522
411.7695983879438,445.4289725122249,84.66469116356546,159.76806205562832
410.6131940592214,443.9950429618127,85.34502301436964,155.63228956465588
410.7492244161082,446.78903650892755,85.98775722247109,153.02980662081683
406.6148843596105,455.18758534511454,85.91760066554451,154.4501466925834
403.3306953853193,459.42786601702693,85.20549155358015,158.19861977258677
396.63920240608593,464.3411507635502,84.32666720931253,160.970866197509
393.48953077715777,458.40348694765925,84.11551242029384,162.6397118956971
385.709897805133,453.0650916034115,84.17026176278088,157.12695790645824
383.2247359238925,456.6573912120794,84.61772785924616,153.53180571060682
381.15099154870956,458.75802671937356,85.91563775219029,154.29089236203413
378.54463588867435,460.8218590084766,86.91124702147943,157.3134353033592
376.0899684731955,459.54309782359223,86.37771075868714,160.63774234109673
374.9278106886895,453.8723608254438,85.73135372027727,160.26309084911236
372.86045119036737,451.12912419536735,85.96186739465585,154.21654408973404
370.7372995865468,451.5435447646836,86.51163739917205,150.59757233586726
365.00307185674313,458.0835932290259,86.77571663807623,151.882068913042
358.9076609935374,459.4031873063525,85.88502591331591,155.01134389315445
356.58376570879255,456.9770468781197,85.54099519374299,159.91172045274493
350.57116380439794,449.51270780538584,85.7051760533135,163.13794498493144
342.85060326820894,442.66550036803517,85.76168408858213,158.61147362916398
340.5438317030577,440.2951251917098,86.90193009974392,156.39836655993972
339.2383211258659,439.5778940557333,89.6663020842056,157.56311447642406
336.8798114623278,440.30959561886175,91.95842517104761,161.10160344001088
333.1560633148765,437.8542226488049,90.96491194446575,166.12715650903078
327.2101807246315,429.2435515098577,89.78743274019004,166.23790308380023
324.22575874194456,424.13188802439214,89.74904403954835,161.42091633402825
321.5036614035424,422.26370070158816,90.25476215385271,158.32776217104245
317.12872356694595,421.54130220686653,90.41610633290497,160.60471248079818
313.1729177282184,421.2348637999486,90.06886791270375,164.6013173219778
307.98941989152013,416.1265828306474,90.26108941617855,169.60678917268956
302.793851872051,404.7955712841534,90.20544811136674,172.20673951177122
298.16723054939445,397.37479160722694,89.95716487777364,167.27904227382737
294.66357408632416,390.62988841086553,90.87381007930485,164.20680643022206
296.52436229142245,387.3092347494563,93.77467019254576,165.64035008116554
295.12335080918604,383.68053748887,95.45559940701855,168.77280563749434
291.19058606207955,377.30394792554534,95.24709325670031,171.46415615086244
288.3204181459825,367.5179923218136,94.68384022170683,172.2072709716072
286.2933678084817,358.6008052244888,94.61751853342717,167.55653774438179
285.1814080042535,354.32741461314004,95.9357984934461,166.79692248270436
281.1154530296988,354.2665126500111,96.2368368605242,169.52291342068082
277.14043747577705,352.2926697617888,95.89145781211778,173.08302595493808
272.88871790368324,345.8772322616297,96.02575633130536,176.97243367010003
267.4351816931876,335.92536751552416,95.68075355698426,179.67798200996728
262.30567651086193,322.0593598327292,95.61047925366675,175.83895245368223
259.036604175628,317.38430317061864,96.66943691241592,173.99210532868463
263.2975947063243,314.8407800904341,101.04033915180453,175.89256701639738
262.34088703789365,311.6615175959987,103.70204550429084,178.9208307747995
257.0466156204164,305.70587786119916,103.51831050721407,181.57765467799229
253.15049136733123,300.145105868066,103.14674065400942,181.62699407441488
249.80866079190986,291.9511696667469,102.54921284000842,176.45987380127178
248.1025853480945,290.44989697520447,102.47515767295165,176.01527562966916
246.78135938894496,291.13776958608366,102.21398410296948,177.8123209352546
237.41629797447496,277.28154752229807,102.05366503737822,184.18119816829446
236.57217095554387,278.81740430379557,102.16782239555288,187.71037571858074
229.93807307386032,270.54837110571054,100.96232431126374,189.91604465381323
224.04993778740734,260.7455203661657,100.97364127088842,185.31239554696546
221.04875650494807,259.5618748756176,102.6516019803382,184.96850488743667
221.62214258609174,257.0641092763416,106.99805491570714,186.25389204302
219.64494735418313,256.17015145775014,109.19609772327436,190.5899644184841
215.46328835019855,248.8308224759088,109.72622481327478,194.7222356634168
209.5015925733841,240.56466179600594,110.11940396455992,195.44785536306625
204.93175468230635,232.12807945437294,109.77464371155921,191.16422072992603
200.35960961413514,230.77901414605702,110.20378492212038,193.40434353405783
196.84299232180769,236.98308334626356,110.02327438958777,196.70006255551976
193.54374486873724,235.54401470369356,109.88946949104115,201.04334876644097
182.2722974735342,215.54260864653907,110.71568947675974,208.04628295106247
178.2487435234887,221.7071699423555,111.03031446669448,212.74145235161714
172.3319794388692,215.99353566809447,111.41328111249595,209.4264113298267
165.56739550454563,222.40971646210727,113.83582056317437,206.4298651714886
171.08599914066443,219.53106695035993,123.20187256828054,208.86398304263952
166.45582634375677,221.55953352426565,127.89337050584587,213.4048892502968
163.31849172548507,221.06936629168231,128.83545917598298,215.67800935999475
162.16842790579125,219.18284509550494,129.02346523333938,216.72070507266199
160.3766361603325,210.71722092408163,128.29534218128808,211.69199247800861
158.97980055948977,212.38984271581722,128.57113008219235,211.96118981250618
158.21475590306213,217.09167595616793,128.43355582082887,214.57192762867976
159.00548940572398,218.6649314739576,128.14774311238017,218.90057528450666
158.4432577820548,218.86472092140224,128.4541521604998,221.97005156539862
155.83152320876866,212.12765873975735,127.43720382660334,226.1601183115009
153.93201425542958,200.17793497375496,126.7577061082815,227.4556840075682
153.78871700000872,196.9695474411361,130.14598518943572,226.0977398345247
160.87928393987164,200.62741931223707,136.8417433995536,229.38612206888524
161.4972794872735,210.76955330976324,139.6141751563124,230.24595807773912
161.92597124400498,201.97524596694575,140.9754195725369,233.6817407321241
161.02721056435172,199.93837709627087,140.7698891740309,234.31901607113016
160.4435936697521,186.35394548926826,139.66856827573022,233.0411629765416
158.2649817428939,183.29046202648433,140.1804552153841,234.3420190622657
158.69859626889755,188.21245394675563,140.33507674931428,240.39769342484811
153.80668807027251,197.06055380445372,139.92712068562682,244.3209395102332
154.2625872792054,184.18639052769285,140.34942871307356,250.89769623953617
150.84377307714718,175.59135887131652,139.26841698047127,254.74181228666382
144.74957103009154,163.41904694733017,138.45572244177004,255.72071347838653
140.8588705076109,154.451972077481,141.25280952188757,252.57405267120984
144.56650804685648,160.9110857186671,148.29340602542763,254.00708271305643
142.539444682945,164.26640495361298,152.24358988215687,256.7752650439459
140.22766116918493,161.42018514612423,152.75900261280202,261.1920088581422
137.18607567278264,154.9702253417182,153.09748366420038,262.09693334976674
132.24536970366333,143.73741567391477,152.63691562197022,259.04808735334234
130.09147939638592,135.09813432837052,153.4061830529313,256.84019984911833
129.05367771354264,131.59049419643907,153.72257011002407,262.1743888043875
127.5549233634035,140.57214067072653,154.24504218920862,268.0009518128438
124.52757723784117,140.18172453181515,154.14067682314578,272.5386200281666
118.34471967921004,134.76517506015517,154.2254471161893,275.40431174492403
112.3633467859906,129.49671997256658,153.24928909403442,274.5748889122887
115.92164526314163,117.93405004346383,155.11810473738862,268.26352222752547
143.64484978884673,117.9920539522397,157.19360730707217,268.9871140193487
168.69082703188923,125.5124754537751,160.38003416864342,268.5853701373717
197.84975016520298,122.06610511839526,157.72741006998464,271.18428756594386
246.5886412638097,117.03426937016087,151.12151507980246,269.07254402335013
292.9093148419385,110.54585657088046,141.5468793493261,263.4368818289422
343.0178849745939,115.2381998753275,132.94662140823397,258.91730752473563
378.343766237335,125.04812103539959,126.90429491790815,260.6410320991227
409.43605056289795,132.82150652263033,123.1341549777197,263.59017176919247
444.06757997177056,141.72211244677823,119.72870114044329,265.7174877529279
461.90807022376936,148.61517428692116,116.8268954411332,266.46908379920455
473.62514581800116,159.41072976769323,113.10166759251332,266.3995792829729
481.341912129043,174.13056021831352,109.30271748996084,262.7988466043886
481.4920713496529,201.12526959998297,105.76869543545978,261.5418497160497
489.88785957443605,236.29851095778352,108.49268295073725,262.05565752779233
490.3935385684349,269.7834551277132,110.60663013852076,263.14125014496426
492.29198218787644,297.65353062759056,108.40971848557523,262.609717309272
495.8077801095499,321.13487969904054,104.87824471254079,260.7287452405908
496.6645099205811,334.0735222438746,103.44572991469711,259.21901386186016
500.02786977877014,338.9039174262717,104.60029681941283,262.0892903915973
499.35022175922967,347.14898623783046,106.41030477255632,266.24166985832346
496.78966298533567,350.9247203511867,108.73747700784426,270.59175192457974
492.6959068176369,346.0123733110234,109.82843172605436,273.6964142666251
487.6753733147636,339.5762047564787,109.69506025523846,277.6459608483707
481.57157986095893,328.35725485886206,108.11230292456648,276.4548323232915
479.0226218293131,323.0171935015551,105.28578051129573,275.9366518152492
476.0447781057013,327.2283888762114,105.7682013569568,277.5354402651554
474.78379244069026,333.6137189729901,107.93946467916638,280.14209940753534
465.28075093164085,334.49065135004355,107.61302816601513,283.6510520362411
458.72226360053514,330.94947555860904,106.64662880478915,283.89185088473505
457.70122699801186,331.3085545180739,106.46561851374187,282.5156729462741
451.6128130196952,335.9291757722808,109.06743426334396,284.1928874691102
448.54274770884876,339.89563371526685,111.4929652756619,289.2614364268881
443.88850739863335,346.5788828233289,114.37761777109272,296.09659836701405
435.35473005760497,344.5628330788056,117.60221591018069,302.2256216841857
428.8302955495741,342.1601914504918,118.9550400043675,307.42995279237573
421.48762691696817,339.94450044220014,118.34405158598554,308.87378598083404
417.24802951138287,331.374728768346,117.25671807684365,308.0561149730736
412.26955338771637,336.78943606855427,116.2804427851141,309.57380730625084
415.17047893253164,340.3959073650441,120.4574735314211,314.0105839515525
408.1116516529713,345.9348357565725,122.93609000460427,316.80919201224555
401.83546869174404,344.0776441143048,122.90557018487127,317.9356236366247
401.973207353673,342.13189387855175,122.47103524382587,316.0515503776621
396.09984210940183,352.95454862975157,124.1600264745557,315.23363345338754
393.16802816816903,350.9971377104929,127.67251910311512,318.5164972840924
387.8336709766283,353.0254716555468,130.277390712759,323.634512011172
378.7879085222588,349.64158516232635,131.82936484024793,328.00567855230037
372.6995362526326,339.59019615627994,132.85150732871918,333.29278273626824
365.33716346209195,329.4533847234615,131.63515183558172,335.1759026722176
355.6937589069872,319.1638628767402,129.22231494969748,333.5105616000352
349.9015416615247,319.4376617078718,126.34568987031,333.545239328397
350.3324254324099,317.51717901219524,128.62820943791468,336.9018297197502
342.7659891344778,315.67683971656595,131.17850146737248,340.6125376078837
332.71698791944516,304.49210032217616,132.7126611240003,341.5751560451008
330.83502067628916,299.0756460117631,134.44931289546855,338.5339801932706
323.3376859911129,297.5767776613266,136.93812289082106,336.1670318355499
318.020460433837,299.30026511205426,141.92010818506037,339.9250129887821
310.3256589004268,298.4558706970912,146.74098566594336,345.765840392927
306.8573587348787,297.55061242700015,151.25058404391447,351.2283344721715
289.47099424394247,276.5045111360376,150.72826908047446,358.36808344081544
281.5136532313701,274.6072827840486,151.28894719936923,360.98279160963716
269.6044356424167,266.1359352323675,149.1277070843072,360.6482650333118
258.64675963319615,263.4592551478,146.07845949337332,364.5765763743219
261.8530556128879,263.01883539450955,150.10727378398985,370.37727672074647
244.41926310629577,267.68081550993367,150.37671426592405,374.8188194195858
233.78266769458747,257.2778041674934,153.09643829246565,379.65682452634127
222.9216684732338,245.9394286970267,154.26326095392304,382.1746399203997
212.6234805127678,243.5632243385832,155.58156070298,384.2281960982242
194.22279907113057,220.9363548735928,159.97752807844196,393.51672506726754
186.00940268260763,241.59123264158814,165.4209224179879,403.56133964846435
168.5069589501997,246.78179396955912,169.79214289061622,416.0952560550224
146.77043565385728,229.48156704802037,172.76128323330107,428.5117499371624
129.39981480718293,234.29985322742027,174.08150441883726,439.2983953518001
104.06373706353558,216.16948844359433,175.44421166394446,437.14140031007696
88.97911111198005,220.7337199927223,177.95501630143053,438.8594948290085
86.64198031712297,226.90442759390186,183.62610406301968,446.3033579469619
82.38439743256083,229.574436772698,183.29861846495646,450.10945775343214
83.73669239839778,231.06492964670213,183.75052267390757,456.9222952476114
92.47320875466077,221.88464134876324,184.66213351606908,459.11612379661415
116.7366333174548,215.0836530307501,182.60269161704352,454.2759617607654
144.46085950103492,220.63525269632783,182.5846591717583,452.9424157499225
177.9448991019642,219.49840786596468,183.54394813396218,455.89603705127377
237.81927930318767,228.8345753613226,184.5514133174528,458.1497274511829
283.2681901467521,217.34764441834642,185.99563264594892,459.8185356261978
320.461615087206,221.16801036298656,182.91591167129113,462.121529322855
350.0000465251968,213.62251153193495,172.80560152968445,464.22864026620823
389.42577593937045,203.17726589048362,164.33268274039975,458.8702301819234
428.3018535683352,209.57783865685565,159.01290052934525,454.90294695386683
460.90087198113747,204.97993532002343,156.78886272717824,452.15368526815627
498.8628403487104,203.88568469242887,158.16106857015737,452.1577382811579
525.6862290740207,195.5806807535393,159.72767002578655,450.73771686206203
549.4450419140791,182.7077056004573,155.33260293941998,445.0172365041635
573.5348705576253,187.43911696302447,151.45738901170256,440.3694772555917
585.6752331767983,183.55413635706768,152.22292842179397,441.5630224518803
589.0514099418499,187.69892361804676,156.28429559481572,444.7113141408596
591.8201510446049,185.95413475077302,161.32762393618071,445.9118293754071
588.8870998987841,179.0356875274976,164.1795660715725,448.0377863219579
588.8375571227473,173.25052290128662,159.7554582642711,450.6254495587549
597.0326610252957,166.26062989045758,150.79713522479904,444.87122679135047
599.1309626473624,158.75617339070044,146.70026342597845,441.02894350180225
607.4332564125198,162.28344479060456,146.59897179410098,438.0746204285565
606.6705214739588,164.74052564011805,151.75835280403533,437.7983981826545
604.1319891866086,164.1954322489188,156.9643236287358,435.16556250411554
603.5233145798029,156.27503826444388,159.5129716704722,432.84448523869037
621.4039064452757,159.98350096627522,155.03364829108938,427.9889612022152
626.0920762213995,165.6288600502678,154.84859291852925,429.3663338545425
623.6661085214978,172.54433698791053,158.84750097458266,430.7260538073821
620.0682788413422,176.43779121690582,163.85883416301863,431.9430515993915
612.5963224845511,177.20244285990645,168.02076445472596,434.0405793680777
608.164019528371,179.25404373159807,169.1093693905235,438.4378659059445
609.4279433204946,177.21916994412163,161.68540364221397,437.92607051214736
600.4841532522191,182.57891830894224,156.56602577095236,434.70095854813115
600.0300350720528,186.09053016831598,153.56422795159764,436.70568893094617
597.390881877581,198.1162965535882,158.41699723116596,439.9612850666517
571.3119693379216,203.80286447707923,161.5869072714225,439.7807761727947
557.4030135676569,204.99619102035365,160.44058541351436,439.0524482815583
554.5455503011797,211.96337873120123,156.50145921209383,435.83023106298816
544.3623163860327,215.1712873895812,156.03113505020013,437.0283053477907
527.3106050489831,221.26018726816721,159.61551475554936,438.9333913328062
515.3047326336922,227.92089865106846,168.54571661738117,439.8797908326287
507.2696830955722,230.37022398061413,175.5888381545588,440.32073978291237
509.42942007183115,225.4817526598178,172.6442421317284,447.2269548854425
509.0812257803326,221.8346485119497,166.53936118347548,448.85307236086624
501.2034009700806,219.50207381951566,162.4351475227294,447.3341397144843
487.2694943547839,218.14100505847426,167.8617986439479,448.1141385646921
486.63275286526243,220.19804938531666,177.20876795111576,449.3444102625698
478.39248035940216,209.06686222754962,182.38767722064887,453.7470433671664
472.9354769199482,214.43895238025303,182.43144484174422,453.85930837425957
476.03554081459106,214.9179291415523,178.55114127120856,452.71336657041104
489.728175831201,220.23418448866056,173.07468471455118,452.965987712132
494.34290932936597,220.65743136178762,169.35705853853375,457.4952263877529
495.10363576586525,235.8303210283008,170.10245136866013,459.763582796914
490.8489820829389,233.9502869920783,173.24237396888785,460.614715322484
486.9253721283956,231.3266035406542,174.50927161234935,463.69045136595724
486.99451168802955,236.29084558952724,168.2165735477691,466.75500926039865
484.55815929286166,226.5560949839121,160.8341513849798,466.43776730756645
483.4958806318453,234.11211875454754,160.093596402325,471.79459183660805
479.9108997628778,235.76014683708712,161.32605814025996,470.6791997340289
473.9658667301806,238.1530295123095,166.42144647127938,470.7409685632716
469.8604333726874,242.6397995811952,172.44688838157833,469.2026090895627
473.81021655942715,243.88556707975,175.44820091434883,469.79359362370315
479.2522288253041,247.9863684600623,173.4832437654075,467.50519887089104
477.13287580828353,248.0196627567001,175.40517733851112,466.58741398855295
476.8241464813602,252.70278934036793,181.90215259392028,466.02047722746727
470.5736159318766,264.04719956424594,189.6335603725749,460.6916421312737
459.90999828067817,261.228102345753,192.7941696984093,459.24927016200974
458.3462055397285,256.7289401248162,188.86181865687112,455.09793640075833
450.94100755457663,255.41270219288344,185.46359646311237,454.06378628806124
447.20525994286476,252.51512895464543,186.8743006709111,457.15556362391226
444.9019628777314,250.73837041074557,186.94024538711528,460.796727196087
435.7806560610779,259.561614699819,191.93652112979734,456.7295843210651
429.5035656697728,256.9863519895756,188.5016882405326,456.8271312259269
436.5951462682416,264.1829369794199,185.7740934498449,456.31677374623837
432.70864989736117,261.0896495568692,187.6595129494183,454.5563271069647
424.9527439741708,263.0379918649128,192.72930819423652,452.60092667056506
410.19697920023805,272.8534064832843,200.56835239053953,449.24145973850955
388.93202384685924,272.12372182585057,209.09985001135968,443.92189838931444
380.32931166417393,278.057686660303,211.2568124626677,442.47901754853467
357.83259820796775,277.10388835673245,207.0550489453926,434.8902762650507
338.8013680554354,280.95152195562656,201.11592233639487,431.32281668445
324.0525792292177,290.5698169199044,198.74460350445523,428.7651818340193
303.0095516572958,290.14910361433635,199.9540717342365,425.4801436014054
276.81160040025185,294.0545232311856,200.32971057644943,422.30101823489446
257.39632188614826,298.4508044067053,198.79124904996914,419.00625861823005
241.5382797831851,305.38950756336067,197.13330981839547,412.25580542991923
237.4326084945456,304.7137798037901,197.80620024723692,407.75252462093545
222.00103296238532,307.3677427330899,206.20377513968248,404.36671790296083
207.00643058186176,318.6362209797143,216.8087025569796,397.5339850425245
192.57003058862824,326.46549224341686,226.0286705121966,392.7731475932444
176.63325649416308,331.08640458580567,230.87292182612697,388.23688931471673
164.26231275753517,334.0766091898887,226.67694308844528,383.1648053018632
148.04762322103926,332.8047056730262,217.2125233333121,380.7542666324632
135.3452173116106,333.3577817358711,208.63735468341937,379.574994389586
122.74274176040447,337.29490123470947,209.68739855926918,376.8717758997217
106.89106515197686,338.120456126886,203.9663132995619,376.3868038106812
97.53171468733179,344.9891618853922,196.69551227572705,372.3426295983562
91.40557176577826,345.2959772318594,191.5786574938341,370.3063914835468
91.42507410116654,343.23340500227084,188.13645458087004,368.4909841849114
88.5801364798241,344.0583566018877,189.07437669855491,368.37147649349026
79.85679808468143,340.25342728623525,198.51519411384027,369.34876676542007
73.68981982065654,344.3853964836153,208.17788599345255,367.65575122222253
65.81773384108585,346.39042947418784,216.66192611665642,367.48467449888994
61.31304730302574,346.3339656720242,217.92801305996414,367.74420854852974
55.65066612544226,340.8036375002712,209.6744062745061,369.8558902826607
41.075067745489434,334.83596251965207,202.90006592503676,372.6658740329614
37.0901282947118,333.30902227890476,203.58539892815452,375.8779576394561
19.96765002239816,330.9149666599962,205.6656826212193,379.37590774446073
7.76200189939307,330.7098877335849,201.32807750004199,380.6008849332209
4.686411000405698,331.9197229157978,196.01710109489173,380.6244518734825
2.224499257220856,327.6725992212225,189.4270085656364,380.26200980950813
6.117894565769092,325.0958326969158,185.66328923760244,384.8369295768715
16.774739402840794,325.5702329813238,191.32494136033404,387.5321719768056
30.654095138890142,330.1773689819912,199.04669863823534,383.98440388172077
47.432071258804555,330.36537173177425,205.73500909371901,381.21423334309213
61.936225714789416,335.1988227997824,205.5254062364368,377.7279952695758
61.53819652001684,330.5485734569738,198.77556618848195,378.69890411144297
58.752265781034325,336.41750495508813,191.49073821332198,379.0755430683393
40.44451498438984,332.6562623909997,192.97452593942344,380.03565026682867
17.8139938515569,332.4595687819935,198.51437679883932,379.79756775827866
7.912637528216152,335.0723726143227,195.77900350802082,376.13165247643275
1.6206185558018973,341.6106575845927,191.95410590597433,371.8005659343303
-4.965351753733245,333.92885672957846,185.74726234535711,371.80027604279616
-7.741291813494357,334.41056594728445,173.81830750394184,373.0504806542593
-8.81155327824186,331.4896198344472,165.39779527718684,374.76334455962126
3.830568148153162,341.6454786774324,166.3873561353343,369.9927645689633
16.783705384170844,361.4532927460261,189.86706799142394,362.56878682240097
-1.2094594521463193,368.14510779206034,196.08337813280826,353.53183641783244
-17.79339763643911,378.5378201893568,191.42105430608134,344.6057866232395
-27.61017405562363,386.7100155861931,173.1774098788254,334.61588801706694
-26.714126772572172,384.5411031776963,152.99536169944122,330.4102558028106
-21.037980283358877,403.5433236633076,135.73614733429588,316.3236615112754
-18.256021117083378,404.66169242401276,124.38902587674488,309.6236671539276
-16.797921298133375,416.5574794670006,113.14982819196987,302.099915333577
-14.559186927268819,410.86688672088354,103.41381452836576,300.62184789612354
-11.327707374589124,407.6638038549828,102.78673188785012,301.41461030761246
0.10530129498810936,403.1095903473856,111.4224845682269,304.09310568218194
3.4868453515075473,394.43155831873486,121.72397165050053,310.58997784495216
9.713103709656053,388.4037456864726,133.93307602795352,317.7209204922893
7.789384956677736,377.5046958659489,145.10753990109765,327.1765518716178
7.792181992992965,370.40833792100244,153.42000002768594,336.4766286013545
10.772264944432138,364.1681394483257,163.5317335388701,345.03423501936425
15.690679318344323,359.41336064997273,180.32466553323323,350.4931944715389
18.069956471832796,356.7165818926593,196.71296181219378,353.7838467127283
25.189735213003544,359.7319121297446,211.0584873376648,352.34779073074515
48.85960649014325,360.9237600829117,208.15990689276038,351.7780596681609
68.18036507828216,362.7686635601256,195.19941998992005,351.06603591685814
80.19120695688562,362.56017574960765,191.46484560771313,351.7065222800815
85.2512275780709,362.852208510402,193.07490690440508,352.40150949286783
76.23803760515409,361.9998643903,193.4341725924262,353.7231410924469
64.03258422899353,364.41633130882167,195.42540161037232,352.03058811477854
68.25659198969879,360.73667932102524,185.2519222217743,350.64611767630885
58.23783727399743,365.80127239090353,180.30224903598952,350.1485233334273
45.98628510519886,357.8576306220167,180.91741392046166,353.5978185899509
17.086449588973522,361.04906233654003,199.54459960134983,353.65758211402937
16.32387188955876,361.1178527455586,208.91838781267936,353.3554505147422
8.20093767053794,361.2296302112037,216.3775130866585,354.0260606225145
6.788293730413088,366.02394517378036,214.3382990137832,350.61089261142365
3.3382204943545304,363.84396144414,204.34867497808781,350.67325264882936
9.266150819877765,365.1240265768855,203.32631042079134,350.4045042192759
7.014122073172516,369.4181629645316,204.32524096107684,349.2344443346087
0.0013145078613945316,368.7065030576433,201.7881119510741,347.82463426557274
-15.27135637208039,374.38569287068253,192.06709628908266,340.5335153816818
-13.240615830705835,374.12051207834054,181.07629391727104,338.5792578257408
-9.132641046727613,379.2187059384668,171.0018238415021,336.6925624883007
-7.474203553069458,376.27103485292685,162.12763684246704,336.9708392296932
-1.5808512202691816,375.38724446721017,162.28716020421024,337.4674239073766
8.04884162498358,380.06740651565315,170.7185704121422,334.47508076752183
14.411226405150302,381.5633099128729,184.45180866430877,333.1984839340198
23.67207224897868,378.06776065866245,196.96734842196452,333.5383373252532
25.904610516329498,375.1087960707005,194.70832657476288,335.2694989230521
41.78296229722636,376.9814196109626,189.44796090359415,336.3615321159654
58.53789056726214,373.09418703462876,191.9561707697726,339.1900744170706
72.38307098096175,375.7269288381787,195.54083435643588,339.0871884662207
70.91011332302993,376.668026214458,187.8380680316745,336.9836802370997
84.19746526297993,378.353134894197,181.516904190837,335.7384628776216
93.9199275341943,373.5447538690652,173.80769742184577,338.30725129507283
100.74237996063998,374.7473944195017,167.46870077207942,340.2319262488872
116.38229111551757,371.44857083220694,170.28580229044923,340.75633123597675
138.3452118097019,364.82280315531654,180.16135250364306,342.8503348514763
164.6328148077361,363.43441645646203,187.05355373413718,343.7358728976228
187.96236485460363,367.7115091022846,190.3934770779021,344.17265440285274
220.2028262890658,372.83510557306283,182.43977588866525,340.64225833629615
241.5864094017516,365.9476359304552,174.39612040548116,342.5009378558865
273.0978123982791,368.5154105314454,175.54689839680117,345.14407517734355
296.02579174775235,367.94461373439344,179.85951879941723,345.7695554901975
313.67267535171385,375.4103891001067,174.23872522430665,343.2556072978334
347.1710084263067,365.3247551211057,167.917596184496,345.41027369333557
375.6814976307967,367.76674108418405,162.29481113489098,348.4262041109288
409.25109327575973,366.0872504348024,156.81248019652745,349.0163255464108
441.6858909929083,370.8521627128256,160.01649316066784,347.7614033341144
460.9085055701803,376.7717776169901,162.57419369362384,343.36205389687916
479.69066090610914,383.5742996896608,159.28441915457856,336.54393602106904
510.7508867855772,380.10747576046424,161.00613048157993,334.81571864508714
524.7745698505346,379.06105943573306,163.0618527305715,335.344220239862
524.5607010855589,372.6364044101687,161.65487346364785,337.2679931816157
534.2445753245864,368.97253861635716,168.16749607934275,341.2961031872075
527.3679419008421,367.5316223853483,175.19206419636265,347.08290391094397
526.1906440548341,371.0881638447009,181.10635227119116,346.68368817973885
541.221245038904,374.2397785284717,175.10276749055117,342.2425193590723
595.9741547886141,371.50040475840086,165.42702611613115,339.39466777812015
614.376506572595,379.7725510294753,159.63037918879434,337.153536857065
632.6680329953164,382.53568123232986,161.76229216366409,334.4988584826059
640.9718808578359,380.6717145434329,172.2204533722189,332.8912816064935
647.7509711998437,384.525110205299,180.27921604757842,330.62919243119893
640.158683839594,384.0742603328689,184.34831225245253,328.7353599494965
623.1740901348674,384.7833507819677,183.26977016971833,325.4606727036427
613.2034879311119,391.6229552043717,176.49460494832311,324.0760195228973
603.7810498414417,391.881389129371,176.12189079563217,322.7261438603987
594.2896632841371,397.0144815864099,179.6385384219601,321.52355757913335
545.7289647293484,386.08458117200604,193.0362416838813,325.0262417087223
564.3783627242968,391.9130770509446,180.3620794830469,322.76097358365763
551.0286867508015,384.7816846691386,180.62734939878766,324.56629985117587
529.021424700966,384.4606110411794,189.8808871703337,325.4809690797506
502.65014284724487,389.773632202177,205.85282099496345,324.6442333983804
516.2806316726784,381.5516352674262,201.20732185972136,326.08676242413196
511.4216839602109,380.773021492138,195.7936254877813,326.2263874356459
491.7660435232365,384.7115584487577,193.40202550235517,324.67035844428136
479.79112587795487,388.08248370737454,189.48064497260586,321.7627364426728
474.23420112051895,380.05875735567724,186.11048569841526,326.6309899273174
467.0154059773306,374.29768703301966,182.25590069182314,331.4111872132575
449.59933987637686,369.9527307134065,182.53358953435563,335.74624145404647
421.2185176859954,370.89519734496787,168.07593459871242,336.5481978393612
426.99592954379875,377.0744532021505,160.04509769951184,334.4726451093709
430.3700698246096,377.25307284630594,157.2426179191402,334.4588506452788
429.7636740100952,380.11661277508915,153.42934753645028,335.1403401236499
420.29007375444326,371.1871204634089,155.39589619228536,335.85448832122904
410.9867410156303,359.7289916892304,158.43127260741127,345.6051574906799
393.2464510979532,356.6418472180367,163.474230372453,352.0906036596298
382.37765914509333,350.42375489913513,166.8474954305165,357.8279967935266
369.647701232543,354.50187258208945,171.55045324780457,362.2624596698055
354.5387327661499,346.50571025818505,174.87556791496576,367.2540518957393
338.3123522921801,337.82327889903286,173.8308923394679,371.3473081687311
334.010954989987,333.4565795305623,174.1830765922916,375.29713756973484
324.22296428291634,334.4400302795475,175.4073734361205,379.4709831420768
316.9411670051415,326.3170322669344,178.23488400729514,381.78485026105307
315.7311668932805,331.983543457434,177.58506001226712,383.2852019034914
319.76464918020827,320.49422863991896,174.93960422747404,388.55033056195896
331.24968438992346,316.6717229348489,170.63738048773124,394.0908497845991
348.170035056951,313.15935210621575,172.92302192711358,397.3154205434279
362.29497737326324,308.16063679900765,179.76981698198918,402.93003865784414
376.90245992894376,307.25526834409317,186.99186358937814,405.96269939579804
387.99520323011615,309.31864843772456,192.1613574557833,410.39990405228525
396.807110747274,306.4632724739397,190.27728851521763,412.14251633141754
401.8360578646921,305.1770111796476,184.5439792413189,409.92622056062675
423.2821176223657,307.2620977064803,181.67322203065925,404.8950855928988
441.1532676715609,307.9178484185166,180.23194732289375,404.7416652235137
457.71432944784044,305.61171591498623,186.6288667390848,407.15532183213685
467.3061906048255,304.5109338365238,193.79658485480212,411.1284924343742
465.6129992637801,305.10364853538545,197.8084558181429,413.776314989776
485.1830633528503,306.77443884657663,197.383293460315,413.0292167892686
511.57824091016477,303.45572085920185,194.42448131443606,412.6234398733932
520.0170812528858,298.0884859609385,203.4191150821192,412.6582026386699
537.211339695112,292.5735429731358,208.30257085391668,414.97263451271283
547.1148233049068,293.6882596858659,210.87109191557698,414.74979288412754
555.6914043338406,291.875739361333,205.21780778739682,418.36531204881834
572.7450019902824,293.9237808609543,194.52113493545096,419.41522514332576
586.3310836033612,286.8368129762192,185.88595901398077,418.57878493623343
593.9434421838305,293.61410614230897,179.75206216554224,417.2938519243665
604.8210798564096,302.7758734678329,183.5941989297589,418.2872118045685
601.9520568936291,288.3410433961224,188.9382018865699,423.43250671361454
600.4460308261712,292.537734206892,186.95965343554818,425.4789444280128
595.4026488840975,286.7028194488456,179.19290169469548,426.36349562379314
607.3807317866948,285.6520062164908,176.76346928793845,424.5198095885028
629.6631434214944,293.1200929807436,169.25516457302672,421.69972492718466
643.7425290197452,295.4057087078367,167.07063654058754,423.24494855112346
641.2124579096965,295.1315063369307,169.9139818856852,421.4730407929354
637.1210845515549,299.41524020287824,169.1140625863433,420.1714422016654
638.5603899669167,303.0219085915202,160.36264902124483,414.9816649946941
647.9323223495076,312.29594377241494,152.92225105293807,407.324097562592
655.8813962566054,314.4861818279164,154.32598312155477,402.854754264089
649.9140424640555,321.3091175414085,160.5366916832171,397.92104104022985
650.7671375722173,330.4055378855727,167.13470068564365,393.9843038675264
640.0643393767843,322.26263295520494,169.68556074838455,394.45602681419945
648.8592817106643,326.4702562854465,167.096286432187,395.13099011465386
672.06444365987,328.6189546585358,159.02544007283825,389.97141075128775
677.7179309907648,324.0019548943617,157.70833357511097,391.07052258432344
682.4869729853026,325.6596202360369,159.777305250098,392.49286279941055
674.3990868953247,323.4580091671463,165.14900028161637,395.33114353094174
668.0229656683648,323.16494659662396,166.38403082147363,397.600496211049
662.2318467974746,319.83301665814423,163.24947168825375,395.9423346036334
670.7898731898156,317.1303816621499,159.26696382544702,396.5891817440596
667.6846404783184,304.7749598684252,161.3855103031287,399.98899017525906
676.3939210940555,307.95813070995524,165.95315512634204,402.5712568906364
669.8461048928127,311.834364883326,170.25191252882763,405.9939594423324
660.8049747588176,312.0410188195782,169.40399701556788,407.0396359448279
669.5386792285083,312.0515963587999,161.84808709962397,407.68754824919705
688.2471839630593,316.8041261271637,157.871507318022,403.0201351968444
688.8913145044461,303.6911975868939,157.57653236806098,406.77406844925906
682.5856214609853,301.91515117956476,162.57402685342007,410.7886856779798
675.9207014749878,311.6265440112463,168.47601038010248,411.5529117333668
662.873559858822,313.1262157129259,167.86863345618423,408.7408241893826
652.8828936051322,302.16361501589626,163.46971694012623,411.49573749750436
657.196891793155,297.5094246437119,157.88578794689306,414.45377644499814
652.969986728476,293.4857207621874,159.03784026375126,416.0955445596096
647.2634659368844,281.6811761161441,164.88691700318444,421.68937506263364
631.8903626185377,292.3728558495702,176.72040391331527,423.7636571973439
617.2615416751465,278.1264954277207,177.7358583000975,429.6649473769804
611.6675142650053,289.5898759822473,176.06832230006768,432.3065456429273
622.3246907626383,283.53744553376964,171.21600543761397,435.3736868133201
619.0633286949381,269.10831558591644,169.13069734645177,440.76868987308893
607.2310374148577,270.37011921926586,166.29344885192526,442.81490682514016
592.5446727541901,268.9455349637327,170.65238422794812,444.49940248464395
582.6963574280473,274.04380186872316,172.75294554429598,444.40382082310055
577.6495081985784,266.1637165049654,169.937708456359,447.19585190217856
575.7963969616901,263.745850201399,161.1233010473228,446.6591479858739
575.8127447894622,256.8092643198714,159.84487785271642,447.8908402567416
561.0898567869008,267.9436266252891,170.84143510783912,448.6244349818437
541.4485514710317,269.7837577993332,183.18764437238966,449.1963698993805
527.0915066964803,259.15815298672453,188.03356985899234,453.57990374334787
510.423271320501,265.01920530748293,182.54569979063868,454.87379031276856
505.29863651818647,259.93368186081153,173.73893912183019,455.1927864248613
511.67873329836345,258.74555415800444,167.83775435053872,453.96772347110044
503.4548731981027,265.89013078396545,166.47236419949778,452.2378963910535
491.8739630374238,263.51057782500436,172.4212938958555,452.3972708636631
468.4356936886166,261.887026316376,175.8491021247199,452.19503306060733
462.4799929773163,262.82777585879336,171.4626519848206,453.22369022577266
461.5139426571796,255.26248920720437,162.0325700079064,452.99098227895064
458.7363899962495,252.30379816126992,159.76333450945418,456.5890284333195
463.66212233926035,259.0311569361919,171.54236298749495,459.4120208444131
447.12223716266,243.50561622304156,186.80719193444565,466.12118332540126
416.1480473175481,241.34227110787248,195.08101107779441,470.6029028526144
393.56365055778883,244.3293724483959,193.57023916762546,473.3419570075051
396.89633531228736,223.80742015030833,188.9528432914409,480.5799534005552
398.38220330206707,227.32837107170621,181.48025281969393,481.06759257338445
394.2722660927223,231.69065914148797,175.26799833213352,481.02880744944594
391.3090465698919,226.5692723320355,179.48874890123182,483.6676992324134
371.0338335204315,230.73178742702453,181.37499042984018,483.0390801752478
370.6884380181707,227.4911902248437,177.07298358279917,484.71558707960946
371.0970372896895,221.05262516882772,168.54704480538663,484.27301504320394
373.52163048781574,220.207835316388,165.8985420028842,485.41925978714585
373.59503208102274,212.92954300718662,168.96267631647015,489.9978170617986
367.55120800969763,220.05992703323426,183.82339574818286,490.42491522064086
356.611803578263,209.62201367976226,192.42547121261458,496.19698216195985
350.9271194138668,217.34629755420593,196.5146881742195,499.2374280849475
354.231250429628,202.58767098673053,191.40496129894714,500.0625425480233
363.42499311997904,207.54184586189768,182.3403518948075,499.671282641439
355.0980754192385,202.5765906602026,175.33805936660107,499.98607038857915
359.2810746683941,210.55254372960485,179.64649934485232,500.3920744060247
350.0559926602528,204.98020079223377,185.49729812676003,503.2155932885793
345.73785273018177,202.40411626354785,184.05069224471464,503.4884898850137
345.83581072656864,195.01404819292313,176.2197664863159,506.1811016122006
350.28417065540634,192.08772856385772,171.60063451926547,509.8308600109564
344.2805534616887,184.70520638205562,175.2316482035757,514.5910215620606
332.9881040773696,195.62366181636412,187.76320224565137,515.9145110840686
317.7237704775093,181.20198565114526,198.84460382037204,522.2015890004438
299.2651186228267,180.6324839591635,203.6996516703622,526.4297037125324
301.81125446797455,174.18750569957194,202.98176962850408,527.322956130153
303.11596736204706,170.55815867253466,196.75540048098398,527.6475681529776
299.76348076346903,172.05147762908945,193.4194801234525,529.5231128570555
