414.0,305.0,33,71
413.19058408492367,305.0673916653127,32.6458551455823,71.26435607367148
411.8279626629794,305.3776265881145,32.550541348845876,71.27685131595854
411.9918614927954,304.8566916868421,32.8129536501514,71.59347087436264
410.8342595997377,306.7969302580283,33.27177315892296,70.98989497710744
410.43923063170104,307.44407337180087,33.78143558718391,71.16072715776542
410.2032279297344,308.6807031809608,34.179969921781186,72.37777515663308
411.77217792803054,310.26253062341874,34.14735556972012,74.2212919025766
412.6773967300382,310.77020447296366,34.03459557800959,75.2721368304399
413.8623699823065,313.4419613600015,33.60542971312138,76.10371766085629
414.4524882530365,315.552341652162,32.983908991973884,76.58928642223856
415.65753729536476,315.9935267034515,32.62019762606735,75.98244427376106
416.6223702794018,317.36938925688617,32.21990482693851,75.16045244325886
418.1353382008919,318.9110812093516,31.884688588450576,74.4410059162577
418.3264896550925,319.2025034576111,31.297582213252582,74.30960795294186
419.96808572514135,323.5891545409683,31.281159482334445,75.91985070810244
420.69294909094356,324.4850444612318,31.219402721433156,77.64526752284895
421.0478333664051,326.84447670570273,31.588445816017963,79.27180098312583
419.9190639746785,330.4697060454117,32.61429514634605,80.61114027734058
418.1748817370403,330.0706171709601,33.66265718021624,80.87155252331428
418.4824698125864,331.01267935718397,34.23504206428042,80.41156145164771
419.1236507715976,332.029097742612,34.178678071062606,79.54277192200259
421.19135406216964,335.4872687169434,33.43360657292635,79.59989493916012
422.64292723146764,338.18991215681234,32.75702273433032,79.79247793246907
424.17532526313494,340.7689551147083,32.11065318466757,80.18895744636464
426.4539599400158,345.43447742609897,31.47557926547624,80.98642234506771
428.25979951636737,345.8116267388152,31.159172939921575,81.22891937393206
429.22159822376045,346.0017145306167,31.262919275135324,80.9104198157197
429.3212192658083,347.68160692834226,31.345064520141193,81.03238550854988
430.8542145748521,349.961131720385,31.09679240791293,82.23723668130023
431.15977379662047,351.0232139763998,31.599718153829347,83.70413662239568
432.8219465554607,354.1041870353239,31.73940767032857,84.80311579751631
434.8843421791253,356.35833862188224,31.461921720850942,85.21774048084484
437.46000462485745,358.3552101320328,30.704639798136718,85.48776088827807
438.2546189040666,359.44158250842133,29.985101181124588,84.54157863550108
441.0054636987223,359.89723911212553,29.22126559571946,83.31775016930366
443.60327930579274,361.43315100577024,28.53813132982077,81.68495226092044
446.41702145332334,364.75859627011243,28.502443909759513,80.29289657110323
448.9696201212216,366.6091269480179,28.508254264392672,78.30832691451104
453.2831127087713,368.01939552512647,29.059964768004342,76.97454513138769
456.9861063894196,368.5423342804496,28.92741490670762,75.78390748890543
461.7229825010491,371.836215141525,28.585742761573652,76.50411390640316
467.7193848008202,373.1760560280897,28.772686697187787,78.84555029733626
471.0820606191199,374.4214956099975,29.09866562699464,80.6504627594971
474.52808076022166,373.117674288617,29.422994973697314,78.77196038272687
477.88927923117456,375.8057753373,30.247015268119632,77.32332481368125
479.81585437465367,377.31302768064285,30.745702139364557,74.91987359379246
484.31036171127874,374.46295397655365,30.082035366504964,67.79326929298641
490.02123962006823,376.5321195614541,29.150620735449476,61.2259830450605
495.67037283600985,376.0371360513561,27.857633844581898,54.16187291681909
501.9222033814501,381.23576018801447,26.555342992959112,50.8103247167445
506.8039314085198,380.93725805503635,25.15188754917134,45.20925464188045
505.67450429953647,387.29819493945666,24.962804755419285,44.32324207909453
498.96873430758467,396.1508471447259,24.23711481988921,48.3820673072279
485.0749123314494,424.58251634683086,22.469087080265187,45.098868063174194
466.3687373217075,422.76834661170614,23.029302395159213,41.54695545822835
470.03667113813304,458.8112248477018,21.79748444492527,38.71216028994801
441.2176523411681,465.4282795698614,19.779725987829767,37.54544891691784
414.680295499612,466.86168543772914,19.443669254682234,36.283915196319086
387.8782648799326,466.8216897806021,19.326668787498132,37.80885279963559
375.88969119825845,468.61492980082323,19.093633960905034,37.80372499308005
362.53656924084504,453.76515427294294,18.901455634520893,40.71702116602817
354.726508376846,458.9179399148433,18.452188019257182,39.15500304384848
352.2955788905083,464.6025683777561,19.926031244862315,38.105562707378446
338.9578563288468,472.96750946750836,19.80463951515803,37.24884947318644
339.90118233417417,471.37249283044673,19.150386491319686,37.112527766840905
339.06676456561894,469.2511048909817,18.73684745567619,36.52035033766544
338.2407874908775,467.1100074937774,19.18496707146772,36.214135708246
336.5717198298513,469.246804188898,19.104065528285716,35.4501019493524
337.84212492007504,463.91030515001785,19.609787025084273,35.47890447047217
336.2825044305092,463.731669536818,19.24651457648155,34.92238785507493
331.7557810753135,461.7798991953482,20.167377668708877,35.74682697551448
326.4383269305146,460.00771605598567,20.530465889947315,35.456552751309886
320.93041887253236,460.29721084072037,21.14015407622434,35.26929444404758
315.5025340907458,465.91853655201044,21.480886103176324,36.83891413963145
310.315110229475,463.87031232205777,21.52212329104998,37.470106862232164
304.4045799998,464.02011378289836,22.40114426065394,39.20771249767986
301.27113457484046,461.8250035468171,21.70990522776049,39.6047689073424
296.4535270553124,464.89540681664323,22.645665005586068,38.126331142104114
291.1618227897531,463.58646257576424,23.781304371665673,37.25402339583482
288.50708389156546,465.30471106148724,24.00164795173241,36.01193865583413
286.81724147853095,467.032802542617,23.364967726531876,36.340972978730804
284.8786015848333,468.37126434893156,23.149565629161508,35.688280323133014
276.51201241110454,473.8585570835657,25.386421344783137,34.28953866489988
271.0918871869341,473.017685899943,26.45907840933488,33.11804006534844
273.58566236273043,472.1351662383819,24.148903851199346,33.0604475525331
268.8313125231705,460.5166962878227,22.91884925785829,35.38335547122965
265.9283871135234,455.5561833088345,22.552786930179735,35.16670137549513
260.2163672670778,453.967358398385,22.721341088402905,34.756613159284704
254.97103276318643,452.3847629642607,23.47266836034588,34.20075757977936
251.67694896007583,450.60963812607645,23.781722197035858,34.423019585249406
246.13538591430444,449.27216637731885,24.455546530766128,34.10005353686619
240.1246387751484,447.82198200438575,25.55119089452738,34.0666683154472
238.04481698887562,446.1737657629234,26.214519464631547,33.62733724856726
232.65087271240452,442.61899950959406,25.83734606689018,33.70418542905402
226.97106136461176,445.4957646144143,26.163094250756977,33.585657355643974
223.740825109654,443.58993697543565,25.902131213797485,33.48129700860134
221.7633701857597,442.7193820653559,26.150223434632977,34.37231680190536
221.86869899081765,442.83466165576,26.761129545220186,35.31149639062843
221.10651166009436,440.258775883549,27.64778600598318,35.43880809618324
221.9487102603096,437.7878119037655,27.31902540223236,35.38191098250809
227.21225380370092,441.9864481107007,28.540580283223143,34.17403065848148
225.55998054792497,435.6159853789479,29.029948877294586,35.033097296303325
225.99558817565938,433.1966731088892,29.729183450927362,35.30724582323732
227.55789896954968,432.68937909780965,30.291405735217033,34.34412693621667
229.82733282494803,430.2425649833428,29.74983721875631,34.44781528477924
230.7380962045602,425.65994802528616,28.743022983946005,36.058499029994124
229.99224464315324,422.84426392486995,28.093849336740362,37.216890546256245
228.6560785217786,420.7874893241594,28.604514709372513,38.09225767980611
228.8520787341659,421.51183660872425,27.870396975027557,38.24935229524675
228.2729996126821,421.0317292786983,28.04863578440144,38.90663421604087
226.4827784063833,421.37584927782626,28.30270795774122,39.21805852442555
224.1437792578833,423.6713091874545,28.483025590678714,39.116808504973875
222.32006294034161,424.51093576654984,28.08906113103554,39.60704997568938
219.95546201832792,426.8554088370723,27.852869908656686,39.89881672526947
221.35469211752908,429.5142094212322,28.221432415332472,40.392830547184076
218.92234681747763,434.8587400861725,28.883867766411907,39.905505667498815
216.4547315012422,433.19808741020313,28.61150257368747,40.106068221585986
213.01453018035255,436.3742214078712,28.72850799866991,40.256363702812344
209.74297409697323,441.8635460888766,30.051741015037898,38.661198227520245
206.6597474872672,442.35850989944714,30.143822896559357,38.72525620208227
203.59495565550938,444.6282928959622,29.7322536059734,38.02322988190376
200.27523716140473,450.85978482125137,29.750169598088977,37.94356207136445
197.39476218348582,451.8929213168048,29.76678056466899,38.49607875310919
194.4961017425679,455.16406023258895,30.23989795529389,38.665348773103375
187.9115545165738,463.43178980019786,30.42493784185242,38.409339100776194
185.59931043602958,460.5553136957502,29.912280006847098,38.61033513291358
181.7437827139511,463.92959788649523,30.387632936355576,38.68049233736108
179.71510597192977,470.53407701088895,29.744867401843592,37.545234039745594
188.4037670753909,465.1429947949249,30.757956571874438,34.590505771478284
182.9655229761576,470.1815480717934,31.802924689774667,32.92631730856166
179.9205663782302,473.670528599976,32.642395380746606,30.54706535864175
171.8354633007708,479.045492680224,32.45159384523572,29.862490591700382
182.76960347757236,480.07100529801403,33.58888294964042,28.78488454557347
196.72298616383566,501.3929302248744,30.826358910121673,32.50840529732144
195.2536225978504,510.4869086887063,29.018534528420254,33.47401282278265
194.19009889448859,511.4631252556696,27.316884730554108,34.56067270643427
193.33293913806457,516.0947369781761,25.135276814202896,35.079965740913465
188.58893078583307,516.9461211117716,24.673151611927604,35.31950399227698
187.20944934873592,521.6277830844087,24.52747428836802,35.520678948369905
188.77571845501728,525.9432435232811,24.128860941527908,35.504519423164375
187.1065441199174,531.9173419594448,23.788636003329238,35.449068522516605
184.32611125522303,542.670569949566,24.14473641289379,34.41137780106327
179.7004587525062,543.8344309265407,24.409385229362595,34.74787856439903
170.10014035332108,549.6632438924495,24.690618951560978,35.09356378980807
163.27971955492717,555.4979692356625,25.78768308252848,35.81669122838216
160.0916312072828,560.5086522275824,26.120891027817212,35.69895073282355
156.64096847546196,570.1629288920751,26.551658324954985,35.18141302883804
153.18919172987123,578.374455187208,26.192661462132556,34.4967637588847
147.4270021954872,590.8066561823365,25.857573978166236,33.82030427351062
145.63410833917385,596.3069957099175,25.850458553585867,33.891509373622036
138.43969292527845,616.4713063254387,25.237504103056384,32.97122859668116
131.62616471082677,626.0790361961591,25.59765379367849,32.33183391871701
126.98381182209401,628.298384535782,26.049908704444785,31.443758272185967
125.45538659742073,621.0214459623891,26.05622204441637,31.447769696315703
116.26614915189901,624.3444252590701,26.701901220127752,31.740035895433884
106.54046566634084,635.1374941162122,26.708230349447245,31.525251330563922
101.42662003013206,638.8388323795525,26.476166678017137,31.473725316578474
95.2087143563495,651.5806895569165,26.0197050763635,30.34300778802245
92.3841454216501,656.6282966538389,23.948948536582613,30.40395967083775
86.62439088875891,665.887017558553,22.409070395333732,29.71472678474955
79.39577086230302,679.39209233574,22.11782869775723,29.322970174711458
87.78384744542737,665.0772398626793,22.12719799244603,29.685531871320983
96.61042942677089,657.821577346631,24.008251864231642,29.780490326269216
93.92624373093703,656.1121036944007,23.938497645547805,30.28040076549535
101.19576710096445,635.9163792125413,25.65872824924298,31.720830442104884
97.57588863072618,638.6412361786271,26.984819418235148,30.171674981612917
93.79775656556765,647.713422887095,25.893378470427198,30.57103325413016
88.16431114250055,659.0879554352715,25.73934799087781,31.336387713441443
83.8909696740303,663.143245670194,27.08686558358002,30.07524114252206
81.17467809224848,666.0591321467807,28.51647328327647,26.583868885149464
78.30481679448506,675.5255270298097,29.92805562001424,24.079317034130444
72.24231098203839,681.6337518510336,30.411435164829463,23.86821559724931
62.28662091631384,686.4906605423591,31.442657825575445,22.923792135496466
45.55408607387642,693.3289812594421,27.68704727363388,23.897846502111925
38.90771501251463,696.9773231176296,28.40206875426762,22.340351933686172
38.5324244736493,703.5154887631608,29.9460381986975,20.366773328170744
38.19193196210898,697.5373022020718,28.28190756015703,22.1646534083563
38.19846321589522,694.6426602807967,27.4196324061002,23.11754961662919
47.122566276492705,686.0152996752826,25.65305317699506,25.295023208028518
54.46731089069531,676.9218003674433,23.219423323589854,29.898556247535204
50.81221817022366,677.5712497851559,21.951087036017526,34.10639416748102
49.35494049462008,681.8221305979955,22.148692924334057,34.86265866484882
47.02591844023573,686.3276217534172,22.99719723818089,34.186431297852955
43.04569668271025,689.1199952770905,23.180022345028714,32.432037033709506
41.544729702910644,692.3179425004942,24.581698431092768,30.18548035545692
39.284005579124205,695.4998935854367,25.60245240376331,28.617850463403954
41.906199658721626,696.1065521350215,26.407632420837995,27.173912026343665
43.47081427738509,694.8066134895556,26.34553422599155,26.715561778212965
38.12475515874811,685.5845390795633,26.14322802478894,27.233677578177904
22.70650061210913,670.4292009947817,25.783036068262206,26.78958537615916
22.36829421744842,671.2309027299651,24.589842839517225,26.91839015774563
20.534107707387147,675.7648086047878,23.671019509542113,27.58458719716255
19.475158684271314,679.3995346342869,22.880599989855806,28.765437262188
14.18971541616113,689.0850057503125,23.211587844435552,28.911531468124984
14.10545849764034,693.3452175635585,23.839414120441976,27.49425725569533
14.520233920888337,698.2022772877974,25.168630974141294,25.285699635830944
11.449469344324143,701.77314876888,27.124079194652495,22.544423592611025
13.113583472762425,703.730160468207,27.716345017365775,21.826483262804633
19.55428160883362,702.88461336468,28.289744582625726,21.49953395179234
25.57718320700379,697.4786697630226,28.164198954644764,21.83425593293923
36.66870722634333,702.8363313553557,26.777118018016463,19.868253732159786
38.538894152333114,700.1071643273763,24.89627175392752,20.94726192141932
34.79735625304246,693.1225333333183,23.77523683473539,23.22218034264066
33.41003939051005,694.556220234758,23.361516067612712,23.953599569546427
43.00414705046818,689.9455445302553,23.920149807755053,25.779885670934554
44.501370607264704,694.992263327821,24.510335567697155,25.27020356896738
43.80426100650979,699.0720189762615,24.9690384117851,22.695393810172497
41.81790250916812,703.5961976383326,25.93157779416376,20.243395738959844
43.99101600005634,701.7415015571102,25.36464768738732,19.78361370706873
43.43041896732946,706.1148837561886,26.020311357333277,18.96984033674369
45.81117053852694,704.4742327729434,26.8022881343719,18.028463165050738
43.24998928902689,702.4106767961484,26.034796202219653,18.572254500964927
40.923607640052495,703.9117351717101,26.19901885075439,18.418129693200903
49.42511627257973,696.5802760587128,24.418650206305383,20.11816492359009
51.192637432987745,688.6048488167178,22.91250803197373,22.034099668810487
56.55701937638536,682.869659851748,23.20635767056912,24.953024962031282
57.251380417861014,686.9042035915476,24.022645048067034,26.475116376475214
55.26858215696832,687.414684014191,24.90755309328992,28.108498182555444
54.14126690586188,689.7505564221609,24.636792970502803,29.0965281468891
52.19464615027046,692.5608624193558,25.054273068111428,28.19562745621033
52.943329347466786,694.7891344094585,26.439894649792993,26.35530204289948
53.21557036004943,697.8348896658357,28.262272060662852,23.92126223326997
54.12043903006397,698.5097761141326,29.53353600237206,22.432931902594298
53.455517567293526,697.7269901688943,28.227896139827017,22.389937508891023
54.96429918042649,699.2549597706555,28.867193265123586,21.76415119843494
53.36762391026153,698.8528837492529,28.828579694125374,22.159077777373124
48.6153823401199,696.8456993813306,26.111123747494577,22.547859049838745
54.081329889476464,688.2628635739153,24.88594709360566,25.46654427550917
62.556290720026865,686.8371768103079,24.330396465219703,24.890610673817697
61.001887577268434,694.3329944149419,25.445764030033445,24.238018128123908
63.04280566043657,699.4984580860024,26.89049341545498,22.573762538932606
63.394621557636434,702.0001715133897,29.993639575156823,20.22482329402152
59.36572323574444,704.6647535956724,30.531126770698627,18.232725779846504
60.46185647867351,702.6913699044538,28.11678386882485,18.965954038748542
65.61883197110011,701.402925679658,25.499022764342747,20.066157918027816
65.7064298807045,700.8352615521658,24.136655009098803,20.643678250648886
75.20519556445967,693.5808903105268,22.614946090318924,22.81522438382926
73.85368190536856,693.36410801906,21.124484333794133,24.09068502389175
74.95513828206228,686.3943029824254,20.441125718590293,26.105513297844418
73.76320890949344,683.7539700454876,20.406550320661555,26.78506680599747
83.65475141612045,683.1453411886421,19.706251867466136,29.03303283267677
85.09562253051523,682.0479690120771,19.689599055180473,29.49205941236911
93.2760153020954,672.9894502158606,19.467332799129508,31.473713398845078
102.14116834876796,679.0409855448207,19.25588656906565,32.56557377119834
112.93135844879237,677.48950163761,20.097099081419174,33.785820638354224
111.70957990308528,684.783415920242,21.208716475567712,33.92549298861763
106.29740400793237,690.8334399276542,22.138025846439938,32.00906161197669
90.78033346589937,678.0091387485838,23.12531481868953,33.460375456933896
84.71969299002464,682.3837460945965,24.1764511171187,33.74534808180307
86.50783793975857,666.2706694544488,23.982195519408634,35.344014179481356
64.76710540867445,657.9860686241336,25.127997739779993,36.981163227807066
57.71760398327626,663.8852727857629,25.752742167724826,37.97740212134523
51.50754264684474,672.8038529071139,26.48796646412302,40.58860613645573
44.87845806451867,678.7397085614416,27.553394234732195,39.615439139323925
38.641366370469086,681.3633939276463,29.04176829665949,38.43766374382865
36.45532139939717,688.2099116977381,30.652185265170502,36.09309316946522
25.728618292152007,673.4410337103373,30.899147693039737,37.256436607645824
29.726055982403015,657.226908065243,28.81538986624866,38.65898446765849
36.10606023676311,653.8632772664325,28.42172962413003,38.74688754477169
29.75192327246113,661.9511006817099,27.55963001757774,38.916791251326146
33.64286151735476,652.2413297281302,27.59150474849361,39.075949552528684
47.422664358694135,648.6518331934517,27.246620745502362,39.8259570261826
57.88297667073924,621.7735858427218,26.83415957356058,43.178604986919794
38.217975853868325,628.8194626797815,27.101859571560222,42.90208263604241
11.058725641118263,649.4504729865207,27.17622700145488,42.15802161729054
-4.868799948209658,668.1125550537635,23.588231610286503,45.969706481828496
-7.02117928261578,666.3503751209813,22.537063765426872,47.541917909892824
4.209834875101503,656.925059655395,24.51316106034387,50.23721436840924
-2.2103508141732817,662.271743023029,23.36116183342469,53.38398130013333
-3.2804663193208228,656.1483618493618,21.863605978485396,57.544592524420956
-0.9858629231234843,654.1679738321259,22.569183731989156,59.435010282525695
-3.773949055611533,656.4776613477586,21.74737626063713,59.801948117470964
-1.6413552166163594,656.6370853562856,22.254069686162406,60.61576001252642
2.501301674575533,653.9938586242413,24.782324019012997,60.71834506841194
-1.1985707750820644,650.1260188771612,24.58775434313288,61.82694936725957
-3.5076865488978477,652.9578453836956,23.017829762834758,61.75582565106575
-2.0938094230765216,643.8279350318937,22.78805219576242,64.44457091521635
-6.314237895576593,633.4079586662632,22.347973471817248,66.00968233788373
1.4893312142329567,630.036105065963,23.1036892561044,67.57892054434345
0.051691522294339265,623.4673171284941,23.462260265958196,67.37650008139086
1.9463690208168316,627.766681568774,25.1099627640304,67.50512715786218
-1.257578351518763,621.1306176180719,24.79204268936565,69.39750957586793
-4.026173230631247,635.4769325360505,23.436928980793745,72.21832273307473
0.9472784641433023,650.9191127392571,25.114720415463395,70.59131706298969
-0.9612057535364862,654.6801574840089,25.446291511955785,67.92109524926751
-1.0741878975351131,648.3859377741248,26.41059808510929,67.80409033309789
-2.3211999657800853,632.7395861815744,25.85388674796642,70.95146881116753
-3.242199459552179,617.8821182718802,24.431786614416858,71.16454305829036
0.3480752125595359,618.4244699829479,24.240281459646553,68.41458695060811
-6.172192118134955,625.7573878848132,23.48171333783241,67.32376335390883
-0.1655309597028154,649.1871135419981,22.77062185592907,66.83693166844513
8.68277160631194,662.739726681646,25.708446655540182,62.81266852391523
22.102962641363703,671.6148673155485,30.55429810594447,57.160791186774084
32.26363494428544,676.6402054091537,38.2480444424838,50.90999598100885
35.640418691292716,685.1903337364474,43.87535158225832,43.57232782739813
31.416083965004063,691.0215138009617,46.80145328581219,36.84183720520564
30.704285100362846,695.7750889014418,50.440459340289934,32.12818981186244
30.31601085771609,698.6222473090967,52.24924964687251,29.52090912936516
26.641816929939655,689.8629077051844,46.37273821043319,31.53201997781486
25.107141941934884,691.9295247215741,43.182032644450544,32.49323784933221
24.89743380361877,675.884946133351,39.309975532410895,36.048772284079284
25.746018612906205,673.6133220682732,38.45571668043759,36.340021512867644
42.46354580687617,676.3609389117589,36.53439520265391,37.12658714230253
41.129481426486095,675.1102676362093,34.259362952691866,38.33659363383148
50.72271655709473,678.7357803211916,32.11894371686524,38.335064723827855
56.46655188155011,683.7066700212532,31.55537585115759,37.86365275534517
59.62974919608618,688.2570066051127,31.54593678849171,37.45517929465749
89.55968062974581,660.5553138537445,28.915260932891197,36.77966922854619
88.66820803459066,666.4225539923877,27.31841486343586,36.45981602645491
87.7069259372064,671.7803921075861,25.891033989845006,36.86726296500365
86.28386062258825,678.3139172694256,24.275197150819597,38.19135644015267
86.33426742539905,685.0481195528656,24.424917602815178,36.59741781565545
87.86995303374937,682.3882025227516,25.018097167364534,36.586998274809346
88.51145686893679,684.1945228351145,25.556332783122524,36.113777205747525
93.79462153193157,686.3547800810476,26.14585672861734,34.10941719386193
98.32858914304707,675.4418516575622,26.86139928958946,34.70763579620361
99.47506606173643,660.0575833291297,26.816721209046687,35.53418636908446
87.34760131876453,652.0565584149642,24.67659301676781,36.17074242300127
85.70475987054074,651.6298597508218,23.830882480598213,37.886093486637755
85.69282819942202,660.9542828589249,23.067872959066097,39.65698603996276
83.83084533398552,670.0585731704613,22.62995056738053,40.34392848817898
78.07618598692693,677.8962718212954,22.213747410911758,40.30256438963579
71.59549827264654,685.7748038011572,22.22223435070303,38.58949151877933
64.27201189442711,676.5940957089344,21.944043838098917,39.174578662697414
74.5218708995307,677.8612392468842,22.390141867930794,40.141764059942574
73.49289341702503,677.4249580979895,21.046516022395256,40.599844241032855
65.76996508523612,672.4204521366946,24.004007512633237,40.23043819487256
63.121788159033976,666.1825902064892,24.798225134568764,42.121536811142704
78.99493135354234,664.2187251427315,24.30709621625517,41.357601289244
77.04785943795355,661.0246795980665,22.978904232003067,41.63019860415977
67.69850990833343,663.6699656544375,22.581228779524533,42.362590968956916
63.05847111703432,662.2907881541621,22.57549398419307,42.11440757839458
67.74155050754887,652.7215709026631,26.4702757549218,40.215397013033225
67.93056231014887,653.1506492249127,28.904508009096798,37.9521347777136
71.84256770620027,639.0811737920142,32.85825295429869,34.61258527729972
66.44839397239495,644.8959932210411,34.196580585483524,33.77065088701933
94.29477541727351,630.0274442375658,32.88891901408577,38.25578047018088
92.80232679789374,633.2228975532064,30.681555510657827,42.11032671975897
86.54940240503676,639.2213204459854,29.337672851059303,45.06253183752133
98.32821080591005,649.6292615518366,30.1483116645471,48.99095809749849
95.16823203023215,650.6378764630117,31.004539357504445,53.98434839233605
92.1208600612581,656.5909188198469,31.701288300335378,57.36450330268899
84.18331274714639,663.7659710541966,32.481107049652536,56.372049590825554
92.40965090165122,661.2152696523879,33.478534500408514,56.95639306827125
91.04232916767003,664.078467924147,34.90667467247242,55.733399234713694
87.5606717791967,664.3847726315666,36.50785260859878,54.979356104054276
101.5812711281032,652.4923412270444,37.54174241176236,57.5117317304814
99.59864003939285,653.5896899631291,38.661164135081506,58.21400691456215
99.27292773986315,651.064279902165,39.14440636109403,57.92510535680269
96.79313766724026,659.8463090208093,39.74554229247261,57.29152807654544
107.57487206132207,657.2735115317206,39.92799940762931,57.18178247855099
155.7172884841068,626.749667295732,37.797341366747304,55.224618655606236
159.8798241448194,634.3282313624983,33.437525782626864,51.89689726035495
155.2589677847812,647.1684148562061,29.872094337664194,50.23050732372047
150.34695357238027,656.2368095917979,26.589601156020684,48.56117085546677
145.45400442779766,667.0011077603599,24.570949274287507,46.271893365998935
136.4964644302202,675.1293383827489,22.760985018954162,44.286367179814775
126.65081262350256,679.7274324261966,21.19030285358081,41.67237818959888
116.66420988631134,668.9131825535633,22.32499972200622,43.04140222685794
115.73383822334553,658.0208722071449,22.386243536219094,41.650119599382116
121.0113460376896,659.7163830005439,22.963201174132504,40.75423045887315
112.60730561684626,670.5125847236401,22.31385403730357,40.92374412693857
106.31046553656935,677.3612996127104,23.246630267193318,41.2407339044621
112.67149615793757,680.2755785244065,22.41902398051159,40.3481349433747
109.49469099778285,686.2413715234485,22.86158541166086,38.41731188474354
106.14181262442278,679.9199273266761,22.08783471209192,38.681271140104805
107.0618815525882,682.0173649604249,23.293084123827484,37.07778838969717
103.38149956585072,686.9385065704375,24.101838514782933,35.65780741576549
114.21828231311167,676.6954856479504,24.487965403073538,36.55537880175549
124.3334896449612,673.6730639541759,23.985013507929164,39.74647768246849
118.21234337467259,678.5075650901271,24.594333331221232,39.22957501994121
116.40412131973684,684.1141551096212,25.49871842009663,36.723792441890566
121.00734073233143,687.8590787288174,27.35651909686057,34.788388562872974
126.01173424255458,678.3115340138272,26.9801631066877,37.267869777521355
120.82157783854622,680.8601099127688,26.864267723786458,36.74579122182547
140.28125397310606,672.0972563477893,26.48236052302615,35.89011254856196
128.5630247862872,649.001868774076,22.394023364437302,38.58376397772696
124.46065110145496,651.5048516119941,20.213837262422118,42.46256392689076
118.93946203182226,659.3897604467575,18.885579415359395,46.02535734134824
112.12411044674624,665.9594360661089,18.687318352112978,48.653645262801845
104.26473772990994,659.9414094162805,19.448590030902793,53.81287513716562
96.47792977577882,656.5885064415047,20.626408209672846,58.02858404081878
