799.0,638.0,62,82
835.2149500565604,636.5095227621568,61.82382303141057,81.07452137021755
859.994885096509,631.9263407446289,67.73959992416947,83.71497598144528
905.5565584245626,626.6992924546145,67.75510824853113,86.51096098920851
939.9243588818858,626.6198521556865,67.5110844823221,87.86393338393944
975.3470185818625,626.3346568112772,68.63939789486881,86.95275668994543
997.8351029784968,624.3791529040933,74.95131503910001,88.53917954337598
1034.926378974458,612.6236561995837,75.74425743194345,88.34353843091075
1073.525055990579,613.3159322113391,74.22564485477976,88.45181477654043
1105.539776655956,616.7073004181872,72.68485098496298,87.66199828471944
1134.3916167701768,615.8914326670686,74.14266977995871,88.61407680453473
1172.513365398522,613.2955461087483,73.40951798225284,91.89837921805028
1204.6287652565022,616.83385055365,72.15076416473002,95.74846710559072
1183.539602009181,618.7710318344189,84.80171639179446,96.14040093077166
1209.3799792063937,630.5795830816896,78.01097664580647,92.2277356920896
1219.9969784201658,657.4286110546317,69.29928656787183,76.84022662120532
1226.5812361778167,670.7109375172836,60.60138262483538,62.980255092386
1246.0050731287927,671.8351380923813,47.765824201399,55.907024840628026
1247.4947957403756,655.2836158239149,44.949312327842776,56.692717082638964
1250.5691564201095,648.0081737144519,40.027473902944855,61.95900962676021
1251.2526863339679,656.4040911012578,36.29363856253299,63.2065120113517
1250.5238491278872,646.4873041070545,35.50550914168672,63.636979310305094
1252.2670403009743,639.8886696485309,33.86902608750451,61.9691664402429
1261.9230817203077,635.9156948654825,33.68629200372074,61.08099430223821
1260.3020757441666,608.7326423373835,29.13416027924488,62.778733879920516
1251.8290450725483,577.5415647049751,28.816763370528278,58.543060775596665
1241.9744563860497,546.3093303041481,33.47932514293964,61.3312829341841
1231.8442368892631,511.8601064197112,40.808962744911426,68.3478184716128
1220.70935308342,493.0398709744793,47.711680185698995,75.7812123357094
1206.2329283001789,465.1625773605206,55.367334317611025,83.91847473452526
1177.0391888797242,449.3773994045176,63.771567308911195,90.85124214555469
1145.6603106674424,439.8317413139705,68.63558594050554,101.5105514907113
1115.7037569941576,425.070021927625,72.8024774667627,105.67592751926162
1086.7164794479886,409.41993788916454,75.64925545949133,102.57631532274517
1057.7672349341935,406.3678668439025,76.72514316872228,103.22623378045668
1031.146825265964,401.2761692304334,75.36336240752522,104.97859873395734
1002.2992807703271,397.5688239133627,74.56238816637706,106.91355303997389
972.1952662851642,394.2553979353215,75.38028041795299,107.66226168550929
952.5074184426335,387.59262005749656,73.55999221629557,109.10726324194044
923.2251990084638,393.73912482656436,73.51572747135351,112.31196488544549
897.0670433365917,385.8068819105625,72.47583764322272,110.45251272916805
867.7520859435165,406.94232811671566,70.41574998796702,127.2495524457679
844.2657133588863,410.68442790700317,69.02274198339927,148.7950464687085
824.0118421942591,407.18233822775494,68.70046722281,167.42743017290812
797.2927364712206,405.63210358187354,71.20972359076198,182.3280398455303
786.0506971190779,463.4675869413112,72.50697368176611,161.28012000165498
766.3553268721095,475.9109682929763,74.73398736906232,151.05879308934036
759.9647525158294,485.7280747066782,71.51412900154428,143.0756117560771
755.577091868202,489.24315732002,64.24535239640848,135.87326635361242
741.7609031344001,494.01499711911936,61.38282629955916,125.67873836674181
724.9065708609055,502.60589795534304,62.80999670592334,119.38924016109124
706.8315263555068,510.8046420641292,63.194460716720926,113.11589745133143
702.9464082702438,514.8502998568318,60.827337268106305,107.50679011787935
702.0836104933426,520.2241468604412,59.2377167574555,107.82022281964491
699.8723536503838,523.1622113706622,56.518262669935524,109.73245439490589
693.3916258053246,523.335190193241,53.7317630377884,107.99071427904518
683.5302395883424,519.3211499489296,56.99491022761204,103.67626547079311
672.9647343965929,519.564266997138,61.35242207595475,105.71258386461072
676.2837350645541,515.5862669838023,60.22876400175115,101.37750723112592
688.4288711937469,519.2594542119548,59.71528617695931,102.2525988392739
701.1662853748289,513.7213205684927,57.062326711279674,106.0033656379168
710.576230257798,507.56538514108036,53.714543878935196,106.3763937193041
719.057328405733,498.61612468093625,51.14358293462776,100.34357919037356
725.1725488313884,493.30807675169035,54.388758538395,101.69816992191227
730.8142553611816,483.8651776897007,57.62405275419931,101.16764724511029
749.4105339137927,475.6304880278436,58.449958783742666,96.63101460593388
765.6022970577279,472.9365602533628,57.462092896262924,99.37516287950481
773.8669103314658,462.4122850093321,57.17584730581851,101.29831663905063
783.5078431119872,449.27397087267764,56.61257915688495,97.55117171900017
794.556346489441,441.0719262627382,54.51523670861795,95.30648774551973
798.7359039158924,435.1394162872268,55.934899931887074,96.74355969849556
808.9182499446854,424.517148894467,56.47636632156668,99.06563965003085
822.9165006520543,410.8610891992755,57.35950357870377,99.52946192127321
829.0758515532958,395.6094625366406,61.23852516489272,97.28698770748058
835.1906112355941,385.3780314823875,64.22629095654615,98.71274044098676
844.2369417567114,377.8812508138182,64.8806391916553,98.43902882890654
862.5720492891895,369.0801984494082,61.12506646068347,95.6267963995234
881.3664733814209,362.50395971010903,61.39574586411137,99.05820454218431
892.1320953984872,352.6746859516545,61.11822497450998,103.38176060401514
902.585935125834,345.42333711838563,57.337895373332074,107.03402492094358
910.3767811668741,339.5119467040716,53.60498869164244,107.50957674566543
918.4713782781132,330.82094156648594,52.8485947621329,105.92790293880545
925.523996901475,325.97568673414685,54.89399228103433,107.48740064059302
941.0362148577184,323.447950004364,54.62401193495392,109.76092219586187
952.6816387912896,320.5082278268725,52.32025513226439,110.02259921686053
962.0324578923506,311.4834679535317,55.91729246725182,107.8764097350264
973.4938957140563,308.00046577968004,59.44677888438752,105.15875929757351
988.4826069929322,309.35674180974223,56.50118616061984,102.93381710073035
999.0157452552638,312.1404650510136,53.243320280487985,104.17368262990641
1007.5631689145393,309.3069248890223,52.63876837209311,107.27072511209207
1011.8878713436095,305.56289715338124,54.800764881140466,109.76595221423358
1018.608839018106,302.5529734119841,56.40311053800675,109.9239832907779
1030.410960717313,296.0234873564546,56.266365918889775,107.19764656394628
1042.288195346958,292.9981020695979,54.22866301702137,108.66168618062845
1053.8448680334875,288.52545166003245,51.910880388103074,111.66829681421244
1060.710683841022,285.87257064619155,51.27238842147135,113.45745727939419
1067.5435964456444,276.98064663766604,52.58266794855508,112.0161771226171
1071.684068922532,270.4599351334683,54.66378354165465,111.36851321695008
1074.0383395114072,264.9899377675082,57.09769841859196,112.06235316371402
1077.3192272048643,262.0839656995068,58.98312762152158,110.65713421377934
1081.1336536446572,256.2456805586965,60.26067732982639,105.92147305008744
1088.6741001617631,254.94332969737863,60.69806432491138,103.29891036842633
1098.211938962477,249.71092605008405,60.11274316879618,104.34330750676548
1105.9092850489735,246.925058010539,58.9505033883813,105.12527918155871
1109.2134293944855,244.38935224717352,57.151937597747576,104.58093753446157
1113.9209987301797,238.69923519189953,57.38020102596895,100.83476783641576
1118.4178344098016,237.1950354074062,59.084314090553164,99.97381315735554
1124.1377403396937,238.9431859412163,60.76922757256587,98.91806384754784
1129.1872202243194,238.29155691488592,62.42377732479862,97.81241687091178
1137.1688959613175,230.7527882348822,63.21244001095862,94.44494690670045
1146.7821009598465,232.0803533379795,62.90076390061934,94.59206279425585
1149.9932395669177,233.56501547907152,62.67297521186785,96.1979338245718
1143.860294021253,229.4655600895826,61.61251132272852,98.3350159902684
1134.2586856508244,219.96042599140154,60.23491751671074,99.71619483116179
1119.5429352338779,207.83887403833086,58.443304336931966,97.55555117870941
1103.9963041121662,196.50176152269358,57.29144939285515,95.6699007217027
1083.954567338124,191.68282457055454,55.588820646017666,96.12808712598074
1064.9565058223127,186.00055016111685,54.470655347561895,97.59117720462177
1048.9981616512493,176.76415045981065,52.638198181876234,97.73270829668726
1033.6953516458202,170.3705237343007,50.3472727825785,96.50790730434784
1018.9363944778503,161.26531822319384,47.86741490172129,93.96651778945218
1005.1705669814332,156.955179324452,46.27745734572717,92.35827996193584
992.6877097299182,154.27915968499414,45.01735702942142,91.99855776624219
981.3889209512854,150.2293199068606,43.130300187272994,90.67065553539985
973.1192615443949,145.66937862605124,41.08760300984298,87.81240394174515
965.0478412435539,143.26020902472544,39.1863151935562,86.9385892137327
954.515153783522,144.95262137118817,38.891292774752834,86.89615648858071
943.4037834151504,145.9512944541383,39.43318634352737,87.3772649125242
935.8625143625819,144.8153139357981,39.09453609417215,88.6012980927593
928.1568804513082,144.02376522756742,39.36597237375079,89.62607641742373
920.2516002463911,141.01072470204215,39.22342304237402,89.90490405050555
911.560071757358,140.63799238124852,39.36578788176859,88.24836063545214
902.1871036077565,140.7757996772997,40.0745995471822,85.265257029678
893.0542941655536,143.0496594321815,40.78989494525989,82.62548124550028
883.4497324753015,146.3127471312963,41.513224258381456,81.22026226816908
875.4841081682705,150.14203605206882,41.93608053845898,80.76877671178036
866.870677717149,153.24070939994516,42.61762283718639,80.24708919571515
859.0739499522457,156.99352216093817,43.54036303496163,80.27069951357286
851.2510273850869,162.3842731952025,44.22606412631059,80.33575506223174
844.8947483624645,164.71150913991102,44.786568338547525,80.57033651754128
826.3955228372749,252.14851468373575,43.0407566936142,77.50479710957924
827.6633484067117,247.26337003350085,42.14774471489671,79.87042332411161
829.6831017771756,237.81136775453544,41.26078008822705,77.40643166622209
830.0584922520605,239.7344484214168,41.046910149199164,74.96046259320153
827.3795138132169,239.4481018836635,42.08019051321454,82.02487014624722
823.3706163407724,222.710520555044,44.42170066806457,86.37344588942366
830.1455080998196,233.53526474554923,42.62762393707942,91.94115111192889
819.5017127851486,218.6344762532504,46.45082858009356,98.02387128500314
819.9361847287735,222.5448109618357,50.23029167526563,100.19026241470749
822.2182993936252,226.29506339875346,53.913559904155925,100.92474289243448
829.0139812492629,230.8935994803923,56.051902003427365,102.22709089517244
836.8822080221714,229.73529148463038,58.089282686125976,100.36365317575876
847.9097565614495,230.5540054783458,61.425512511866486,100.39855795199979
859.4211962962229,235.12174662235677,63.93748411653853,103.66587717764976
869.1299032883461,240.78103611492253,66.36516290572976,107.22519736244011
878.861612798785,251.37984698698236,68.76914500789863,109.34956658511733
887.9484968368002,253.26837487124104,71.75794407054005,114.10031233027185
899.0013157924699,256.1332381140252,75.28493555373208,120.37778799314111
905.4960830107309,252.7161604518799,80.08019115627249,126.92480342485354
907.9103265822419,250.67024772728945,84.16344717731322,133.87551559278435
949.5201970579252,224.68993173473777,68.8057057376653,117.27703502905963
950.4561073344446,232.89748446437352,61.40904387603271,104.28856531197565
942.6672708852842,239.1253394344381,58.13393357122854,97.08801284254956
937.5749098900961,244.15674506610375,58.35347611824515,92.42742325890579
932.035906820256,242.60228410224616,59.866479816519416,88.91515988388659
929.3611976800129,240.32048621010944,59.800767481771075,86.39947100019128
930.6292084170598,242.0446820261784,57.46164542173972,84.5446157450065
926.632950217086,243.2853547167071,55.5055839408281,84.22568491473035
922.5575314286835,243.06745622618266,53.20647034575781,84.61228755984173
915.6915731436393,241.1006175405734,51.263734816237005,86.24796078066962
907.8228716212876,239.5479009464836,49.45426286094044,88.5936893790055
898.2788376211238,239.0818560530755,47.2515136005259,90.22084752519662
892.0109593236768,234.14277075825052,44.63013518565422,92.18935014609661
885.5062543900841,232.03314137929445,42.62636145908949,92.52951954854
882.2313996161952,227.55002271447765,40.80650313577377,90.37240482739236
872.502520347659,228.84900738811484,39.75264973436954,89.10848089027422
864.127890121315,232.41498828359346,39.35994241362003,89.31422661884821
853.8048454952192,233.26173845275707,39.26828447342892,89.36688106567726
841.935805423351,227.76477427230816,39.75537279587618,88.81567392852823
829.3804939858685,231.3882669603977,39.830717350528715,89.68883625742731
814.9141156602752,235.7157411227535,39.80555774194958,90.77918822568441
802.9025323447114,231.59308035461015,40.16482971975684,89.28900561158045
786.991079333747,234.2575597813044,41.347705834459006,87.84438513709823
770.763309085056,236.37210044805158,43.27227099004433,87.52118759266634
753.6054050763872,239.95756912719472,45.12895730328019,88.25030516602074
744.0206008606661,242.50750306086184,43.89764105210517,88.3301858338427
738.5942736179417,246.7212919547841,41.351934331499486,88.45818055576382
736.3668068810294,249.67936342891494,38.86958142837082,88.605239511799
734.1619487911042,254.18970709022904,36.15849377521339,88.09898700362398
735.7053272485063,259.182243382352,34.85393290533132,87.3827437650811
735.7709461887613,267.50608728734,34.54161897501642,87.01621440237078
737.2336206652109,273.2535688477621,34.2693614527813,87.04836614969062
737.3940519738627,278.31288390893764,34.26778899661046,87.20703400097239
735.876634408015,285.9592936298401,35.653133771860624,87.33639473494867
730.6483808749033,290.77910906397454,38.17108798163867,87.62561213328141
724.5886388254988,296.7812575214894,40.43333331091642,87.92646048192348
719.2454790373351,301.7363457048192,40.05433001126714,88.77479851956076
708.6526281560458,305.5424865334759,39.24778323868971,89.56412819037247
694.7420584625675,309.41923347726123,38.59913502799012,90.46850173444234
679.4287888553094,311.45982784983306,37.58788737727163,91.01591406351751
664.0334932662186,316.2544022011539,37.14062455154723,91.48194114212586
650.8717793138429,323.3339679939611,36.86140658227502,91.46242747643333
636.956638566248,328.7833263697621,36.43567611457434,91.96791604709688
623.8625183171608,338.1662885337444,36.42100523579555,91.966579121476
609.6784302216181,344.20855792500095,36.817837432740355,91.46938164755672
595.9993025420974,354.3413639816632,37.43474452518001,89.94046387016971
580.5060173704913,362.2732157344517,37.769871386947,88.0065088997489
564.3608746331298,370.64867629007404,37.87418274057631,85.71411439983234
549.2630504860931,380.7485336206208,39.406897685040406,84.32247468991075
533.0730906518598,398.0233462338923,41.19096164061617,86.904746436024
522.2861953215631,407.0930102459331,42.44883433245958,87.25665986702056
512.5225975987385,416.8879633250752,43.478761101351175,86.20779985131449
503.1492174106368,428.2861061323996,44.34655419239821,84.89683528158749
493.36754721999034,442.85443112748237,43.93357621431615,82.42440037931257
487.97198280370236,461.8604488557225,43.92889816212654,83.14027019626988
483.45236778185193,478.376280041098,43.839344026139855,82.80050235676875
484.3651697248121,492.02660766169913,41.69173391463358,82.199401558926
467.75093933080416,506.391346636855,44.57555969288387,81.49940358908292
475.81233803647814,522.5599280903047,43.12573591434841,81.28458565288679
478.5250914835358,546.3434027001493,44.1718018962097,84.63032564218169
481.10108205484255,565.5173007285779,47.13612324383051,87.14706205602778
