801.0,248.0,22,58
801.6565551528806,250.3824940090861,21.67668156435593,57.589504169327846
801.1279298505334,252.24634044941735,21.6008450108473,56.193674691985635
801.2717340826166,254.24138365717954,22.062809300587038,56.00627687509403
799.7863427981655,253.83676266315203,22.301581981794047,56.610150821156864
799.551984201117,256.34589115719007,22.19597361436756,57.049443881908985
797.9741868141413,258.3987165578121,22.044866728162773,56.686072133399236
795.0296148761541,257.5247551778593,21.681676009410538,56.378559712640794
793.9139453246504,258.7176775198053,21.482091650503783,57.08176532171755
790.9164132002245,260.91685328222246,21.547392105410328,57.296023660164494
787.0902234681389,262.1609416425112,21.74922530493309,56.21063319446981
784.89687482017,263.78505945919306,22.27372472489453,55.93023203376235
782.1709706425025,264.83338990852457,22.41927392495594,56.702315031583666
780.6943901780892,266.8960605610668,22.444975136985597,57.03958969329603
778.2991099122861,268.8176862820683,22.183625268201215,56.42593725031659
777.1808448568645,268.6507892677335,21.743107649552364,56.199825273126734
774.4207330264517,269.51462932813087,21.560450451002843,56.81684119725392
771.668040297879,272.9421297588743,21.54645724603893,56.787401859204586
768.2193691694786,274.14125220423625,21.981412417878914,56.03924241769934
766.1233058008887,275.42127393747376,22.657929413847576,55.99319126079466
764.4899505688064,277.42628535705956,23.02325743172301,56.86559945189653
762.4062141243522,279.7439705636613,23.285228001295625,57.33623184631013
760.4685920884689,281.8725407401995,23.062937893374738,56.79034942780409
758.1381302386258,282.0501050601985,22.396606344037494,56.5324803092905
756.6879202456989,283.434565116442,21.908308678524122,57.06986512844411
752.8278053633255,286.64764815599574,22.167600943270838,56.668555616719445
749.6651828264554,288.84113753638565,22.474825387128263,55.45183442429908
746.4291813885595,289.78296585470446,22.46928920042,55.14657744586454
742.6202716981672,291.669308237604,22.62659832729838,54.18274582947953
739.9391005251365,296.6001912847066,22.884997802266053,53.10273327531329
735.9306524257132,301.3827162119218,22.3453296700579,52.00747101853925
731.9691234734739,305.6307794536001,21.162506837231785,51.275611502956004
728.2936386055416,308.926043112418,21.504901133643525,50.86573298903127
725.9514337543902,315.20311084846327,22.626383589852367,50.156385114596866
724.202013195425,320.71553458935296,22.82442819899364,48.86536331641123
719.8282167346575,326.25542928305185,20.99392663810691,48.42781636065412
717.8103786107093,331.49565315858933,20.188660503190697,48.32717512813386
713.6314460537185,337.00926479677486,21.919145246078717,48.268732369340874
711.9031421327256,345.21874722239284,24.30573050505665,48.954290223183044
709.4787917770898,350.5389566026637,24.250180117695425,49.418150027094505
707.0494939783775,358.36368174253215,23.155299762971552,49.98983011845129
705.1248052689494,366.5412707828404,22.689384823429307,51.27948846361609
702.9221276264395,373.7667197980835,22.89796276469913,53.55574802590337
701.5264896670884,382.30450195161256,23.356047765432557,55.00787842099357
699.2085030679382,389.53654376683266,23.16520821959247,55.6708242094987
697.4762664361131,397.27797680443734,23.299038783047273,56.08189429151588
695.9788457537729,403.1226768226247,23.748225850852663,55.78362279518019
694.4001596001382,411.7943610497832,24.456135267497032,57.13819135258195
691.4966593449483,420.78605132349855,25.628995763228346,58.82837953073722
683.8904440478268,426.21667413306756,26.088145717822997,59.442246826638325
670.2032831742958,432.66517322703163,26.638386043986372,59.236914288124204
657.0375597924774,439.46164100691925,26.030593305670187,58.552578581864616
639.4618226059583,449.73826861050105,25.519271658200466,60.05179835028697
616.4089310945151,459.9059744312895,25.961800896907413,61.37175169894443
594.1782181175819,469.89181170383927,25.58451225116427,62.20033960501674
572.2988110566575,478.31074339386174,25.1198156308256,61.14694582946399
552.5432322079462,486.8912837954573,25.01535748352176,58.5594276483432
535.0888475454602,498.31654556331335,25.019097511618654,56.997310484701444
516.0131799458975,511.7642224898758,25.22805752763869,56.923550869857735
502.8293532092723,521.2611852799901,25.169090517490492,55.62444950837937
491.51699809182094,531.3529056753962,27.409737031690195,53.432128102332555
478.91216951820417,543.9743220577714,28.38721644454875,54.37647490301188
468.1135084122102,554.7225428873727,28.743159872356998,57.30317472330145
458.8142449224112,565.9298549113361,29.104519493556538,60.15831080721077
452.1304447922234,575.1418588864705,29.30627197561182,62.58726916553565
443.94281492740674,582.2177934079682,29.83482150016704,62.89061557664171
437.0349955070904,593.8713056598822,29.923577406229388,65.23961219097788
434.2634572422105,604.16051913675,30.28510486372353,66.7897405350937
432.96341652425326,610.5402917521966,32.667626485184854,65.11814696435673
430.180824450295,618.6529204221855,33.871833460249874,65.0192018802383
426.7329994157495,625.2639956370922,33.980877694379934,67.63982488792504
429.2823010629799,631.2794450313963,33.55231834523157,68.1650021491214
432.190510850474,636.0945521213486,33.41399935618081,65.03152258835766
429.7159374756872,638.6700658740623,32.48915318583265,63.45024300773481
426.5909270992777,645.336847898391,31.74645238103446,65.35343433017093
421.78078496156536,648.0216610087962,31.985633140834175,66.35363537986854
418.7285625177883,651.4406278145217,32.98445669049765,64.06933641197227
414.3885318924529,652.6970838382871,34.20286327808249,62.074185594910276
409.4633231130071,654.0860756652212,33.827008253966234,62.641798254518626
407.5718340665206,655.7464923419868,33.49162392018151,62.404827205674806
407.91198809483444,657.3000710245127,33.26004633230383,62.052079630661986
405.68261360930427,652.7365807187344,32.749846939106334,60.195753357452915
404.8072339247155,655.301623687584,33.25837303191664,62.58878448518354
404.82532900973354,651.1138319771344,33.159789673403985,64.38613609455928
405.33114931476814,646.1096309546507,33.72065882895987,62.26959917468298
402.1841448978361,641.1094076009479,33.98141876145664,59.77859080396367
399.08701118594,641.3171945781647,33.8657191442333,62.28049731827988
398.71053900872965,636.902065545597,34.23018998791178,63.85141700450919
399.11514497013934,631.2481249783824,33.292834754545524,61.97661991628209
396.3691559898938,625.3912950652111,32.105720307810124,60.69136311664805
393.1412563364776,624.1691093802234,31.469432822650212,62.83373253349857
391.8509266128798,620.5526864468366,31.510953475900592,64.81734133972523
390.1816669189104,613.8517406772062,31.38166890876117,62.20440133601725
390.12317442008015,607.2517746044023,32.37624790056233,60.934393296078255
391.24098097391965,602.2589024937483,32.555032986242765,62.47754108183924
394.3675993659481,595.5391779685358,32.60234857034996,63.06826576703006
399.59280312198507,588.390344235079,32.069680926440036,60.40855103179494
402.73346764845854,583.0381114283998,31.361838201618035,58.942591230114445
408.6019699084575,576.6596049092634,30.91204986814364,60.98956703694183
410.7938671222993,572.2266705667148,30.19556806253035,63.903973930047
414.5061176695094,565.494328295975,29.51955634799289,62.672750878753
415.22401254480536,558.8215478722043,28.857661861072867,58.7757122389899
414.8633127940452,555.500554071286,29.93665108427281,58.6273556025451
411.4800447139486,549.1729445723387,31.050111072591104,59.15289015219758
407.91870105979524,546.6975408514597,31.118202433632163,60.2029865343853
404.137811288888,541.4517520651139,32.126408367048235,58.322875264303484
392.14443380685555,539.5671723558543,33.724491456113135,57.301858291221144
388.73900936592395,536.9315186389344,38.47129920028102,58.78784162838099
372.7888953465135,532.6819374872205,36.924551531094,60.438249048996575
372.57690582800865,530.3440122326857,42.04144743822104,61.80999189205035
361.78752099241393,528.217136799287,43.960503364293274,60.27213204107445
353.1757889394421,523.7258026858531,42.193641542502476,56.683129735715646
350.87516370161563,520.8354725651267,43.710617726163306,57.855055846309114
345.8540698236645,516.9751321197517,44.654691468393715,60.4638440368638
339.6744656555235,513.1798690548537,44.58689785155073,62.0355408209566
336.6699380922457,507.8580772814807,43.298711767168854,60.13586570071054
335.2717386759002,503.234619985709,42.113375370367564,58.070051410417975
336.86527506240725,501.56819728055376,41.932909653017546,59.33458322209559
336.9559083652275,497.4766202322145,41.192347393080105,60.70479481389137
336.72364525183656,494.1289300002521,39.45620528490105,61.316557113753504
333.48076343437117,489.55235680990324,36.63854789932401,58.95063000812314
331.12623591188,483.58550584978485,34.614784340790884,57.28176234828183
325.19703593557296,482.0740702898126,33.26447457660797,58.19780668599984
316.7519121462906,480.8389583583261,32.481840075094574,57.7716529854962
306.5189657728408,478.827275756822,32.01185025363484,55.6133012695591
289.278113749125,479.6008075376427,31.90165061454298,56.43569876748808
272.18733644825346,481.8753845659167,32.04168605124702,59.115350252932174
257.00373072041265,482.6015846297843,31.701591598725503,60.417329397657866
243.55421784853968,481.5502762715954,30.536393099307347,59.389941231223276
235.13829940535584,475.9783210071596,29.350087285479745,57.803718703454265
225.91341462030965,476.41558628631026,29.32218046397051,58.623279942027935
217.20052534061406,474.6080070633292,29.118732338791393,58.82193448174009
212.98545243872397,470.43901009322354,29.496677825188765,56.608735184646676
202.5935767325953,471.7052302183845,29.848971717914853,57.88583472924664
197.18940575173508,467.98577482635045,30.416362141549342,59.16101870667414
196.6899555400775,465.2357264209195,30.101755484786406,58.95057474605164
200.77409225096812,460.7674369431546,29.404307258317687,57.70287330607363
203.80035521119444,455.1816590905512,29.56508395016969,57.22596099370236
204.11053272012637,450.72119079573446,32.0797539567199,57.54960754427322
198.82284719874116,449.6133996327371,31.887684203591917,57.92592595425232
191.89124107250788,447.51032546188145,32.04818344336313,56.43972200104178
182.74266960786017,446.2368864578373,32.94054121640858,57.167050448583296
173.6063256686974,444.62305819075357,34.942858611335666,56.99481989778972
164.16686059696335,444.87470723855927,33.88996502433503,56.767415967217346
156.0929807229721,445.219851698177,32.756505289895664,55.90249020716153
146.61274703464875,440.73761908814913,34.303932505409506,56.08797898678766
139.63593167235328,438.1164263356177,36.60438024660205,56.032543446928685
136.8269626341155,437.04635307168365,36.413968713702616,56.06496292401548
138.0931863730571,433.96491045935034,36.942403804178745,54.73366174731499
143.0276291506437,429.1895812938599,34.55792376658374,55.202853403491204
147.10193980487102,424.54774543859173,35.12855599816811,54.941237028089986
146.8656473057775,420.9469424714913,35.27365686549583,54.8027245540877
156.51321479574895,417.5391019623269,31.61226517168571,53.8056003966352
162.02614229636424,411.3853076701916,29.92723048295514,53.810836075632395
164.03517503625565,406.9173719321305,31.296875574461335,54.30350076464531
162.63701439809452,404.15283922904445,28.751125317580463,54.46640100968458
160.12520178931837,402.1679336611604,28.241654221656216,54.39759215033537
156.84861728261626,399.32296062269336,27.646507805372934,55.11659096164449
151.95507747312737,395.9839831456407,29.69718300540542,54.99258973899201
145.36106733370087,396.23877758334004,28.566767615313108,54.35612403253873
143.49996845219846,395.924536441214,26.463815842185106,53.30566649745486
138.28641507413778,391.1227750219812,26.111976675454905,53.663004033185985
139.45818463154188,387.6349291242276,26.969380553810772,54.16770278670104
142.37067589040055,384.9803272359747,26.282001795859077,54.050896431370894
148.74652290846998,380.52798065037683,26.897296895462393,53.79676086721504
155.61198804775097,375.0969862929695,27.542724649126974,54.4108705537094
164.93587136273572,366.91844577357836,29.051864147087137,53.91381035714022
175.4556392348753,364.1548666835499,27.43170096140177,52.699696564540766
188.73669748223483,359.88504924481094,25.625886346565473,51.728253561159356
199.24300979619807,352.08395769050384,25.553416747935884,51.52140041489076
212.4747578532142,344.94072853068417,26.618927591911483,51.793942718905114
226.32287248059296,340.1602353969904,25.168288547114837,51.23278237984727
237.45264814038813,336.46418272980986,24.394851729477633,51.23334718686468
246.32156110772357,330.67286591692704,24.987485389533358,51.18885984095058
257.68326283993105,325.4177989906073,27.01228138800898,50.58589554905883
267.85855855010414,322.3384463456881,24.317772120983143,49.62179810452216
271.9979789785949,318.2688853177362,23.140844716149992,49.206949823511984
270.00357128695845,314.1207900711613,24.064810245907374,49.33631597584147
265.26540477962226,312.0330511737613,25.386358104329688,49.63528315052425
254.25009300056422,314.29144012402685,22.9986695896919,49.213216553704086
237.41255515514504,315.9252109427091,22.511399394299776,49.12595750911303
216.71010116845653,316.8535238696214,23.057580866211936,49.51362486817908
199.2952980502582,317.7813603300566,24.860186675362527,49.55339872465238
181.37729258177922,320.32168166827313,23.305244548355656,49.22588409997714
169.45481693967773,320.73836409557344,23.049464936562497,49.78390718482963
162.85240211633555,317.47806306904687,25.401251980707826,50.2607317720625
163.795353644798,314.46343034314935,26.724058640579738,50.68872464084969
169.91561056600025,312.07075306722356,24.62355944661279,50.5672951350841
180.77401736741348,307.4973842363264,23.905738763708175,50.802884725589365
186.70389452410208,302.33360225783844,26.429102126112262,50.91934333588566
194.90761556731553,298.23142960967306,27.043434331677553,50.34228604432579
209.4674113159624,295.6343189158902,24.567214416415037,49.954216782477346
216.30827005832086,289.92788357359086,23.97463877740125,50.11240301883387
225.37658048799418,285.92130962152874,26.428822971765566,50.01637428721593
234.78784302875056,282.50120453944635,24.291158119744978,49.29661741036512
246.16879917213078,279.5239081463545,22.86066673142207,49.082158072525445
253.05328848202797,274.5976373689489,23.44022937139326,49.352820965227274
258.7402690972714,270.67419536376565,25.31352155887525,49.15884193848427
266.84847251418006,269.8194221108914,22.89490525240164,48.6637528241156
268.86058029828064,267.5338197521645,21.107796007442612,48.712282981022604
265.7727280666997,263.9445187467762,22.434730329002974,48.9337164126976
262.89178972310174,262.2231332343845,23.547818564050477,49.17554444431695
258.97576366755726,262.0850762297641,21.83447577767849,48.6769392152764
254.6716927690922,261.64744156068525,21.354452291405412,48.98012603390298
249.39022483615702,258.7210468196703,22.023009495166413,49.142958850893855
244.63502592018426,257.4209468953828,23.179937478479143,49.02219617505464
240.2920226590291,259.1875643427605,22.475563141414426,48.447335303736864
239.30942639078864,257.18890970607566,21.31186468668446,47.69470561226272
237.0377177182222,254.0850592475608,23.274929248614164,47.558107212886235
239.520574582109,253.08565756336404,23.813884710293713,47.46540362327191
242.88538185365573,252.4876904741532,21.269817042200273,47.14020437884205
245.64549943601475,251.12689352863237,20.833901945841586,48.04256914390714
245.23906888858735,247.1746354263039,22.808307840501072,48.70653053899379
244.78409389965245,244.9346071495379,24.511684332042766,48.62434649193983
240.85979023772927,245.76105397835366,23.475281890264128,48.34622395247235
239.35253595541008,245.51019970416075,22.262236133613428,48.34402625085821
235.61809300941522,242.24305390419036,23.216244706267222,49.316153544158325
232.12930656650104,240.64068049824397,24.663956141900282,49.45978890585579
225.40536623274005,242.1485834419363,23.674367327000382,49.56265062101022
224.95726887354363,242.40636980429102,21.638890902815096,49.389622451964854
218.75569052549616,239.7642831427537,22.21125231082407,49.76846130238324
213.8092560689691,239.1059477926062,24.757258430909463,49.523990034904784
210.77942754143223,240.2495908136323,23.778310749655084,48.89644825554791
209.30386963086312,240.9238237882347,22.544459529777644,48.375100226264976
209.47933450431503,238.9060638232749,22.51251476822539,49.242407265559564
213.09042566267405,234.754049581344,24.545642510101143,49.16243306387454
216.30642158043082,235.53324014217228,23.264010782009446,49.07809674202264
222.46719101892893,233.48128363756297,21.56591550852884,49.24617295924904
226.76209686373338,230.42305366963402,21.9827719097403,49.75038924276322
231.58826600079334,228.48489129646728,24.629917888550033,49.560750243979484
235.563051088391,228.08048554072036,24.29529217136252,49.188409411723356
244.73519449779823,226.065244861576,22.637727154305857,49.19400368505114
250.55129800507677,223.99527171083668,22.567562376076896,49.941692296100115
258.74954391148395,220.25320601090075,23.948704230254787,49.42652560026881
266.2692581283159,220.34063155095686,22.27144315498926,48.88012300648471
275.12266235511515,219.9937314939423,20.44193877853927,49.22605324746695
280.9214492584086,215.48594983575384,21.42718967898366,49.35649998669543
285.01297961358466,213.7127646262126,23.747180726443908,49.39641593800451
288.61612882716724,213.72251818028303,23.535099218224104,48.695008805449575
294.53009388443013,212.96659234829693,22.24047904022182,48.27465526922644
294.68201083055874,212.18886819140198,22.166671393081696,49.09427899805543
296.16263020424634,209.9993876453896,23.414829008011264,48.859501076408336
295.55834593676656,212.10509619451867,21.897124959962955,48.58683519885331
293.4892699960363,212.53240113135826,20.3637222759938,48.5399188066194
289.0489666080748,210.9825421970576,21.072789745276186,49.2246891654551
284.05701288780716,209.6875968647417,23.59151774245207,48.99879919043852
279.34269900657466,212.1432866891389,23.774448483432725,48.299379380511226
279.67437864930235,212.22963122997385,22.491124598367975,48.45591393165386
280.07025615148956,209.64248994496546,22.592664882079447,49.209069182334716
284.2331898071362,208.25860057183644,23.083097009262705,49.03362588269431
291.46749754843336,208.9266300177181,21.323145467098122,48.695461278040334
297.8942358612939,206.5557617907366,20.358066058173875,48.83903794196429
300.54120608520395,205.14722712921196,21.380425048830404,49.50707467224012
302.39076418131725,204.1488046955713,23.828174701330365,49.07281297213862
305.1296132630879,206.52686566409878,22.975079809273474,49.4847818553962
306.0703538810967,204.8760311160599,22.22325250391991,49.32676467217712
304.0420316225711,202.92259412353323,22.75940446726023,49.58065403808977
301.58382056881527,203.46061224565238,23.36825516363901,49.217325313382716
300.7358749970841,206.53253592099605,21.224546697726225,48.75415728398448
299.1426446549477,207.71300305055578,19.830273129069454,48.788089968224384
296.0444544491805,206.13821711165585,21.498882544510135,49.040277202469554
292.1609814991277,206.69602443367518,23.37341816629544,48.81858345686841
293.6797064057107,208.70166724995417,22.419769622660617,48.232560275482264
294.4690217024346,208.83243349017837,21.823423575111264,48.87271541710421
294.96104650539894,208.33280176944112,22.58806171332323,49.85134897576619
297.46748702980165,208.93168632703419,23.006714477994336,49.88500991429098
303.51951351723227,209.5107568153429,21.156781376180028,49.23916752165797
307.9534723437407,209.76502137218148,20.72358662355378,49.68739499977767
310.76907438325674,208.35425653060122,22.46840488338892,50.120084961258485
312.64794614268277,209.7965757890146,22.999418688755608,50.436465731541084
317.98337970652636,211.3405989876411,22.244094163607443,50.210037376280276
321.90198607895616,213.88643441395496,21.455053415818163,52.395344062715104
321.97518688495165,210.4468672447486,21.59159552941312,51.83868738550278
326.0743726081855,212.0171932274873,20.87801107025005,51.09644240244728
329.274572307033,213.3387534473036,19.435131203805064,50.41859295890844
331.14267706861966,212.12468813258835,20.099663257780183,50.95129206978426
331.6582133087733,212.33609178781884,21.799166338996272,50.8140224790498
332.32748431319624,213.9687544127718,21.5877300430411,50.724295373675126
335.3328778888163,215.95970188062157,20.782082051957232,50.745284349108445
337.92202269471494,215.50600452189164,20.87115694211313,51.05041466227141
339.84925698690813,213.76616337800044,21.575572024718948,51.28461355161628
342.5806403850716,217.57253258773443,21.403302054563852,50.98193372589831
347.263728190192,219.4786847574302,20.688508890612038,52.63825731619434
348.6520977676083,218.47935852044813,20.597637045349785,54.460670776486545
349.14089411057614,215.59321212932792,22.31270183011727,53.156227108531674
349.0925621708262,219.03445088655283,22.56824022133579,52.386847738613085
349.8336760143634,221.0448703854575,21.705595664144283,51.82961652888967
348.8326513923522,220.39024334578545,21.537906138635492,51.832931887530634
349.93575083670305,220.0288878247004,21.962917577082123,51.76912864747421
349.67436041940704,222.7810577122211,21.43911332866638,51.73434758825313
351.55054355319055,224.39708768511622,20.954111563052443,51.82009770105661
350.9781639160274,224.29362934420433,20.501214587378765,52.73537314752885
349.34435750854925,225.3997987848443,22.094846689444502,52.5254604137098
347.71089843654437,227.87428569848407,22.219201967243322,52.23336219678187
347.7572988721748,231.12054595776237,21.577099948521557,52.080044559084605
347.99724893441464,231.44339936487967,20.895219233221496,52.76353086008439
349.50642352823195,230.9327328761494,21.888558278008766,51.99229181606057
352.5439936934261,234.13707527756605,22.2557549837533,51.646122272016356
355.82084137995105,236.61935761099625,21.8515957435159,51.55666441667939
358.89651630099524,237.2849476925918,20.930592581115,51.69968164118356
361.4310074363877,238.82943732691243,22.074333088650405,51.592590189925154
360.9959961748335,240.68084414160276,22.83554518695403,51.662741038083524
361.3312760869572,244.1435136616808,22.605811778722295,51.533803975466554
362.42901181833474,246.97948163746378,21.35110569682666,52.450994610814625
361.88689696406817,248.85871118255977,21.512682207117564,53.33895886046638
358.56748197402453,249.6634273564383,22.990226786814276,53.302219383803084
354.04032280500456,252.47708289993568,23.892094563330694,52.75751938079269
353.13226009353605,255.69275580541208,23.66117713958803,53.19073655812116
353.0915003819876,257.64889308380293,22.137410918153705,54.029667445675386
352.350043933293,259.0543818959659,21.52831331749602,54.15770044146664
352.10125704556395,260.9779035028161,23.503731331235365,53.21257373167251
348.75481947138314,263.12521231669973,24.93043216319076,52.17605852089741
348.30716058063354,265.13147179958565,25.25568158531501,52.166667606883415
348.6590286576321,267.750675513971,23.803501827802148,51.860282272839335
347.0493922171688,267.6982284014239,23.149651539783463,53.157528792855324
346.8629975021129,268.7074522010012,24.087672293137587,53.7994205491694
345.9241016219778,271.0583903733632,23.916574893251443,54.198221694679845
348.55207849180414,272.0446469677328,22.258063780551918,54.42378284676097
347.74021812848565,272.4718657892641,21.461023398790395,55.05962535506555
346.82956129190586,272.9970301504881,21.756000402028093,55.759647584765986
347.0029303451707,274.1333784241701,23.390616055264097,55.222653552050474
344.7130011364518,276.09977179069205,23.09239219731122,56.00985278092058
346.01595113374464,275.75008942947375,22.508434341397432,55.5945629623416
346.63077499600394,275.7262716408243,21.39548583562886,55.731737113859296
345.3295157629167,276.80181382701977,20.86798416020181,56.694574860608924
344.91956707124996,276.35978049307954,21.22033698787123,56.710218066575266
344.1036936957746,276.9074631328558,20.614870604056193,57.514984012608735
344.8344288962038,276.64346271245654,20.219440242260386,57.13711632313375
343.47732384701413,276.41903108304194,20.230174388491214,58.05492794622077
342.07172770989405,275.449760002519,22.366348352184552,57.709854994961994
339.72798798753144,276.3564271632016,22.512537513706626,58.14192777808896
341.6592713473439,279.5707512973213,22.577522063612935,57.36392953426362
339.29540614464094,279.13090721129686,22.459412014917365,57.35335891724999
335.90454131721043,276.2682505445246,23.931693427590908,58.582547983216394
335.48005937621156,274.38184076320033,24.940813559588648,58.38002574898999
335.10872462276393,275.59605540923667,25.79633707039013,57.01662941590163
337.4603252458708,276.229984697735,24.847957601520058,56.738364344764335
335.9154739604976,273.47640469884453,26.25017543105554,56.45478337574843
336.79532363739605,273.98023060068834,29.155698245227395,55.076648173623326
339.38408745239764,276.22327145251523,29.195547324208658,53.38005621606331
336.6779749872578,278.3550225434321,28.845336341402344,53.026862872120226
336.94637977239177,277.1466268382103,27.464837806290706,54.72269175814969
338.13688007359383,274.1529371152085,26.038335494902206,56.996844885793955
336.5387069122868,273.57002774849826,23.882783624156893,58.43481938093319
336.53701059427306,272.67871065464544,22.3047553617469,56.837784379185656
336.5908118599561,272.0660376897375,21.94407055499019,56.831318785564065
336.5410652844706,269.80236956312217,22.97718797353926,58.23997217746661
344.5452919156152,265.63816122938596,24.12481686457035,60.524794484587474
362.9744544304593,262.3121621134124,25.54775709367128,61.942051505597085
389.29045380890125,265.5218170379679,23.299761022334202,63.58696589965021
411.54096149583387,259.30356093171315,21.81461478909399,63.53869112485499
434.7445638669293,252.22866625241775,22.843246838895336,60.83359156743012
457.08745631073504,250.54729718890948,22.97252542784634,59.20812473839197
485.4016930791696,249.32605303656993,21.73019080699286,58.96776697373514
507.0882197561255,246.8360039046592,20.993474733354464,58.3474013703691
524.7820001852531,244.92737180745095,23.146029231544716,57.32622562337932
537.7102856076918,245.59293249024867,23.65240394330776,56.37956470700265
546.9261136395069,246.7227930357925,23.58410542362291,55.18393052997748
557.3533374468263,247.76276684158466,21.647885958398042,54.50643347991661
558.6035366034625,247.35383186036188,21.788860325789678,55.00083237302625
558.8561420563805,249.499982107811,23.44704053323511,54.50644447578426
558.9881020924728,250.08946227956014,23.459014626089672,54.054702760215676
559.396050128963,250.5967753849584,23.154150657601345,54.18050318516133
562.5531909498343,251.87543185416916,21.739466183827417,54.725332580724164
562.9239426485419,252.80197511087883,22.809547259068538,54.49416379191423
560.6477846335638,254.03924848567274,24.571763191368476,54.048929176115436
562.4474326447182,256.6606968292673,25.130456671012773,53.99325783072328
559.6313544822273,258.74229687675245,25.03597420204943,53.73472082169043
562.4140018915956,259.7127811355831,22.863852601086233,53.74594651789626
561.2113699574006,261.4317389751279,22.071759291741746,53.87454390033005
559.7129271087365,264.78491445493955,23.666057098445055,53.50191791629275
