723.0,314.0,63,143
717.7541734734535,316.1844292777881,64.03102072887414,143.26715829012682
718.5279725022091,317.798942577141,64.15737286667559,144.9608306660304
718.1818056875034,318.0483053733917,63.865209425774445,146.16101864774788
718.6256586290658,314.72468970602745,63.3201549098371,146.2224040352107
717.5697828684729,311.896523271574,62.28203460485115,142.9981521873208
717.1213037196522,313.2450705065527,61.05213133022679,141.8978289575977
714.5015614272384,314.84774517404117,60.493184518570175,141.44193030621452
710.8349897106082,318.05429256146954,60.0901524147211,142.1208460294047
707.6342699804673,316.4289094345064,59.37980598633115,142.6815182891903
703.0359119550301,315.2091466501688,58.796340152439896,142.11564224653736
699.078458417623,313.8992462811157,58.8400619245196,138.62496935183106
696.5236552712151,317.7582185051714,59.22356348100726,135.80039648575092
692.0751713450941,319.7602587164886,59.87962557153058,135.55916396350725
689.4403103048778,323.6936020503025,60.58281933165073,136.36828906345744
688.0237704925669,324.7498753940255,60.64191213986632,137.07111102835535
687.4136041554316,322.8909505688177,60.1953746969494,138.3853046729115
686.3379481650858,320.8954811785111,59.35828335732843,136.23601518204026
685.0235070747156,321.1548691301315,58.19077881931888,134.3840178432527
683.295453381737,322.9579296574585,57.524510716994655,133.90378179836415
681.4558258090674,326.0689259574183,56.94638060842762,134.54720667891343
679.0213150425491,327.244126738744,56.26828300083942,135.35891449126203
675.9637931192701,326.09381419852826,55.610926945053436,136.12194191544347
675.103866357085,321.6529842472171,55.633148633486215,134.00570753095647
673.3719191225346,322.99095957569034,55.94839197954035,131.41541971580682
672.0779995416856,325.22855334265716,56.56012640491012,130.3410195353888
669.7823307073244,328.53273500318085,57.2836051869138,130.6947838998883
670.8394550325522,330.1696647452749,57.12300033528611,131.98916172038776
671.7254812742888,329.8872902923544,56.82085751978192,133.1124433410724
672.4536663476969,328.3370239365146,56.438065253825044,132.3660217070489
673.2144793584023,326.98804721230437,55.76678102928929,129.7403362394538
673.6040037032583,328.6560569367104,54.94415323801462,129.62871254259485
672.5960446816607,331.6132423973567,54.39455004097541,130.06559894552095
671.7336014940676,333.5302138653884,53.81126991225558,131.08651440789507
669.7345675429937,329.9219969373586,53.34367008979386,131.65924098856408
668.6048864728665,328.97562214147786,53.16907226911069,130.40568931079434
667.4102405226658,328.03814034966274,53.56291128865277,127.24671734754953
667.0019184253356,330.5778687400312,54.128700991125804,125.90535871134385
666.8637433793617,333.2907617279194,54.85945782135461,126.30064817502063
667.3995724335882,336.62029486800463,55.299823638682916,127.58231675813136
668.0814191830374,336.3034979673383,55.24527320619086,128.7276903446203
670.1908737113155,334.47529749868704,55.19933778244715,129.82012643817274
671.7184177364602,332.37710204542617,55.009331519267,127.36392945406953
673.7088096769459,333.31238062294835,54.407331817983206,126.16491160566578
674.9635546183324,334.5912905631581,53.5675807047415,126.92178899087132
674.032600197618,337.15306411200737,53.20732157742026,128.23323945176654
671.501753781571,337.8298332724082,52.87945752474869,129.0543227129961
673.8648235186683,332.78637761969713,52.66521990602267,130.31078968248076
671.9128640329848,333.3581826285059,52.81126534223358,127.37759836603509
672.7903483657211,338.28315728842136,53.39549955762035,124.73526013018852
672.9160853386214,349.11293857188906,53.93763523096024,124.16743340309688
672.643774626854,355.84970999857836,54.55790973066702,125.44236467081205
673.7576903390745,356.3072155512873,54.82244891169474,126.69529179781603
676.0094347277288,354.6983480021091,54.8011378687612,128.08481034343794
678.5089896061655,352.3639581727449,54.89800589509083,126.77125967990088
680.8957279053334,351.3778359541637,54.43037646472396,124.74771554284452
682.9244003854604,352.5080609820218,53.4398344829853,125.20531358283145
683.079530879663,354.8753078095519,53.00030103364268,126.24129722269309
683.4221569143538,356.3545455984907,52.56797865176125,127.89430235770615
681.9638562354767,353.57650198454223,52.14473625951532,128.64210101138423
682.0854459554412,353.06426892650467,52.353064387945814,127.78744725441251
682.8571539775822,352.71276616356755,53.18565542374181,125.20218373731807
683.3445009171979,355.25663570570146,53.93563195466653,124.04291144992527
683.9808298408785,358.28819416609446,54.359629380743016,124.73443320101424
685.5899555362466,360.19175786491826,54.5310264275067,126.25045643813229
688.1947545446576,359.06013271005065,54.47899066654416,127.61319405255489
690.7034726331062,356.372148193432,54.52777763417812,127.24554125962034
692.9714722846359,355.23987988791293,54.05302711041579,124.97644749956474
694.3976405035229,356.036151732744,53.055579588657324,125.12383300912141
695.033306102702,358.7711926050693,52.470191993814694,126.1951331004083
694.8065575101623,361.92375462992436,51.88697653240982,128.30459034952628
692.7784593268918,358.8909997583677,51.675594773950635,129.12525756334273
693.1525452373296,358.1805309981146,51.779504251903354,128.90804200767704
691.204386080449,359.09060003573416,52.537974665273865,125.67844958673477
691.6016561592538,361.84212598471845,53.51391180258608,124.35911350907872
689.8244415899571,365.43710879675183,54.64497057985145,124.46773186938697
690.3050492141028,369.34295100133016,55.1705107026538,125.99235117116777
691.1105752043707,370.99804560691535,55.42835520649307,127.37933603226307
693.2630151978151,369.88612804628565,55.360840942260374,128.67110328242867
694.0646079838065,367.503910288553,55.10424350504342,126.70119431547214
695.5543494825336,368.53414316832266,54.4599961032922,125.59724100710466
696.177801311752,370.3712262394386,53.96007120462112,126.41919913245088
695.4419457698393,373.7773432507541,53.76808599938394,127.71533302974186
694.8472732520767,374.3807355560415,53.58987732397157,129.17807356565135
692.6535888750283,371.9535525156327,53.21339109759967,129.90698188279717
691.9836869292168,370.8222668120628,53.70920084859767,128.467923651265
690.3078933336944,371.9259758423312,54.42867744393915,125.83795920400952
689.5094019866663,374.4393299039233,55.40618381963615,124.95498887379404
689.6164398717403,378.1615013151189,56.02224720964422,125.90481109046527
690.7194459664705,379.35778548231013,56.219402744793335,127.62552400608283
692.8185139910125,377.93371561815206,56.21511435195933,128.91824381252397
694.3060074945149,376.4441851307762,56.245345850813955,129.0004542013382
696.8045761466967,373.2030890012629,56.21433403473168,126.18598508341164
698.711886469047,373.6513659571137,55.61632715956224,125.41827638655386
699.691036728363,374.72809061015886,55.10867971710212,126.04000408241666
700.720805709672,375.71723807794075,54.90122305331221,127.44336197888408
700.1369863554341,374.95267215359314,54.89753607819409,129.21703118109497
698.4242676585659,370.9065566976184,54.889959555915055,129.79491883132573
698.6815092980262,366.8789061325299,54.73417989027564,127.45776390681527
698.2920552678795,364.9768632353743,54.68951006970963,125.00727206440759
698.734122885637,365.6572151301366,54.34544441427283,124.8461227182425
699.3247827595246,366.42625317093047,53.891602693841264,126.03509741790465
701.2208335419332,367.58363073151475,53.245222564571115,127.7748161736893
702.8334492271291,364.0893852704064,52.727419172694894,129.2207350744215
704.0780243663445,360.73425669104034,52.592486423561056,130.1039963835443
704.4914996216663,357.5057597788337,53.493074975417315,126.73393332319202
704.2601107589286,357.2596888594804,54.346569253627095,125.22003268142987
704.1783416331591,358.8895262207,54.64945076688483,125.09317045899061
703.3676320126922,360.57106738088044,54.76903895313127,125.86464014058284
704.0404324876065,359.4053345702992,54.32550709509955,127.48004130862034
702.6074674348043,355.1717069628446,53.85672040382885,127.72964515634199
702.0652516418036,351.03292022507026,53.11873377693968,126.92073181548446
701.1025757922462,349.119536287247,52.37257668699192,124.03915618527162
701.6885758737483,349.6561198251538,51.8299405376597,122.82637118953622
701.2871281483517,350.215288364477,51.3456960958748,122.57598455034291
701.6582137882813,353.3481028328134,51.024636876562354,122.80873818202936
701.8321631049913,357.16785871307013,50.76682613376736,123.33154941956282
702.9486424097059,358.8039187714537,50.49816195793179,123.47578062115505
703.11322949958,358.2597557549453,50.570904282090034,121.3111159315157
703.5151049541848,359.4904769856538,50.57443486702107,119.02591248377048
703.9550815531621,360.14229616909483,50.54863816320698,118.73832636298224
703.0792495486404,363.58498651334685,50.74045720154737,118.90491711002508
701.3606742722384,366.8861462013651,50.83376620161695,119.13633796836363
698.4721790195221,373.25105164990475,50.80667955861206,119.18738034276868
697.119017719338,373.4102856898605,50.49246382890206,118.02623037809157
695.6181771291463,373.6547412648453,50.215733144051114,116.42422108359065
695.3044959151172,376.16874961040537,50.28779772054682,116.50460282997052
694.0568348851148,378.4267522083802,50.62265835477048,117.09315085667711
692.4581274965492,383.4319684454892,51.171147350651594,117.70240832386533
692.1729086099115,386.45533240519956,51.62525211611461,118.43757127358532
691.089250243845,389.511128054489,52.43645922910694,118.37496068789696
690.7348535039771,389.4447636676131,52.74864626353008,116.4367055749301
690.9689205173545,391.2431197824609,52.91613235396279,116.10729681203132
689.7744536848763,394.6683601576397,53.17716684899738,116.5992232882362
688.578366337525,397.3473253963357,53.2599543366686,117.86595711748481
686.0831854266926,401.8397701313781,53.21165038684919,118.32296217865003
682.3563145256719,406.11058326233336,52.614885597093775,117.49007615111455
679.9432850676478,407.5646924870298,51.82250579243873,116.05735208648727
678.7350820730285,408.9229690818494,51.62422672308375,116.45914606481684
677.639290303636,412.21893406777576,52.08116060366538,117.15408132733907
676.9964042111276,416.31093420227774,52.74400798399493,118.16228076536643
678.1988347534353,421.8082605982542,53.10788469234802,119.27648417458535
678.4167992249552,425.05991653920375,53.50441424540222,118.54563323018621
679.9064923159557,426.4798583251638,53.231998278244816,116.94119277350056
680.5913740555924,427.5222927539336,52.76381560951828,116.84066839838289
682.095532706424,431.7063618662788,52.43048610082383,117.51711635533297
681.3599685402653,436.64910459693994,52.413668876500545,118.37448978072946
679.8675846820826,441.8450973237236,52.27456574325683,118.74785466895895
676.7743256717873,445.2357890755143,52.042352074393996,116.29496237631523
677.3964287354629,447.508866211697,51.739033398214886,114.96108837738726
677.1953241631328,451.8303209806246,51.83765367568745,114.88180798992272
677.3489216750038,455.93867562354717,51.8970968355393,115.73629621384313
677.9291015099658,461.5293222955164,51.70927134530284,117.10730999881089
679.5904814818181,467.53388188960383,51.30145891136375,118.49952748055799
680.660087939271,471.1664245335406,51.19319082067676,118.27020879424695
682.013275602737,473.29952288676617,51.10067657772905,116.77171228310824
683.302502917315,477.5848183686149,51.12619533724503,117.10132883894205
683.2725599511202,481.8850498787274,51.66481051768151,118.31397617027957
683.4752117248651,488.539249111366,51.91758802487921,120.06023468742421
683.4836068125633,493.62994675443844,51.844248777217146,121.44344511416999
681.3581808286764,499.69426199670653,51.829964026240965,119.92925554760258
680.4925494746785,502.74798467228277,51.551644214705405,117.58203358512198
681.6721130002408,506.79933612780263,51.084576489752806,117.24684776392596
682.3665873484821,512.7314979599757,50.86225376983278,118.60344084762662
683.9336323615723,518.3466571582532,50.94917204443342,119.54905628896252
685.1964845498916,524.7726543169258,51.17816737482616,120.60215230364841
687.100077563075,529.0068950411282,51.43720449299063,119.06216816969672
688.8640932097537,532.4270445395855,51.772881695726944,116.62088650676645
690.3296044173136,536.2871922205703,51.89871352865411,116.73530794167178
689.5703816198615,542.4213510214149,52.40339569582396,117.67765318177956
690.3260193932746,547.03685972881,52.62341287360709,119.30216555214572
690.3294439068137,551.487174853971,52.425401737153834,120.20597866119861
689.8685403867458,552.8679358917182,52.06769827924259,117.55703593140751
690.0467371731065,554.929846915244,52.44174293894329,115.47352760505902
690.2401015857378,556.9955967818822,53.15679023672751,115.19298002021985
690.3429711047436,559.8715488280823,54.109132253403416,116.3023735352417
691.8087596054245,561.109908147404,54.102176834072864,118.21801939855135
695.4399614185825,562.2767525528252,54.347677260491416,119.33986647638093
696.3003759020846,562.7082940152628,53.993913723174586,119.19937876634944
698.0631076170433,558.5498278511119,53.58868955106964,116.2627710555888
697.9424252315343,560.9514078749327,54.267432251775006,115.73564250208771
697.6568989867241,565.1191459946667,54.77500817889566,117.03099512004167
698.4946098120843,565.7444998528787,54.703804057471984,119.8409563489302
697.7567896845126,564.4825095963106,54.650666236443726,122.15357211597261
696.4756111789065,561.4005229997365,54.50831133359311,123.21039809232386
696.4816443016367,556.1305625663963,54.153624238523406,120.13154454494173
695.387578252433,558.1610124055136,53.786031239274735,118.11309481787899
695.4690385661174,562.0529490203073,53.70563014315586,118.22524819961977
695.2520952951752,564.5702941786782,53.73619637254012,119.87958376178432
694.942178694483,565.5140262643362,53.916576448924566,121.90569380921829
696.3856129468837,563.9241838527763,54.09306243631076,122.85152243116613
697.049420652746,561.3023631223883,54.326451663257934,120.47718293491093
697.7047665518307,562.672985493628,54.07038632993222,118.56827461821285
697.6650514641967,567.6399984825197,53.81729697395035,119.31854429472635
696.1006989304404,571.2386528191765,53.50831893599407,120.85875393195941
694.4287325101214,571.8193583583827,52.98695636647593,122.21058748245323
690.608626414701,569.8786617580805,52.87838926044181,120.72622750922969
687.6404080902361,571.6570217838487,53.37592210077798,117.91636414714642
685.5435905083283,577.8093212539228,54.4968949110778,117.16926032418561
684.7347525616791,582.3705796872928,55.2527543981262,117.96770293010186
683.5138744464903,586.9030565665132,55.914847542566456,119.9895106462705
685.0563687581998,588.0156633596658,55.45092215156906,120.89106707949644
684.892504959189,588.7924525142101,54.9474424742003,119.06252539150152
684.6695661891966,595.0963932687737,54.427316596216045,117.682274497609
683.3507814675552,601.11961638435,54.025091117623965,117.59350038559691
679.0434670220998,606.5422578921102,53.86136917845666,115.78792073921697
676.8177010829767,611.30660924644,53.732792414124816,112.25119190751064
670.2408697334157,616.6296187662131,53.78904300387162,108.03806471366765
668.5921200816422,619.9849426687522,53.83364313749678,105.0742735980424
666.4128926724345,623.189600432441,53.8873189031778,102.07718951597732
665.7470497979463,628.8264703391225,53.91431715215437,97.83155639206758
663.7931382431275,632.2417176424686,53.71688513483885,92.69060646310967
663.1028636381283,640.1283492380263,53.87151271397786,86.02207960011921
661.7290443614531,646.9707511559051,54.07288661889058,80.19777991475232
659.8822381953613,649.8054341579344,54.54927482998061,75.60257162553734
657.7802095986066,653.7311529117922,55.698919181693,71.21585579750945
655.2381919695171,659.6237848154673,56.44741366838776,66.3929027811748
652.7474172462081,664.4086458927777,56.94522898414637,61.52954048983524
649.5527104811122,672.143455102221,56.15600787078338,54.91413960024562
646.4893396086753,677.0440935019649,54.716099225032266,48.86196253220297
646.2028238985583,683.3505135628421,52.65685220288323,43.045051365526696
647.9753481981359,688.3440602514275,44.93104798849388,38.8943227344496
647.1543785096384,696.3668289577807,40.25333099341856,37.44754020455571
655.5782557644861,702.1061920035911,42.493543402668465,35.78761599281772
657.1739427493465,703.5526795071237,44.45362817318201,32.89464098575261
653.8724162762633,704.2870786094373,46.777231656457886,31.425842781125347
649.7339002204192,704.4767349563182,47.80176132673975,31.046530087363706
644.8009282198049,704.8888105221663,48.25405481527304,30.222378955667473
646.8317206814514,697.9712095687372,48.853221234753455,27.972116384986467
645.5233708556448,701.336026699828,49.590862048475984,25.839375433351808
652.9739596229978,699.0857614328391,49.13812506552783,26.333680381392114
656.034281434779,701.4540237035951,49.15862524079362,26.11325386234109
662.3965221986925,695.0730383063302,49.57048099323992,26.03959233265204
665.3733298509811,682.4985436535086,49.8295579494049,26.09885232921335
677.1035240103179,670.7007111046448,49.4244217059268,26.46616964862051
677.8171498829579,673.5891650607991,49.96323441377175,26.664359392561952
681.0699424734802,672.5050991326912,50.65601349053967,26.78100809448094
677.9167500882318,670.9825519936837,52.14643451591936,26.678763505308385
678.5646346364517,672.7167153340703,52.950137465377885,26.785128596996206
682.6037973015649,676.961228826663,52.67320373671399,26.60767082567773
690.3683415567667,684.3237002488792,51.97405602220879,26.242804885542558
686.7469449937206,693.3828066044052,52.21417886021506,26.015049327810743
685.9658270813848,701.6910016628365,53.257692150706994,25.029030304698146
684.0443400883981,707.5146869887476,53.53538903707079,24.97062602250473
676.5310249543576,707.8254751081935,54.01110072605039,24.349049783613026
673.9306479370673,707.603196213176,54.25848562000594,24.793607573647886
676.4964985717975,691.9768631647745,53.8300924560144,24.955979786173753
686.0313634579293,681.1755975835173,54.043993054844506,24.568780113727183
683.6157411869442,664.8520617651224,53.97405351478337,25.66008850588815
676.8717305619755,667.1222798187208,53.96524859284582,25.664192803964724
671.2732589665848,666.3255917190286,53.96455994768985,25.6648108246382
670.1078166648938,659.6926759611873,53.91241842802484,26.666848395008103
687.8362495340623,671.2670749263198,54.75314485277396,26.012984546774486
699.6851072907822,665.3612958347213,54.81754481784969,26.29274341356524
700.7770335846978,677.2236597482489,54.305429900916906,26.945273887291172
700.0420790837758,669.5793610094079,55.398324742604665,27.38032522239515
695.9405481506861,670.8717067340948,57.56464344472138,28.26507041852922
693.2655563488955,671.4542569746425,60.25913998775579,29.85952193938698
695.0556106705853,670.7593595796943,61.92884823890752,30.754870928501944
692.6400814464372,672.753112294591,63.144977487984995,31.78595070378664
689.635275506932,674.4198394925879,65.13809461601882,32.82117916912096
693.2128079366556,677.2659807964754,65.6529211139935,33.902166214666394
689.4615900506986,678.8268580275284,66.96617841911055,34.874939950802606
685.8061097231314,678.3880769495738,68.5341581172139,35.2084957590555
690.9103550164955,678.7359660808871,68.77038493771227,35.82147909310855
692.4630750781718,676.8428440685614,68.69099156728925,35.98763644783819
691.7042666893875,680.1015502545972,69.03108759290457,36.33080452010233
692.909459038741,680.8697988739622,68.87621131704908,36.30158572375525
694.0086834416513,682.2292646027807,68.9345984487285,35.71818283057135
697.9758974911887,685.5440349488528,67.79599249320857,34.9865913571773
700.2681869932078,685.6903838341723,67.0278502567485,33.74328628673358
703.6788669709496,689.2359161149146,66.4303062192337,32.497665450834745
702.9429160383845,704.1531026750409,69.56880354334825,31.693794649918036
712.8721854654907,705.0619769169646,71.88270426433108,29.876046166070758
708.5557681931264,705.1197626239698,73.62694322800496,29.760474752060492
706.3246314203213,705.5205923070049,76.1991410900215,28.95881538599024
702.0105026247769,705.4546340704032,77.11066284126649,29.090731859193504
698.8933660462396,705.6128735292325,78.69102059306756,28.77425294153502
692.2141201883458,705.4346111118376,79.01997129323044,29.130777776324692
699.2596071478729,704.9012479490198,78.68249163687148,30.197504101960448
707.3227538152998,704.3356443107897,78.71624774049414,31.328711378420547
702.0628340702835,703.8154029207104,78.35715046294865,32.36919415857908
714.4387906755649,703.4185379756337,79.47738385883122,33.16292404873247
730.922349568209,702.9491807230894,80.36079097588672,34.10163855382121
754.7105667902624,702.9607606939807,81.2318357798268,34.07847861203875
744.1953346477475,703.0101704737831,83.29190211563797,33.97965905243372
755.7079937684402,703.3549847176537,84.76054139378365,33.29003056469261
756.7313797560561,702.5763655246265,84.27828357870824,34.84726895074706
748.3618535133571,702.3998714157915,84.92544763637164,35.20025716841691
754.0076134357741,702.1746750214469,84.90477129739695,35.65064995710621
757.6984861369178,701.8761003889189,86.53884925936747,36.24779922216223
774.8047467336287,701.3452366550521,86.31503656203945,37.30952668989594
788.8177749833517,701.1359486485419,86.717782552828,37.72810270291621
807.4994541552217,700.8668887291689,86.63390418955679,38.2662225416623
817.5338491884926,700.4072961136453,86.32735167184289,39.185407772709276
874.4287708167375,656.917109100632,77.49939196027498,50.897349181548385
875.6327980310093,653.3851978866476,69.68304285399711,58.21510837709551
876.6349878061086,649.901111703477,62.76470761532189,63.5935743225383
878.1025700599622,653.7844111489086,57.09390162812243,63.9581094648781
877.4813663958378,650.0465447489125,52.460973263012,66.58279856369833
877.3509390218342,652.3834870639085,48.239497688753616,66.58429845519075
857.8797998636435,635.6139311021559,51.09960742603324,75.60409275174287
857.699552663804,630.4466873007265,52.03001759719681,82.36993106260965
853.0701107159094,629.8007069636393,52.85591809454826,86.03554896334637
852.9178391370523,621.8811459966388,53.63784772687196,91.06146899305057
848.7284219435298,625.6615176217872,52.82197996547937,92.52053165095684
830.3560359565714,613.8926027149552,57.58973167572436,99.28284876930837
829.0910629054918,609.212113993533,59.45488285600874,102.66750785277772
827.7475308709809,617.0934159784115,59.40967763792109,102.46880769161444
825.9924117476838,618.6507963666813,57.96483775951508,100.98215970804364
826.5069152907436,626.3327800081374,55.856301864801935,95.90917753255317
825.1436138311961,635.2177269599388,52.99827953975608,88.65829608012237
825.4186088226243,643.2340714065681,50.16670386354049,80.76797168881686
825.5375212091302,651.7929847935579,46.95881683466926,73.09188685819657
824.6664570054646,659.0044966045784,43.99730144317242,65.8223971717026
825.2279718794557,667.2685717227974,40.729420010619904,58.92400767745197
826.0362764082626,674.6068663967789,35.976046426639016,52.04322521425481
826.0281161216429,681.8509898478244,31.321834773315707,45.46817106118711
826.0077625410662,687.9577349710512,27.720574161031625,39.630169095983504
823.50383774917,671.0671243777515,27.41181913056624,44.9204158563133
820.5406670549236,667.082121880775,29.099024776871545,48.559930737961736
816.4383060946673,665.6739123313147,32.1681418389857,45.930274397429216
814.8046399369853,673.0296432562344,34.568225619193456,45.129716478253876
813.4432304638566,681.5462047980379,36.055845590841514,41.03749610460771
814.530626329882,685.5574566844082,37.66454690078284,38.12020168245323
812.1479131902597,690.1135099065884,39.57522159311333,35.34748122442087
813.291780263582,694.7762953492708,40.757214008968695,31.083128600774963
809.9045863641477,698.1831215825142,41.71215905881407,28.450491148936496
804.548526581329,683.0903413356202,41.87688482562312,28.567310797997866
813.1754377030586,674.5849652188842,41.62707564368739,29.187430402075314
817.2756009786838,677.7069923874411,42.13469586978086,29.322068691914744
822.764835226436,671.0952476855631,42.750267291268486,30.23015892574891
834.7178348027759,666.8729146787509,42.684600169838845,30.79086803019347
827.8181318496228,665.2186360759517,43.36076083688722,30.450545230909043
820.1170079085507,664.4925782276764,45.25798857742989,29.046841225311184
826.8791835799663,667.5634609174048,45.271372219950315,28.85028153433108
827.8219199716909,669.0761370274803,45.11328591111033,28.660180168672206
826.3273873529836,675.670170461841,45.153361280360926,28.508413959130305
828.2382330182311,682.0800223136291,45.01082339224884,28.134617848327707
831.3520957136215,686.0201857426517,45.16975571631174,27.794665746141956
828.9584032973496,693.004002724072,44.880480392605456,26.97314994736368
838.1176743502037,694.9434856782475,44.97946453201429,26.14679634370023
836.0515654436582,683.4779103376634,44.513080050183504,25.482243899868436
829.0256469257165,672.5311571095847,44.129545687141224,26.199404530830748
838.9055815046805,668.1230741889834,43.850038467689735,27.061712950158192
841.4983629469235,666.5333769232778,44.42962756074277,26.752887266725587
843.1970933521997,668.2807940010932,44.45854309296392,26.764126109141642
843.7850641000737,673.4221215095733,44.50614285698161,27.227442771868894
846.1819290163589,676.0137496802968,44.361003112301745,27.45650942846903
844.2583795504819,684.9656778265313,44.10359459776667,27.628321470960767
855.4241371220979,686.7823032059179,43.51116942035489,28.21639944753926
856.4251829062424,694.2612186791563,43.69750863819885,27.867119526452957
858.8516321626454,692.2208897386951,43.94685927090073,27.48009552260992
860.3722780102718,692.8935925058827,43.842853952600905,27.097626389601817
855.3362747943271,695.041136101526,43.98274673702938,26.18117079011193
866.8605263807387,696.2540292631825,43.96718728979198,25.640363714846032
873.8736967422612,695.4198652622481,43.54315674741108,25.804861760660106
878.3989522921171,697.9498938325602,43.27864113109776,25.857429742106252
878.5266705023116,699.532593726626,43.32128515504468,26.31435966588845
877.9763487735096,707.4915617124046,44.81136342710184,25.016876575190764
876.7556021770021,707.9646072505165,45.81615007714827,24.07078549896702
876.8928190462161,708.3810241464411,46.6253497615716,23.237951707117805
878.2533086260216,708.6935217492952,47.26771288711698,22.612956501409528
876.0515371010499,708.7127675227108,47.42331587358386,22.574464954578445
875.4924340942731,708.6800616907097,47.62167630608271,22.63987661858043
873.8078446149964,701.4927518060681,49.280390787097154,22.566361011887178
873.2387743351962,701.993875485842,51.3861369375177,22.228099858394128
869.5402217454636,702.8250636913556,52.78801811795963,21.78094866709358
867.9939387392907,700.9675790086717,53.429610619563235,21.596839663320786
872.2390532423976,697.8796095627085,53.53757192096641,21.628903433176674
868.770251702819,704.0351429461084,54.00355634778009,21.569057369502016
870.0067984232367,703.0344951896527,54.04993312178841,21.62378916171028
870.238917324492,691.5421608750247,53.99730115423867,21.88235305463818
870.7406895144603,688.4354419035355,54.02000189148962,21.925380841366348
862.6554594585563,668.9500678760259,54.15895260388348,22.36339879384669
878.0140617824542,636.5112735546337,48.999990753939386,27.767736093857643
881.0188519263457,635.5201581138588,43.89492096420295,33.17080437775125
881.2211804134532,634.8239039708274,40.053984693113186,37.571903362056275
881.8754625991998,636.6506215426315,37.79932962337784,40.26581929266677
880.5796652242748,637.7782140006034,36.07515899236841,42.37132163258222
883.0223087253835,640.7152922256063,35.15618058390098,43.89808986519377
881.8381999686987,643.0379014122954,33.93823171543457,45.48984048595622
881.2327742818553,645.5691459925877,33.19037337232459,46.77969202361365
882.9256544047611,650.7959808789653,32.69676400541928,47.387087924686625
880.1492269803074,652.2090989654221,32.410736408037664,48.12823456427315
879.0450839505172,656.0428341184919,31.96458826351632,48.65220102571149
880.3164940975166,658.9736879704959,32.444946070103356,49.1116297963128
878.7084037614463,660.485433852882,31.761285433650308,49.831469940720254
876.9461298157293,666.3460430949647,31.381628002818942,49.62633422022684
878.3772194301608,667.7905158800287,31.1803069282525,49.54251865498162
878.0056580805768,669.7668548766371,30.719038147928465,49.080944787741466
875.5780848287659,672.827038229327,30.508770222839402,47.9446326477915
875.632122189456,673.6834502449838,30.27064484227933,46.76278395827477
872.9730289902275,676.3439855683916,29.361002261244266,45.055849053646426
870.3143735010857,674.6591008072053,29.571532233668393,44.59395353695663
852.0036716102398,662.2588610153261,34.0899697067665,43.18897352598833
848.0097857783859,663.0006078244331,37.35197232750549,42.55669145562601
845.0879885997707,661.2620656545763,39.54590848161094,42.4233326801051
837.4200966512752,650.195498375622,37.65603014715649,45.369302931373184
836.1197524674105,641.2621920873553,35.98183142992496,47.05592283212545
834.2250173147727,636.2612237020937,34.2082829363725,51.16012400694531
831.1402409955731,630.7134981236322,32.564236941959194,54.850042326954174
828.5473854617412,624.9417108901652,31.958154186380916,56.50702011420094
827.707327569265,625.7606513407876,31.528025220356735,58.57234050690142
830.0587361406309,633.720238249499,31.31461847801551,59.547697939478766
829.7072608977804,635.9427069236351,31.366445916841492,61.229622163471994
830.6600878434537,644.3908809947928,31.454932650494992,62.22644723892997
829.9438860248031,645.67015250063,31.38713792353847,64.23569902706036
829.2835226028564,644.6276830703099,32.080820089697454,65.70482367871608
826.5225379440643,646.306164946818,31.90656137993783,66.37392193741891
827.7553291587703,648.5168085775373,32.91203302767411,66.18441568183945
826.4305256908222,653.0080220113089,32.687723337594065,65.37668669027292
827.7846267807571,648.701758534508,34.31259000538024,66.10316628059334
827.7536651460039,649.7302987174746,35.752900726058584,66.51994760899595
828.1232202816554,661.4936305635591,38.43711503971637,62.566114117022316
826.0227292179699,662.5127603712689,39.95586144931414,60.06887012660294
826.9975684596866,666.217310881984,43.05047923052909,57.062906312203985
828.7104589929417,672.0440343903732,46.927768232378504,53.51259345069899
829.3648860136994,677.010909420566,51.926333014105055,49.0029156559383
824.8909843930895,679.1858113285543,54.774862573684274,46.53755703039122
824.051573161714,681.9096009255085,56.75179599834924,44.467938041561254
823.8404421629957,677.4995471801328,58.97467139910617,44.14819873055473
828.6971476652348,675.9106506573404,60.8293451114251,43.84405818238946
826.2540627391966,678.823422130005,61.78793317639192,42.99736655541956
824.3264743541524,677.9308699068265,61.57562032245698,43.356125176581436
824.3702885040021,678.5536717923661,61.553925250296544,43.47545060472082
823.3845514012029,678.9001147199529,60.40856290804335,43.76832829935212
832.2881990455068,675.4037018917006,60.195261760060724,44.11264016191131
832.638045316383,678.0230428040968,60.67930029740982,43.48792623262659
835.600329334379,676.3181579092014,60.801195274112956,43.863684181597044
844.0030016900841,673.8651162798049,61.75628757442164,44.70439878804646
855.5665256120393,673.2160138225402,62.16711204496427,45.638147525818106
865.3931626482124,674.0563480286244,61.33082405660264,46.51349412829808
871.2902146935719,670.4222979290348,59.18669860357881,47.852700284508536
870.0132231155617,669.6399739109061,58.99753295588832,47.93924468307062
864.7875268447496,646.2760078571276,61.499065878371965,51.00650174179931
864.0381207073041,643.4582800684693,64.2294150184974,52.681416547631606
866.7231193927286,632.2697829042896,68.80176994257019,49.437835924819126
865.3653573467986,633.4070825238024,70.4886380285706,48.172254630129515
872.2997444956005,633.3058304324688,71.62375472217778,47.34244069756234
872.9046863749252,637.6520769693013,72.29585948891912,46.63224742858482
873.8334446633836,644.4809196684505,72.9462927411039,45.97999415919265
872.8513111205604,652.1541464801305,73.58081739510982,45.879359627629555
873.3047588857958,655.8350037679943,74.64059666932637,44.535741975730105
872.4770678103234,663.4262416093977,74.98451641792727,45.74355559956394
863.5290433496907,648.3058422407336,77.61696975813823,44.39438851657967
867.9843249346764,649.5066069493554,78.2901010461747,44.31375143332053
861.4747152545984,654.3380282001102,79.59720797957269,43.67829845817799
851.4743846490078,647.7488138740165,80.47932365852743,44.20134686134208
869.8118977239873,663.1746066295957,80.85034853395909,46.037169797449316
891.6649222620657,648.584924569018,79.32850355936469,46.305248518213986
874.6345001838691,652.0887450173448,79.72597186126555,46.359375199685495
870.9334903426778,662.7537775168917,80.5174110993124,48.14896962441986
881.1483351831292,657.8319837911966,80.68958909419068,49.31262543518487
871.9389464710804,662.4352870521176,81.51515057590561,50.35516442115539
878.9670333320992,657.1652589553136,81.86547099449314,51.21374783644319
892.2081736899225,656.3531680711662,81.15259945853376,52.294869302003576
882.2853443490756,641.0343316861984,82.57931282772773,51.993790851236156
893.4070182496587,576.0894875238635,89.48247991913966,47.46833330188257
895.3798830113552,571.3051134222046,89.76035269066851,47.37549092902831
897.271259155583,563.1983513875331,90.44516021666584,47.557215681965104
946.9318704055544,472.50224008311824,80.36673556828583,46.928594784935356
951.3879286632161,469.97741275480354,75.36587393577472,45.60094536441638
951.2860759215453,466.1054346641202,71.46055537126483,46.53018902136895
945.7387566605905,447.46707904817254,62.85446452305724,51.22789024349868
943.4479004632045,448.47826017215885,56.21805252818075,54.976005290447866
936.9571540533406,447.6914364999776,47.03763433716655,56.93182426566978
936.5926309549845,447.275102437718,41.55592613934728,57.835033772024964
929.8605049106778,445.36659293565464,37.903082280695216,57.850890056425136
930.0297790581267,443.66278931705244,42.26901701802405,57.12032895866854
920.5529548602251,446.34336680214363,43.57451783081936,57.59677469649402
918.4815852838677,448.4595162243535,44.771089991346585,56.872898703636814
923.5028521418682,453.3017366480442,39.71287024018952,54.2414363718803
920.3728800416894,456.86240343991017,36.54457652550796,52.343903447328124
912.957613771674,454.6018930683465,35.64624248839026,50.773005245143
904.6717919384323,454.7008126021096,36.45821208260796,47.72927994714808
901.8608021936342,458.6230973059148,36.58963676263407,45.34915756102188
898.5511799020185,458.6906524505263,37.66160961734967,42.08622439582246
889.5600392085878,459.4460741535503,40.54937806475793,38.324923226102605
885.1326493137124,460.6607002662957,44.040785051774506,34.53498374475237
881.5295892662247,466.27694026339617,46.03270226589046,32.29305856012171
895.9711185979893,470.8330213458888,43.24969548224417,31.311343782831734
898.5637139473541,470.47095035159913,40.89990822589719,30.321023491137666
897.7334470616609,471.2822260715044,37.91366770529146,28.47615149468651
900.1362005592952,471.9336019287283,36.562613224671374,27.234099243129265
902.8153605341032,474.2589762068551,34.84130194204754,25.591453103867913
902.5384090763192,473.8581002497711,34.115930870799104,24.096856446258613
901.6786989799444,475.3690951684092,34.609810902415795,23.662421540622965
895.9689620527196,474.2796595880549,35.62652139016635,22.918013892737786
893.8107316187057,476.2224281129643,36.24327522694393,22.33153384975499
892.1581275783797,476.4321779898,36.64205783152184,21.982689918837558
892.6416428708347,477.0610573385677,37.13646065725631,22.38289020567707
888.1042018418059,475.6074402254677,35.88213434129049,23.50415183666218
899.7465797780796,481.5586529946809,38.63654778026642,22.393504862688904
901.0463635317367,482.2703639208857,38.662682177249195,22.381109011255948
901.7497812941309,482.64478930603826,38.66236368126933,22.38523370481799
899.5550408645016,481.76630833053014,38.666521969727214,22.386000587474935
900.3440343327169,481.83553750165265,38.68093463046457,22.394026620229898
902.4310019352372,484.281653264681,38.685069493783345,22.395326893489557
942.2848274758376,448.5945449596827,32.16644429148903,26.023709152900242
942.8321960339646,447.51988752305135,27.935797141055264,28.165547219522274
942.7961443402138,446.5760354209866,23.793926529533266,29.77763954621041
942.3980368899736,446.7000112791575,20.704918041341905,30.827089258091316
940.3089067185483,447.8662034334614,19.234008462317412,31.32934545241308
936.9509164947926,448.63110106828935,19.667045184242845,31.321614391741587
936.6793904618469,449.1425693502513,19.465704855114744,31.598513032895823
934.760963173702,449.6452119274332,18.208855207771986,31.96916629405935
933.8226741250384,449.11878669221625,16.7488244183802,31.89411759457144
930.5927553268812,450.4298509730951,17.072278958054163,32.154061481544225
929.0820580091569,450.95326106342384,17.90136707494797,32.27242532188275
927.3107426654701,451.2941390985438,17.685941121696523,32.682061768732794
925.3004022896163,450.6667741850129,16.75930284264255,32.96774404940782
922.7186607780924,450.87909500681053,16.38029013815119,33.211902759816425
918.9447924256372,453.0263601187473,17.0163523435498,33.12740213799375
916.0066140994848,453.5422359936945,18.205003002202474,33.12127752432983
914.5190462931527,453.397468072233,17.94326117346026,33.49704841363948
912.8457066110462,453.261334275945,17.062592210036495,33.801046658070945
