455.0,321.0,23,63
452.6910771092041,322.73396099314857,23.085848100927706,63.02336524514813
449.34752183362434,323.56415635376095,23.13930691868882,61.418028234860856
447.7408447400728,324.0117589372538,23.241744968096498,62.00637409326591
446.1130581801376,324.12978759758795,23.380893527420085,63.07825439466784
446.1143056875907,326.57340419719316,23.10486945977963,63.33520149330899
446.29612343883497,326.1104318693543,22.832725656509727,62.60248526031488
445.0855644494235,326.63087251091935,22.915281623613957,62.25403256605193
443.7491305362739,329.0017301675003,23.226912877647415,61.977496696249396
440.8780023453414,330.4430968788357,23.61577570482502,60.50151681361757
439.427020788697,330.11408800004784,24.24309587377791,61.04227077724802
437.7088701339047,329.41764925329454,24.503295498792077,62.50831416430932
437.3444980353647,329.2860575162958,24.372374778879887,62.88906660803343
437.1742977586778,332.74075848861753,24.149085146706835,61.946858266905565
435.1167732443411,333.1668574243906,24.092518574794273,61.44605504867971
433.4878006522601,331.321381951715,24.067977797042264,61.817776868054295
429.9127889751167,332.22534605813314,24.146681571250916,61.77826601361659
427.7698376311083,336.9717985521368,24.43310305809589,61.868963930882586
424.3290722508858,337.06063770600707,24.307553740415823,60.05328513486085
421.71215012407293,339.0994663238646,24.45611662197134,60.89562606809112
418.9704066119953,338.2745932109321,24.946119149056212,62.080421732432654
415.95017667349947,340.20586336761187,25.007880295579177,62.13629267395591
413.13419171501045,342.6678165194371,24.813632561190072,61.44506764471957
410.4071669384256,341.9348489814226,24.80149559092232,62.00508841410797
407.64191588371807,342.3951768976352,25.202465839985713,62.35898397328425
404.95089784124053,344.2947265311615,25.671919527479925,60.663903871270804
401.38351192688344,347.8286144351372,25.519215770256526,60.68369825374913
396.22790016847046,346.89535410273015,25.805689531223116,61.52797160411004
393.94960892306625,347.2075330062258,25.636609790586235,61.689578762939014
391.9565887522455,346.6459003615707,25.09667967324328,61.80617596142893
389.8974739418437,343.83201163877783,24.63774559775787,62.07312882205376
389.41877322882857,341.73243628295126,24.305001149764784,62.3028886645662
384.8577588816689,341.9135939832356,24.52836346224821,61.33748488509131
380.97605879662757,340.11564218692564,24.73342928174491,61.06983256950814
378.1079231919801,338.99448592234523,24.630390798656993,61.700328692418886
375.6112658623612,337.9706939265897,24.328142713754126,60.174609461273654
375.3027591425714,338.2604137535155,24.03916555274778,59.6155250320315
375.7649640237899,336.3017620668578,24.740579764920184,60.02309329792503
375.0582417246862,335.0178580287128,24.830721140471383,59.79230213105103
375.33731118958167,333.8921155651159,24.327574886461672,59.28058820570568
374.36750848245947,332.9417081977358,24.397963381760718,59.44153477640342
375.75965531335186,332.08194043787137,24.342170086186893,59.84869236644475
381.3359851099723,329.82938022289835,24.07552733864913,58.73216972998452
393.5355613020977,328.16383386681787,23.814543289359303,58.28260753491898
408.8085558549371,323.13086794008893,23.833068343836775,58.28968623896274
428.28943394156926,319.54598595368066,24.000966101236447,58.10973402525585
445.0976789400524,317.48247640989285,23.698837676535867,56.668393737831515
464.9073109582456,315.6748760414919,23.589827546399437,57.11936412795361
482.9179241539681,311.46235136123744,23.741895222337227,57.61260501678299
498.76019997846095,309.29236171586183,23.224000067492142,57.18561653409664
513.4143160188688,308.26195618949384,22.153667766949894,56.14533810929362
521.3989656515118,305.2960378392859,22.220333467484096,56.39590039564697
525.6502064385315,303.6719047879183,22.335176722546333,56.449845819671125
528.1333127464867,302.9839297489264,22.1865147658157,55.50810790937372
529.4759512946976,302.12083429234144,22.200288572714285,55.73663341727025
530.1327504486785,300.0832081174301,22.599275713971004,56.40560524951479
530.7626943455763,299.0350394414018,22.34442332056615,55.970585790047906
532.0069884483853,297.2247848626565,21.63665786885435,55.086914039335426
531.5939164380644,295.2340398614745,21.581225351410286,55.75100597041032
531.6054312263179,293.15234177045835,21.890669529785963,56.223896170997364
530.7594549921095,292.82735682578505,21.951365894687314,54.9491071492112
530.1889076144963,293.08856881739035,21.466545122569766,54.509385802719336
530.506347868746,290.0135069346464,21.779052309382973,55.12813749789474
529.8811147413427,287.38649397822445,22.307747323955347,55.5105508619105
526.7733643820264,285.62372010680406,22.34046300840813,54.287960177016835
524.9033778880522,284.13918929961113,21.7218697121769,53.10838592714491
523.8896442828708,281.66492759612515,22.55426856316469,53.11196304505436
520.2993791202496,279.6465455718369,23.362270812235156,52.69955411999806
516.6390205288743,279.97841814869366,23.350132770376415,51.31980554831577
511.7491390267627,279.20007265858305,22.82288893866216,50.64880487814641
507.8177927560458,277.2438729049859,23.360050474236537,50.591828774989196
502.97051020136826,276.4267241226255,23.336948957614993,50.32428612974896
495.9944511710322,276.6388770007536,22.918446290748072,49.329942531695885
493.1669963462866,276.44389020168614,24.014701155083024,48.681769157174536
489.2943090713149,274.98782667371194,26.045018331979588,48.159829440662065
480.5050814121337,276.15881887075415,23.38816023481464,47.437245070991736
478.34512971981775,279.69629596971,22.327112691712205,47.281739725619154
474.56469727378027,280.26544042291073,22.7647170857402,46.6600371229286
469.9596904188419,280.6148218196012,24.28637630342954,46.3907176889226
463.11166129247897,281.53636808172985,24.929372117190482,47.03795109239969
459.43852142794157,284.5909677242918,24.290285024976278,46.7114208746586
457.060494440484,288.379528667965,24.45507618250856,46.74965543262462
452.1969515625293,290.7874637913949,26.22592414544922,47.96688149924153
449.9630387110545,294.93706586232787,25.960381928477013,49.24593968647707
447.0435805533432,296.90779143884697,24.164547877688648,49.24882447093884
446.8574386978178,299.3527756991172,23.809780807489393,48.355880486531184
447.01705306137376,302.3160035537655,24.578534258111915,48.600063815320624
445.15109502281496,308.6330844083358,22.97916676589356,49.46303345383626
444.9333848317983,314.15894138133575,22.219717152809658,48.9546544687738
446.7289737937714,316.73583858073766,22.986220503277515,49.20706429360282
447.6054339164815,322.10310856751994,23.771309901411954,51.565114652069504
451.1133252468735,326.2686578507735,24.56921742617493,52.28771176427337
453.1782022249644,331.9979652257439,22.31376156569616,51.9918930348404
457.3059416828081,335.06676008181836,21.73403338243065,51.077447853941365
462.58926788084995,337.544906116228,22.109367070331317,52.10684304098153
467.9891051044742,345.0942807659208,22.33419823831723,53.70641222304121
472.61013881412816,350.26307418741595,22.263883748696845,53.591466371261845
477.7867245007234,353.2552689947067,22.88916696535016,53.720113866055335
483.82760718069284,359.33325526838706,23.544553705020558,56.435906455413416
487.4566203708988,362.9516132146245,23.43008201210866,57.23791736957908
491.5477954969253,366.60272679005095,22.760411813766602,56.54451590232
493.37470274483826,374.37545914831315,22.48069704938598,57.25240811938936
493.82002139635637,376.13879325956,22.98785637720919,57.535630643965945
495.2647353920498,381.0898049445513,23.076379435627032,57.79171884624891
495.79628633061884,384.8215738051834,23.33973935048106,56.41462216502386
495.72646940252315,390.19457446008477,23.862307776984938,55.313243657955454
495.17684907122964,394.8796882767249,23.80947934777504,56.55893704518299
494.6834275152269,398.6665024916791,23.20876752813993,56.37199684769648
495.1308877688691,402.1204334876268,22.879078344097763,54.75006930404321
493.99187845363906,407.48147165017957,23.094535939401563,55.600868955500225
493.30389438279144,409.487529974379,24.146270072307722,56.68003038327325
493.3603523721742,412.65605589646105,24.709028532018802,56.96459108793728
490.77375815375973,416.2682831585719,24.93514970810549,55.72890609496557
491.03531225578587,420.7603308203822,24.948098022607923,57.17455930650129
488.02128326768155,422.13199063520335,26.186330559363405,59.25905950107769
488.4876116630221,425.5072036918516,25.752361512822972,60.54118038485145
489.5191925846,430.2953807040872,24.694341881581245,58.26498200002867
490.11562236088156,431.6087468849298,24.192324003822815,57.349843266273204
489.2133728984085,436.3869959160325,24.540112113339184,58.29432176656785
490.3994730916997,437.7246775983398,25.527225691600663,58.43917934921888
491.065754930813,439.6158618805801,25.763830104194298,57.10631945173044
493.24844701614126,442.8438699251097,25.619118540959683,57.60788392907746
492.76547658013254,445.0246910360948,25.22476888563339,60.01702417781044
494.5208992990566,448.0555109550016,24.78719615286331,61.09455975503586
496.2972197624217,448.9224847043637,24.50199602203162,60.29335151412424
496.5564308664488,451.2604315250377,24.605186362805473,59.952510363010525
496.27334912641777,453.4794537570506,24.961480458102002,61.39547786187539
496.07730664925737,455.26668276096854,25.457767682930534,61.65285273978173
494.1868414668982,456.214206717998,25.800847095500423,59.58502955716802
493.0513163983897,460.27548350239044,26.05315943954874,60.490857336039404
492.3987249381441,462.5311397715276,26.48329658367277,62.91579357706195
492.7198593491151,465.23387147718967,26.79441216114484,63.71690365206595
491.03022275579065,464.7846734173052,26.060129439590533,62.35107858042859
488.6937173547596,465.61926654983466,27.597810041457382,61.66532127044781
487.05809098288904,467.3948562457285,27.379682902385987,62.29309695678528
483.8035714589242,467.4816287799811,27.204914577268838,60.79231189804557
481.426543522367,469.5368723712373,26.818360709172268,58.88665869990827
479.2257260554306,473.3549987656397,27.04502310886538,60.15577090133776
478.77693804575654,472.0362411200591,26.875475715127592,61.51240240343649
477.9183323306211,473.2148923127082,25.996251598523408,60.265527874583626
479.3925243175223,472.29314638897193,25.290985910853795,58.62449213416547
479.81155415109924,474.5660802518946,25.395385350145215,60.020656268671694
482.764466472139,475.0063518894467,26.001767739315714,60.443122026770645
485.8372215373118,473.57647956732137,26.356837442954543,58.20795700305258
490.826865743994,474.8149228741962,26.1489571106448,58.60826765492787
493.77363378062233,473.6943391868518,26.341373796177226,61.31343954621836
498.0691147758097,474.82381323444673,26.67236309974782,62.99070971274719
503.6632126699389,474.04135526375813,26.462331984341,61.18987248029623
506.1243285318062,471.0658129905195,26.251861735215712,58.66080871134383
508.26404382721745,470.8908883460148,26.619159660018187,59.31938907945482
508.4545020333498,470.2404105199487,26.468620445019152,59.9727312061964
508.4925610562403,470.3771434611797,27.302353473456908,58.57182391748438
506.06426430961307,470.16362396405924,26.95997235733638,56.72238891270188
503.88443349656967,472.24079264722167,27.66378071193882,58.418759554189435
500.99747877603386,472.29013740021156,27.167518033869783,60.03058030211593
498.12978765581687,469.52287451483477,27.102637823131904,58.941006341424256
493.82011102265074,467.8379896142499,27.274176148057872,57.79470863771107
490.09823307834097,464.9775688615103,29.0482237847243,58.26640463537789
486.1094824687907,464.42750805630084,30.170530912027992,59.47948706122641
483.11454884012846,462.0432726188021,30.58447043497745,59.75125383466138
478.1651484284916,459.5099594490682,30.653910296337145,58.93525077959792
476.14212581172785,457.02720937799126,30.90614754646613,59.216958807494
474.5441163467753,456.41768649938456,31.900536837699356,60.485702440684065
474.45731138341785,454.0538163632184,31.10783817066433,59.775210291141306
475.0170315153697,450.7704692080597,28.566187213401275,57.58677764833368
478.0317783564433,448.01034742127183,29.866649585941598,57.4369620178079
480.72133682632034,444.9790136381797,31.791625053414066,57.88650092188278
483.01028774517545,443.6358532047205,32.73223212683662,57.44785230637932
482.5424272743421,439.91888665647787,31.08384662319074,56.23313427981769
485.7845163119653,439.6247634081999,31.61935238583499,57.73846451660803
487.4868737367441,437.78180485814113,31.092963952293047,59.194095972194276
486.7474881009438,433.73304805516983,31.46666320240917,58.04962044239467
489.12826154826297,429.6090001327931,32.43630222085684,56.49003806449192
490.71680196384716,426.8261346538463,34.58922322074312,57.060422953049574
488.2762484648497,423.1585874586618,36.400246600574015,57.70115088834042
490.60231739537335,421.3699274011427,35.35466086355022,56.52462578853492
490.6934488354501,419.17756914640756,33.05008353027165,56.46909571597388
492.9405009167888,416.0632035351723,33.89278661857085,57.63294656735068
491.0520620821935,412.84978406206324,31.795213604167614,57.069108633686035
492.2329817206019,409.174098037479,31.006799620319622,55.84891696215145
494.5650098429151,404.20129556204193,32.66564986983386,54.769817933533346
494.531711660699,400.7722466384573,34.79247267469574,54.926560800233766
493.4372784721887,399.39159607061515,32.961731507771034,54.6608538792775
495.2496000651414,396.828456817023,30.912878727139073,53.384620789782204
497.2473567365795,393.4876406000046,30.57004482762224,52.96589616815481
499.7387994132497,393.78851525801576,29.116547902016183,53.781200074788806
503.14360963055395,390.85734385242284,27.34193112951708,52.960712075427736
512.2598784974646,385.04675886279546,28.65817574432866,52.58917575585439
523.8140016017225,379.39688493165585,31.932803070969065,53.15987393551641
530.6759145448539,375.36714501301833,30.36852308314384,53.79009351888521
549.0610221250492,371.8074943318163,30.171473816307838,52.81698765472678
562.7471387470234,370.1239316798064,28.771622164156327,52.76257365210594
580.7088066356631,364.2938519977232,28.689457651525373,53.50778550650671
596.678563214718,361.92063342621395,26.904546544196904,54.4217488946424
614.9433192433263,361.0987832445478,27.498600160808277,53.51079227555282
627.5068835651391,355.6692397383491,28.844341390229687,53.49600843834087
642.1187317175277,350.81085749624094,30.793023625491493,53.503681736033684
648.4610888051117,347.91692588480936,28.53531140344856,54.00586991006881
658.7105900460397,345.80402871562796,29.065621055381673,54.089284487689376
662.6469604804325,343.0417314291795,28.822228941478656,54.43149075492231
667.1472262219719,339.36335319780375,29.546200021876466,54.953026880759715
667.1692802169765,337.368238080397,28.260835317999984,54.759831212252806
667.88316660773,337.3705724697423,28.33144510485257,53.82881660836699
666.3872195868389,332.97655105678905,28.50205008413478,53.94129180732034
669.8092760938938,330.35138614908243,29.9434595309625,54.805543741874175
673.1453624284528,329.769872021018,29.844101803250602,54.335637427690585
680.046132087494,331.17943160723144,29.135915756652533,54.05594696620119
690.1036850827342,327.3372090861539,29.80967390191443,54.424824991754704
703.0378355162246,326.42389035421814,31.411267444113363,55.07267522418095
711.0658295911164,327.6331248094821,29.6587766087827,54.40713600115298
724.8340433112244,329.02889452337,29.34721794298104,54.44509486439273
732.4221904825215,324.9204471940299,30.19040907401943,55.16313393225262
740.3416271001851,324.1702134346297,31.846408885567346,56.09164100183436
748.402067321979,324.92962803904254,31.842929565026445,56.08454580179772
752.831172188725,326.9890559650062,30.76912840087033,56.09499292838612
759.1013943330655,324.4649854231538,30.66876284754092,56.79097641931739
767.4292756328236,324.02892884103363,32.522536991188645,56.89455015484682
775.0796572831443,326.6663576186964,33.99211365636745,56.583422457919724
778.8738587674758,326.079738358832,32.81810888106412,56.2746968663204
782.5467985309576,323.82827447615017,30.768280379491,56.95857861117625
790.111745288456,323.88379113323305,30.0743762443772,57.248759896619816
800.0464359894678,325.7141908822497,30.914024993720737,57.10025898257095
803.6410287907428,324.8411891354461,27.98574942535047,56.76679470274065
810.3203831867714,323.68001356138257,27.8270986166914,57.292942237586416
815.6111774349331,323.57764248492725,27.444484729743067,56.84117499108303
824.2669224442134,326.5034540281471,24.597868978760687,56.27725637241682
832.0370744521572,325.5285766657035,23.684151876935726,57.011282337538276
839.8371552192416,323.1504776170969,24.43039537206372,58.043649257993664
845.7736436627113,322.77993911710837,24.460067410905665,57.99897491519738
850.4563638315869,323.28256571642805,23.63904540811525,57.640923254643866
854.2628660716477,322.98645847545583,22.574991123305953,58.21330131080711
857.5835569747873,320.878769944064,24.298950503550397,58.42968545366885
860.4117826225945,319.85762367189926,23.892499207935938,57.47243576167024
866.2770708091494,321.26865530338534,23.04728355259957,56.952466004557394
871.6218084300891,320.4616331230376,23.16843147966544,57.84336583400292
875.8634530066748,318.25001253005036,24.24848155989256,58.40736934907902
880.5619894357105,319.10576870290873,23.82714722721182,58.126719430120076
884.5261601705885,318.8143173715429,22.99579062073718,58.04212636531256
888.6593372084407,317.10775984956797,23.922170309681178,58.18072053523902
892.0137917008234,315.1060796409305,25.361118990931278,57.763609761107716
896.3032922604056,316.25718884715127,24.2912273688373,56.954296011752106
897.3404934630007,316.0617856654017,23.74157471950637,57.41822249243877
896.9544427895777,312.92224579345117,23.97978629584469,58.12933958985548
893.7514078828217,309.6874880078887,24.66068215916137,58.39653887680073
889.3508634983506,309.49888259488347,24.21746245642385,58.516974800467395
884.3771528846104,306.3012229982925,23.29865748761511,59.07788237255569
878.4342295482517,301.67982731211316,24.01192725603568,58.7964580466721
872.739233079959,299.0290967897391,24.203525417230455,57.86850319786555
864.6171364925298,299.06044410550874,23.076777429979497,56.51305343937311
860.1308568497336,296.5148442451939,23.41487626635311,56.80104576254192
855.8369404756452,293.04627563734624,23.617485625858055,57.33016295870593
854.6864674894774,291.7487405702759,23.535390216357623,57.62439080769031
854.3021870853712,290.0458644868052,22.65098166421843,57.42537612892861
854.963087866066,287.30842695469653,22.323580127243027,57.025785250763164
857.3099809796391,284.4856057759009,23.656435745799918,56.04166686616688
860.9324764772658,284.20743136316696,22.691626635312062,55.17987909495518
863.8069874636165,285.89678391852595,22.250771166517126,55.32186490220593
867.7630469449064,281.7586322426787,22.298201154132606,55.4063652753848
868.7476273233435,281.1347659299263,22.965896476359944,56.28366027881925
869.3864434127469,280.4946721103909,22.6488661041938,56.455327410077544
869.637960829229,279.7905034561674,21.866656466542004,56.61476335133708
869.2920187083215,273.9180931927604,22.255226499372682,55.71099379026041
869.4365466910008,274.9118277750539,23.06610034358429,56.078764493837525
868.2569658209775,274.0679057320127,22.234878172498092,55.35428558187306
867.5360986097867,271.1940319627049,22.365836838043858,54.95074222693392
865.7237853213232,268.9009874581695,22.765899816337914,55.30616412174701
864.1122934934422,268.80634999301213,22.803473926201637,56.26574850030391
863.165458718269,266.9804275058532,21.97645561033714,56.03388070606701
862.0154721043334,263.97438875450575,21.412979741528584,55.876661944113536
861.4185617728173,261.2835169934558,21.821934071552874,55.48982026113522
862.8628170575964,262.1128873929755,21.685086710002484,55.494440057798954
863.5442250469583,260.5473979596755,21.417226175614662,55.10608603865684
865.4052126762807,258.1787528989339,21.681121278297983,55.37682342576497
866.6041697011282,257.0985420607394,21.731113722743668,55.437849350200814
868.7796658751249,258.6276043302933,21.760721350335988,55.745645831600875
870.8812831364265,255.71699666239172,21.058005626560906,55.71310140177907
872.9705461384589,253.07364544425087,20.6717769857776,55.58922034196701
874.8054338720553,253.02721156207923,20.750368828155032,54.9955494100212
877.505058948293,253.3235086924837,20.554121605367115,54.22448835233726
878.2576173277461,253.60915685942552,20.733865075953258,53.88735339540679
879.036423193579,251.368372612119,21.135024096240354,53.800379409551084
879.3934304050608,252.47165602334695,21.319691313901707,54.61116183025922
879.7634833720994,251.637780708528,21.047679251894944,54.69028941302216
879.4953714846613,249.50320609456372,20.59934492130249,54.44294388997409
878.9000997608728,247.52439369574785,20.62364386204362,54.45218917100432
877.62724065049,249.02056211858525,20.674443259566946,54.58872805775138
874.922002045566,247.91599797495013,20.856786314141438,54.131169333302836
870.4939644253097,246.2865695280539,21.106919782193053,54.689815655806264
864.7035789909966,244.19794073506475,21.44647971331939,54.96410388143301
859.6178967446452,246.62908219061896,21.694855314420366,55.86865141466054
854.4541432541189,244.0263158937471,21.250389639223084,55.14678532676365
848.9493428901643,242.31041056452474,20.894847544866757,55.0023935926302
844.8426262490098,241.03249875950473,20.643894840847583,55.08942142630304
840.0599081600304,242.4828477861369,20.343699915290745,55.233629989249664
835.7797937776814,241.8990210670283,20.55938522295738,54.791572734107476
832.2338370794425,240.45873469925857,21.152366734669563,55.25458870695162
832.5178643721525,239.60687060320896,21.24596376057773,55.569263554324266
832.9173442028913,241.80737484786476,21.053037424295574,55.852596495676714
833.6392768264308,239.69616059024804,20.749385189911788,55.22956602653518
836.6105958646116,238.82208560297792,20.357131635034648,55.266458066505095
837.4746051862109,241.34431568864343,20.24457624867199,54.869702973299084
840.3735689758429,241.8173249386299,20.08907420651733,54.088342066099585
841.5044740995619,241.16473377094945,20.472222455173046,53.81811546591359
842.5146035492268,240.4016365318484,20.92432988885125,53.80289759060009
841.9147408724215,243.48617285769842,20.918778753203977,54.24637376702504
840.7816418211514,242.99773392844713,20.82470158718942,54.10234098099633
839.6966542507732,242.17728697627655,20.72471823185204,54.41732240975162
836.6771762267562,240.68037682563659,20.387560388284516,54.36527479110964
832.6141358878376,242.04389417146018,20.302612013387368,54.563304186376534
827.7414700325085,242.7242545838794,20.52012695158472,54.04566197481933
824.07126104426,241.61109733992134,20.719309576519073,54.075748435391716
820.4605426939066,242.7867622184619,20.83683392371021,54.7730026626856
816.2413761093301,244.24540976544046,20.953603372160213,55.38001481970504
812.8600774590104,244.19315904730843,20.639098011666615,54.292270772570646
809.6555429260927,243.52865665574365,20.225794640978574,54.536543500036146
805.9714246564922,243.36085956754104,20.213156546390508,54.460623394214814
802.5720919017634,244.87432093176753,20.237072299988704,53.60324107103526
800.9906239604371,246.9783762102329,20.694762210961663,53.51379811664353
799.7904619816176,247.18771298975375,21.00821788246808,54.360261276351885
799.4638396852347,247.7522006483993,20.99190681117128,54.88340082722479
800.1963691932186,249.87078475430823,20.776863053992443,54.78934479802418
800.150200726595,250.02219938082908,20.693067785091245,54.564259075255926
801.2141631617022,248.6774751098004,20.507449433431415,54.41979953625858
