553.0,555.0,54,102
521.6560808175149,547.9756797296723,53.85071067942335,103.82424478870234
496.24368022574475,539.5526453449569,53.095159079760535,107.3399912925081
470.51977140247476,527.2794543517149,53.189277995831716,109.318959948914
446.85828106758584,518.1434874316717,53.105886595297065,106.26127342767214
421.60248638191,510.0794286005407,51.781446913914294,104.00251975204358
399.7872457317307,509.14568247607394,51.126161612710476,103.42753763574274
377.2859841541097,509.14734356283793,51.241691359749275,105.65010657549607
356.5443356070499,501.62100683437205,52.01881169605646,107.4768278839903
337.4820084008393,489.30101527577585,54.2522917920714,107.62141915547949
323.4344211384058,476.4436560705565,55.38008960795405,103.57643297607459
315.43449407265973,468.91056781816854,57.055145155461766,104.36807334803791
312.3339631854194,461.6283648643884,57.13111537720805,104.4418481520826
307.9868916318551,453.2659227094513,57.44299530074289,105.65202298930052
307.0838189969254,437.9847779323158,56.1326244573211,106.71119975060279
306.0024175368878,424.3216091366701,53.87498670356819,103.15860057431605
308.1249589192986,413.5094681879514,51.7912503742935,100.06373574323773
306.9762359850295,406.95348085112835,49.98692011978468,98.29958126649325
307.0540376545397,401.18674106526106,48.81813318701444,99.85738334799346
303.8333918585801,394.57605240813837,47.63936862658982,100.79183439270767
299.2745707591896,386.09257693839567,46.2193826515427,100.45528801773989
294.4609071809848,379.63398275610706,47.057616790374134,98.33652667528591
299.1563725462586,370.1965298340487,47.80230617701404,94.40070253893381
310.26539677375956,363.1947908025639,48.007811188809,91.0081845081535
328.62856966545553,356.06684888658674,49.461152905417116,89.44497654323277
348.0895996356385,347.08568347943304,50.85220331661368,88.13371726964951
365.4418572010183,339.0309716396055,51.359297072572744,87.25424934774206
385.0216734670179,330.219097497512,52.4669680073705,87.09125446786663
403.2786793784791,324.70931898195556,52.48676966101047,87.1563132079639
420.9890035921318,318.99909142140297,51.970387591127036,87.83451979391285
438.8504165681748,313.59442360924413,50.20822448083786,89.52834638502733
452.3480628774298,309.84424988799003,47.266032448265406,91.51639524355122
469.0158465369723,308.11710677017095,44.511947062774176,93.34861116668938
482.47671833697314,305.2845474822751,41.95086020105371,95.0822417053717
495.83241870827413,302.77440880987547,39.73921531782678,96.41657544665534
508.49373837973377,301.3360560912443,38.77274662920429,96.3343270264958
523.1589957556182,300.40023084104087,39.352601750482435,94.47715672612136
536.9352443577231,301.7775429129372,40.6880134818193,92.18679649834435
553.3462740792877,305.46902337605303,41.95088445861203,90.31408947836272
567.7509161751148,310.5559388060765,42.51299919273917,89.41705305190953
582.8770744595658,317.137210999358,41.25882105157132,88.19921081378402
599.522143096508,322.0488399351132,39.865381775733944,87.74838946571103
615.8793754688556,330.06194207318794,39.01975248025754,87.91276746495222
630.9219765412062,337.72288189198144,38.75464921250962,87.38699988791213
643.2822195531248,346.779075311591,39.22718687031287,87.29188599791178
653.9500044848354,355.99090402731474,39.58515948736041,87.47671855669866
659.8986024339562,363.92722916503817,40.36423312036894,86.85559416015805
663.832786534638,376.731737540434,41.61293034869288,86.32400050506955
665.9789025675564,387.9927236492965,42.85097172035609,85.72368966429762
668.3860215957194,400.05985316701566,43.949880636686096,85.62675362690617
671.1001809546469,415.3868822278214,44.538224516487304,87.0208827611541
668.3302427501615,428.280853516501,45.129065280927186,88.69399975410735
667.9580605734286,443.09681004768214,45.24379096251768,90.83250295151075
666.5636635176294,456.73720788497576,45.27471153896002,92.00840283356413
664.0109483158154,469.80386296351975,44.92460605391611,91.17166250069484
662.1826233305868,483.59689719726487,44.6523924989826,90.26396927734524
659.7761285658639,499.1875480340099,44.41341059288163,88.51906897104267
658.575712927365,514.8251534334015,44.311312182379375,87.56636793788446
660.2649261173237,530.6503494919423,43.62185064621193,87.42772508838107
659.5205228667014,547.4015692754848,43.29675333886291,90.2136155994211
657.3066443565729,562.2827791872846,42.826194929432496,91.9385614984777
657.5380158311408,576.1153290296638,42.23372175568723,92.87035512426615
656.3587919469444,588.4433770874629,42.74222445572067,92.70540891101179
650.0248576116181,603.5792065921903,44.4833658314513,91.70270131757252
644.9862879123016,617.8479685066646,45.74303086485,90.39579882651442
639.4910344180247,632.1057145414715,46.513567150278796,87.93398717682268
631.5889410091731,646.6799164014728,49.27911871407562,81.00674434549177
629.8214046308004,661.0587730535229,52.899243961055475,71.15930936170408
609.9651347120056,675.3775799592916,49.66406040997311,59.87807982751062
591.0260543873676,691.8550285223237,45.54669188444461,49.92971346316506
613.2210055295958,665.5792122107654,42.8889520755741,46.183799699562904
622.2481341655973,652.6940695056171,39.97919553599291,43.55126833739865
637.4174735621484,631.2777426459519,38.11753700656257,39.34698052840864
643.5372323000058,613.8378472485631,35.60140820272279,39.37443825433855
662.489410971872,620.0297025689418,33.13584785606074,40.205205152643614
679.1930162562821,616.6572518600635,32.50691182337318,38.55325598446272
680.6279827971018,604.9773940263109,31.16339170560097,36.674598849233675
680.5973447380028,610.6195766271665,29.975796974189702,35.78330005377268
683.7834116734415,599.6846588960992,28.0117441579999,35.35731337235238
700.9049972265694,593.7638686357208,26.646441704087785,34.183451998577944
703.1476791835893,584.8219579054751,25.234564118172962,32.538182577721635
705.2939293230544,582.3512315168302,24.70486596326628,31.313787576691144
719.0896191156311,591.0911447359258,23.291815845886372,29.91065181232797
725.4042774369525,588.782037411916,22.838738216915242,28.316281011129018
733.29938174828,581.1708878857554,22.12276360304938,27.398161057102516
732.6790613390418,570.6526526915371,20.77250781508031,26.23193369163279
745.1367170734098,561.1233470758536,19.610301509918582,24.82596057241386
740.5649075195081,557.2435218905399,18.973937097214346,24.362001018724918
750.5855779743629,552.7661093966243,18.720087032231234,23.871223589563915
754.8274976056401,553.0860414061783,17.66069387563375,22.81577119154969
754.3525759652728,547.0685599707072,16.820658311153608,21.362201042472332
750.8479473605238,548.004414253296,16.610097405417207,21.37995017993139
749.9780160875866,553.5889399503832,16.003760915646982,20.652160077260902
759.5992290362731,554.9679372406199,15.074330928918714,20.32995651241248
765.532970682095,548.7421295059377,14.350364177802245,19.625207540859076
764.616371432703,552.9621094000016,13.940505425609693,18.829626414840437
771.9217474242469,555.5846313144526,14.221400781389038,18.031932134278442
775.8742547824335,553.8505948901162,13.6570385308361,18.017560219767645
773.3045896038232,552.9366077670724,13.366677573359595,18.30330958182197
774.5298426581081,547.5958517503626,12.722461137641126,18.128128347419203
769.6890718465421,549.7542308584009,12.128100966339638,18.053267714350625
774.5292779676358,548.6730798672169,12.226840640656059,17.5219127753318
779.4608141073138,555.3134288851372,12.49050023385869,17.30621718089747
784.385437062169,549.2687362404712,12.289195913503864,17.24825215895011
787.4319225183331,551.8912618130471,11.662403895218699,17.284008508915555
786.1706572149375,552.6039783663763,11.699479942683745,17.224313317296225
782.8489625634678,548.8134342589218,11.693993055437542,16.98879691794737
783.2184180538801,549.1886739491542,11.579422131985844,16.95323758142778
785.2829901541103,551.7256416191434,11.56842292053913,16.768744685297094
785.5446503871435,551.0045047342011,12.514592505742336,16.333489310894723
790.8364955947709,551.7120608670831,11.9594970611906,16.550853851771393
792.1152587355267,550.291300622026,12.265210068008995,16.184133832852257
791.5507361676554,549.3736108137783,11.823439163712628,16.252793631232407
794.9669786745987,543.5251813540684,11.76299928532406,16.81910979552526
797.6576947149679,542.1092971995404,11.938490117183358,17.326777610196658
791.6071735664422,538.7960044437515,11.516163578785703,18.1774575126436
793.5880887542797,534.663816943276,11.7923703124854,17.773913354658948
796.9189080385042,530.2203853939275,11.869295281634159,17.610983209947772
799.5730380959322,524.3496056811591,12.134941111602267,17.812003847642604
801.6158259866869,522.9224401664768,13.365382480971979,16.88678241729064
798.9575145929733,516.294028023574,13.281816822354045,17.162947218232787
795.8890355403996,514.9183491980597,13.054330194835561,17.803087370482288
797.8665433506519,513.241207836616,13.17352569493651,17.568254950547157
793.2381019432315,513.5038575641847,12.630569490001845,17.901189900927506
791.6321692119571,512.0599370629443,12.696137497716489,18.050066822597696
794.1348740374771,505.8314913177685,12.744545595700243,17.53149826045907
791.9087852902022,506.0550567257586,12.492625342447214,17.4955193304652
789.8458852127741,503.5026565941955,12.43240178514526,17.41471168343518
797.146136087073,508.3258673695106,12.489836132738683,16.837351412101818
799.4799715459376,505.9065272361428,12.641051018232236,16.524656861942937
800.1454741471449,500.2009225316382,13.35262928139379,15.695704375200242
799.4542910502336,493.1703813963633,13.246115317745785,16.13315612206828
800.6172258034519,488.68156323875456,13.115298911895128,16.15418080398504
807.6808894104205,489.8725207490612,12.45126668086793,16.06861054045181
806.2806175966107,488.94294211249235,12.228800054581397,16.037138998892264
799.8151709958181,491.9510989341207,12.166739002016202,16.18294998942458
799.0655434069009,491.5878861517029,12.35359336197943,16.270928746398898
799.5820567485155,488.38548105279295,12.450109983193608,16.61677516858402
806.2658559286228,487.7982773184953,12.295356471611656,17.214388966525025
803.7563399663472,490.57141309265324,12.948822142500937,16.57302845946888
801.9787379265247,491.8922901639721,14.159158515847098,15.866676233335033
797.5849940419604,488.1878947725356,13.223215651430813,16.18163690756548
804.408858911674,480.5753822663314,13.55476447645675,16.434169701956318
803.5947771959686,478.7558727246062,13.229432882232643,16.831424716803227
807.9523463280108,478.79242687427495,13.606991761703123,16.779381175766503
805.4593432665889,478.92415653643707,13.224074697290964,17.141009589479424
804.8265131807883,479.9973715175693,13.290722112544579,16.99238236158988
810.668710619329,480.8151010200139,13.33380526280697,16.724358812022956
807.5211270386598,480.21282054134764,12.795358074779996,16.0644140015332
806.3145680715461,475.5495402835209,12.701266231175305,15.84429788144445
807.4602322208929,471.0687677195446,12.459647252550237,15.555190696164681
803.8987262052582,472.70558946774133,13.064024487677012,15.417789112613063
800.9593231389836,471.59323979376177,13.258031425890351,15.227754573853446
805.0497910029017,467.2319283948087,13.017960261042344,15.361563590021312
810.9548619193691,464.01636757395613,12.845551887580196,16.09513350443143
810.6049875649919,464.9220762025279,13.219819181539664,15.777563140598584
809.7725364774375,467.11886489776816,13.122933942097587,15.717416994014489
805.4211999653025,464.4885898611713,13.094215059629352,15.621792598213991
802.5161535882462,468.0607051009906,13.202064008810439,14.927894760176912
798.1366726972552,463.13182049638567,13.062695102315686,15.248073942531416
800.4054364485125,458.40308759089675,12.933145657662314,14.99084096200538
798.3618504933509,458.52486153639586,12.658627046745531,15.186021403526624
796.5291864882214,457.3066670156826,12.29705762658448,15.543415693976614
799.3830928300584,457.543873005842,12.37567148709983,15.631553304722324
800.5146095437823,456.78716453641226,12.114419523275185,16.037571256765276
799.2828774730486,459.6630635819771,12.032675687447568,15.964228518418897
798.2736098725221,460.3280435677867,12.338228710766364,15.326300407151116
797.7986183739091,461.26183477550256,12.162185554427971,16.124725987324975
800.5536176602834,457.1520133726339,12.321109405995598,15.823395587495847
798.0748657351346,453.67305409796154,12.377860235052944,15.66888737902813
804.6416090043242,449.9428462996809,12.821377175677704,14.986148831302165
806.8609827657575,449.7547037427255,12.171226759744705,15.056819473777574
807.5885518796412,449.88138025371507,11.937985657221505,15.885230672989803
812.5976690614742,450.8586464532582,12.068829662696093,15.706813691384028
815.1064122021845,453.78658250117724,12.368241727222708,15.218094763270472
812.9819730504144,453.57932324838356,12.62310910547013,14.45631322002974
809.9203504164018,454.91168925778925,12.657586368124141,14.326451348923412
810.4723044475397,457.4608571177708,12.649122031434237,14.310791562798318
807.5429100510598,453.3781525518099,13.094126797294418,13.77342664686858
813.5191074599308,453.2947429255088,12.994248153868993,14.122065815242236
809.4082903002059,457.1837963419068,12.254563503592129,15.223441251733218
810.1896445979137,459.0295217932846,12.083185627170772,14.986065208596877
814.8853320340589,452.05732425546483,11.4547578373997,15.707231829646519
812.3135489833348,456.18537254366856,11.129600641728857,15.450570678043686
816.3643804079343,455.37988324330405,11.529860399951872,14.977435204065776
822.1896858010922,451.4667430636479,10.961807291858529,15.50991139467681
818.7736822499728,453.44924945083636,11.103941652398076,15.253600707702278
815.8173343610584,459.34022326402146,11.131696329152732,15.016361333285236
814.9116770937163,457.41038117877866,11.307940063055748,14.864059724962154
814.6151504238795,453.47863274191707,11.33932882143043,15.117647541068266
810.7631692078851,452.40481191837983,10.711229485841097,15.70164096426567
810.2846613911998,457.5755096216595,10.376302522776182,15.522221418302165
809.6039010425525,453.3512602662312,10.07662937241455,14.943067388680275
810.3166725853756,452.7525532690784,10.550225691065076,14.566460997243595
808.8223123702367,448.36960311736647,10.312372177251328,14.766035159310064
806.4609902239368,445.0488341537232,10.146745138063904,15.285186154223542
810.2553154013056,447.36431115493883,10.649418635865565,15.164844639585201
812.5066861399882,450.070162650766,11.059209964896468,14.928507095928948
808.5441611803266,443.7212638516347,10.320407192569508,15.049278327003996
809.7479007427391,438.17677500651945,10.192118131220996,14.904983464744262
807.4448652598519,431.12678467363696,10.083688669749346,14.494328754532692
804.8856415840307,429.1094995684755,10.417937260405287,14.0761058435178
805.7179303260292,428.51193395306166,10.610480290324315,13.71732777258763
804.5697731983427,431.1114675521383,10.58407115702555,13.797668075655004
805.0477754853504,429.4579261606852,11.008430047365565,13.413249241129625
808.2164008863663,427.5755678088943,11.169004867892397,13.449168032113775
807.4274956221628,423.3728052450683,11.664944363584537,13.17764543027354
805.2216045892969,426.70266776949484,11.683282368037096,13.287352449291612
807.2569730684861,425.9994112170468,11.947819152334347,13.091250197742292
813.1425800104753,426.1374939764652,12.117317243453831,13.361944420116501
813.1044747639572,425.87227581870485,12.032913722818027,13.30492117142823
809.1236440210349,422.88658272206175,11.443454450605858,13.751668235075769
808.5146113990291,422.0064712189311,11.173745799353863,13.643380041385806
805.5455093474316,420.9502815761248,11.323947888388872,13.582388965670415
807.417891092846,421.1356018469014,11.364962443214262,13.352678599898308
811.4099771069821,421.56116478967647,11.393996896875704,13.632717265129534
807.3565393027195,421.54570337480914,11.569220436309065,13.286564899551669
807.323763982726,423.45857151732326,11.935727802370355,12.981294465353487
808.4522400019968,419.83342873347476,11.595123267490859,13.398972763763402
800.9026446208477,417.40786110034503,11.68853857812874,13.247575071038439
801.3491913203806,417.6678058607134,11.978581165391331,13.212197879403327
798.9314054842769,415.0488326143876,12.10962021430754,13.09466036326582
797.15345618125,414.47289479598066,11.864447653369076,13.335571034259377
800.2598392338068,411.40699976432165,11.638955718177272,13.89213908219648
798.5080919446336,409.821836399741,11.732324564101937,13.92229094563515
795.5136127463973,409.2272415584032,11.537757875125386,13.71032706385772
791.2098695644431,408.0977190471024,11.383132575215356,14.106479935580378
788.706416167804,406.56098838242957,11.560083313805949,13.949380962191606
787.4528528531255,406.70125606755875,12.097994550096692,13.52449363270475
783.658434719779,404.73640295422064,12.624140081926281,12.954211303472734
782.4507305454907,403.63582400711584,12.502564940512785,13.167881404713583
777.9283874342119,397.88232874940644,12.72316211277743,12.909597872280887
776.2655590264231,395.72301931662446,13.009558064096964,13.080442995169001
775.0385052391038,394.810895855853,12.781136189272992,13.315506109338921
773.7220428865525,395.05805602555944,12.680700603848301,13.670211496244358
772.9873898428062,392.87349819402664,12.438786903742987,13.551076426888157
775.7610274162593,391.033470661095,12.132798988282381,13.551337181227916
775.6392036229777,390.59576420485644,11.893040507950918,14.151649385697274
769.648682388389,391.4501571643893,12.357988769364432,13.944564821612074
761.9917393110103,392.1636702423711,12.373824997364256,14.130144714232381
764.4349798941641,394.5485837109946,12.685235066408065,14.148075650520566
763.2544393154566,395.348481681775,13.172418671332895,13.481091446020287
761.0143214427923,394.74033494889613,13.04786849747204,13.535946923496757
760.5251699127847,389.8326144119846,12.86863600450878,13.81253149097217
756.3927421792388,387.198383906005,12.803726151776418,13.68730048632985
754.3046567430662,386.05462187837793,12.854198934521916,13.728829973712893
751.7685449469512,383.27857842437936,12.92632715932012,13.831045818477573
753.5697799632095,379.0430571268175,12.711918650241106,13.845823917751781
756.5037010883884,376.2292790129459,11.873430495342177,14.86195665306332
761.1445569047823,372.7708377398602,10.913282583257658,15.31933221070925
755.9311860704762,372.2332383450813,10.874177236488924,14.28601430715188
760.963574333529,374.5754186158449,10.537351760188104,14.740924548095347
760.2735552759943,377.3455125158575,10.39373875221056,14.682311760277246
757.3196820639555,372.2859742869223,11.131742592059823,13.940258457405427
753.6761245036681,372.77347786279137,11.500629563220393,13.860667565432918
751.0299619950322,370.8489057761495,11.498314993089954,14.104011110054547
752.5716148484128,371.3334710452675,11.326569344922468,14.223030596232551
753.5499575153027,366.37992724416847,12.000342842929797,13.814009494817302
751.2298607251668,365.45935768508485,11.968600388045456,13.617360221871335
752.7870859278329,368.5290634792773,12.563916370652562,13.058461633974757
751.8906338268845,367.82842365999807,12.906472672158744,12.649842896068304
748.556866194032,366.1770163721135,13.014735171750655,12.561818848790564
745.9971625599219,365.1452158532997,13.20376447976563,12.57379177362525
745.4928034963269,363.1298233887979,13.044590150900937,12.547867413078004
748.7599141377261,361.8920358850612,12.670036836852347,13.16927066762172
750.5136549678352,360.0630810400081,12.664061982054065,13.162454100403687
751.4054231338457,357.15321448960606,12.427141250619202,13.889520575231238
757.4162323474815,351.49786793468314,12.405080318464739,13.784083619159095
758.3576359178519,349.2748570773003,12.40204917870049,13.401266985536132
763.645569719844,346.64714886098375,12.434908076180989,13.076029273882062
760.5394707917146,345.07112839511615,12.607948065008342,12.851914352345776
760.5291843077914,341.18838678244936,12.823825903460044,13.074363977825845
760.6653882655894,340.133465793433,12.793185871164894,13.095426506395675
761.2496278985199,340.23910655622416,12.789501527179034,13.11344643345017
761.9284241365469,340.6267691428917,12.69699617881035,13.21306403965599
766.3742065719076,335.65899849200224,12.14611429148754,14.614238733768964
762.7234759975877,334.82306018630334,12.736641754824612,14.122972187207811
760.2025988218292,337.52956286225333,13.519362903216765,13.730398353862528
759.0341249752881,342.07872665245065,13.779238452744037,13.300649875030384
756.0940075478302,343.0786362177778,13.971717722943158,13.261436365713973
756.2761723490827,345.9872173369608,14.004429441238953,13.150466143949519
759.8913358066761,342.7457660499166,14.333039598805971,13.169165837178479
762.3302032714738,346.0410698820913,14.134465740987954,13.46555921042679
772.2866764296722,364.5780542414077,13.947273208770763,14.351032630465848
764.10788345869,367.2290123117057,13.910369862405014,15.143427250367957
755.5987640788888,367.4562010109707,13.90018531268132,15.96097291702347
756.529322563805,379.59525770380515,14.290594221755283,18.245573154401427
747.8954166841627,379.3195358051143,14.373950109457754,20.844700667603483
734.6418782487933,376.6011416576091,15.062289950167193,24.41859681173488
721.4944916894696,376.1487684066149,15.7787168163734,27.593423880129563
705.2865044605724,374.1397433299293,16.950546834470593,29.660141941215656
684.6763931578214,374.6370210043482,19.519375549591643,32.553953291596656
665.9380657468341,376.3116744507484,21.253171484847314,39.93924265123759
649.3968762754432,367.7451144215474,22.955782056047155,45.86128788053799
630.7224096930184,364.02577031748183,25.93628412958809,54.00921986308316
618.4802749731203,362.3245764340457,27.771917705126583,63.69062984675234
609.240128998643,360.3725091003806,29.970410337674974,71.18862132560594
600.3666377875345,352.7752483463605,33.52696307239199,74.81508863442737
598.8803149400028,356.258289781283,36.989309084838226,81.59781557903563
598.4762994391072,351.59157717988643,40.23865478389506,88.2190825787037
594.9651079313408,343.6342371670428,42.48657796056071,91.41386819521131
590.1020692007638,337.7515625557847,42.9746183123396,91.79837330151656
584.9465408097437,334.73403854823556,43.22857670570795,93.6764388947398
579.9318342242038,331.4491648642016,44.05562781624081,96.52948094054216
572.9131855102955,327.71464260162037,44.79479902335428,99.69725593445455
563.0974612355868,321.5151271495673,45.86203858839677,102.7398110084826
554.301922837071,311.4801663087551,46.25295059050656,102.4261267330758
549.209947851794,302.11754706901763,45.01765007277907,99.85546677505066
540.4002239336681,300.8473412584034,43.539319588718314,100.47983225370106
534.2504239631548,297.77464010136765,42.37471664888555,101.93257709706941
527.0827823883701,290.8153601177009,41.60620951525204,103.39978208393418
520.121707601011,280.1327044465351,41.33316866028266,103.00444279150011
511.857861796775,271.7444494959073,41.281575600785914,99.41968560291195
507.5333689725684,268.1468564429378,41.55104464763668,99.44415637681973
499.8053812284506,264.8249144972416,41.904175897591,100.47994700649343
492.7018874095959,257.77477896220137,41.80510274428481,102.22676348673014
485.58175656488413,248.1508127500897,42.039199882927036,103.6429698367347
479.9659935765951,236.29654076671284,42.16754592786451,100.26084607887898
472.699227120309,230.24369417135227,41.838499494733604,98.84243038288142
466.6330224071874,226.32639979295405,41.25026683113303,98.81965829983409
460.81128173576093,222.4986161577507,40.4815472462516,99.90637791399084
454.6470052578155,213.6125120031214,40.05958140331421,101.35387919199938
451.0221181753923,201.83990838303484,39.63665659355132,100.01206250639127
445.5952868789254,193.50455279029194,39.37963193062577,96.59573755906459
440.93164144956705,190.3099510485861,40.00285174442061,96.16874841552311
435.62953865385276,186.72622718615264,39.8599259881929,96.827651218515
434.44811042576015,180.45013812913209,38.41156418265934,97.22818748685302
428.8897746434596,171.00503476883674,36.60364468280735,95.7980054134984
424.36529929404884,164.54589256999208,35.79131303299612,94.25698500161738
418.89306111335793,159.44384581356144,34.7102766990654,93.84199892463492
414.89216321181635,157.32440361887794,34.39517797089856,94.68981580911912
414.055718340375,150.43233279765712,35.34797494034371,95.89685479042791
410.45807933294276,142.3578045989939,33.44071389270826,94.29758965455125
410.64754345425706,133.8694762658998,32.299120855157696,90.95295725823944
411.6065081443828,129.95388350470506,32.92225287627344,90.32940034898829
410.3628558263045,127.14207868214154,35.926708391336334,90.21251621970129
408.667168253205,125.83053714651871,36.236067546324385,88.23188530168913
408.1023758614948,120.50223306563839,33.51042772036976,86.3160905093482
408.5565463073575,114.62762784912893,32.513189123566264,87.1637506493984
412.9755570365667,112.89777983545518,36.48739300694464,88.41707155467557
409.60396430532563,112.18132615760263,37.38243393817684,88.59817837327131
