609.0,171.0,29,81
607.4157048457396,172.0493342786749,29.43741965422396,80.457193869408
607.3260335760186,172.49313126709507,28.8093891467908,78.5104263085833
606.5893476044629,173.14772905029344,28.065750591855405,77.34319851562408
605.2363842061668,175.86987813317864,28.09440077711944,77.8979543049318
603.1381628770882,177.8286089870948,28.2496599635969,78.74097538518535
599.7947037652824,178.50923752737867,28.422738465529015,78.97735929582856
599.5542026802503,177.33263260813408,27.624947300632066,79.71994291361469
598.3012743675718,175.53151600615,26.93538461446584,78.46776022402808
597.5535168287475,177.0195007837869,26.7614050632081,78.08102406719182
595.8090495385889,179.10355578234692,27.48282255368168,78.37170008081397
593.6667107854322,179.70922270635793,27.850248473081017,79.25796144763571
591.3269130084572,180.79034515808152,28.390958528984093,79.34741026977447
591.1206766744858,180.89535785114944,28.43009440493458,78.3771309773886
590.2157487916749,179.08798360183914,27.910039892236306,76.69311238616544
588.788182656026,180.8482718914436,28.04704777388532,76.92541971808936
586.3458197347444,181.97165162747723,28.445186092034646,77.4369762860612
583.6196307813343,182.10551770915987,28.767910068190737,77.91762669105523
582.76092792406,181.19547838780937,28.56980369777845,79.16507349781877
583.0580175007386,178.7602440467646,27.56984756688219,78.02176349338488
581.9395074637866,178.57855406151708,27.205091517739326,76.67907351759081
581.4525096514868,180.06734804690734,27.49560020386238,77.26087275384154
581.2639072964237,181.72949535471156,27.995653424730897,78.1561826304206
579.7935839667329,180.2085729388979,28.39047794055763,78.36752209095418
579.3057639660351,179.90936798341465,28.382017600156438,78.44875060543629
580.9976485249093,176.40631580263772,27.647357369126652,76.97142601191203
582.0115968707078,177.2178933706726,26.978026961709382,76.01157043638916
581.0328265102789,177.98283963036852,27.192983454051504,76.26173773145044
580.8973945593025,177.85417009927454,27.642771916551318,77.15651270672433
580.2437331414238,177.7277003282215,27.680029444691296,77.85520725371327
580.8976689559344,174.1882394577591,27.021419290279677,78.24543880909121
581.747103194332,170.16949603469374,26.92405227832818,76.99233727631562
582.0743895599278,169.30230110903548,26.79989031373819,76.3054014440384
584.0657089092765,171.1031677434805,27.338659696095338,76.4962554554218
582.9161451647412,169.36637642920806,27.77777131602529,77.41702741502138
582.640815434802,167.18602868612024,28.12815916945847,77.96102673420484
584.2991647791708,164.91277450898855,28.011060700447477,77.66274749081194
585.1105332307149,162.08157679627794,27.487612737789107,76.62300973752222
585.548092332611,163.14786719068525,27.756964748840616,76.16283800632479
587.8214880379347,164.5322160038413,28.004317014950836,76.92339147864551
586.7479134621799,163.11606613861494,28.27056101509331,77.6847836163248
587.7631238741403,161.18048251768892,27.891995659922458,78.89811394411434
589.9627457323713,157.6888537011269,27.16188036142917,77.33945568368367
589.5909549533786,156.81268062549486,26.96753467332094,75.89992256248681
591.400852544927,158.48931769461115,27.334510120106877,75.8613609486683
591.8903537410328,159.86086006517434,28.165993567739108,76.51176985988567
590.8204533183382,157.87973542003073,28.661842997112668,77.06476316872758
592.334607183631,159.0313096085171,28.721441150316203,77.10113810718458
593.7748969537556,157.75654915922462,28.125727943074743,75.33310834658982
596.0000569916772,159.48197128500288,27.82315872172381,74.88827605792389
596.3602137565349,160.49734632096832,27.914261817984872,75.5261661227118
595.4240751829585,160.42767445199692,28.13068569365329,76.44823996319366
595.2756550627354,158.5470624275709,28.06868499171668,77.56160634603008
595.6715074968208,156.76584796743273,27.353914937999008,77.8938564332986
596.6857063027155,156.53580161434897,27.248613029334585,76.26349503790362
596.2130210729086,159.03583987856666,27.170912199885798,75.93529350946827
596.5879380488122,162.89167437626298,27.858242554719155,76.15230493399744
595.0481099535824,165.55777802297646,28.557970156311725,76.10410948139081
594.2794718368467,166.54597413613152,28.940369680798874,76.24981808515885
595.3515633250516,166.6389054570971,28.680464048138873,75.63951696666514
595.8572225042539,166.7161427100944,28.003267393835998,74.5383414108659
595.3311566053475,169.02236750156425,28.09675051000822,75.01462168632466
595.427664149455,170.34491112866772,28.267962716714823,75.700665413563
594.7144706282546,172.43357014074945,27.9374833040377,76.41330100268078
594.7193539446175,171.18964437241755,27.504331051194594,77.64634602078993
594.4171941570048,167.27610672224296,26.852226676224777,76.16421721957656
594.0326659022207,168.0409456858673,26.43474448950372,76.42784373568728
593.334476224227,168.2592605457322,27.055428044709863,76.89956972884814
593.0551168304327,168.42028994890453,27.931956890892547,77.42060479457378
590.1481980823728,166.5451567697064,28.172185988574622,77.2340883160559
590.017353464088,166.913541371926,28.249594829636365,77.37663734892149
590.8402175719656,164.00352610897812,28.012756384389057,75.77787515020785
591.2970530170902,165.4459951233812,28.140177413085134,75.22719615460478
590.3783123451991,166.34444961635424,28.307477482453336,75.69455413643215
590.4738528896323,168.15295342725364,28.251207794954176,76.82194653904742
589.4194592447245,166.62166724134588,27.901651578910354,77.69575243137075
589.6905785756715,165.50116872191262,27.073188551782167,77.53303242922166
589.0606130532922,163.73708070158784,26.66389962583744,76.27991269350402
588.9669392389183,163.93997637349725,26.148534241890143,75.48731104695082
588.7222575194579,166.51527291902096,26.836567114404573,75.83532940609868
587.0588896304649,166.7634874677814,27.189166539851417,76.1049830722497
585.7347176494713,167.54965315036281,27.466096317268153,76.5149820293525
585.9666947566046,164.5840124948736,27.251577527806415,76.23982718310435
586.041962721166,164.51422421132992,26.648465915089936,75.3454376857386
586.032984826228,166.03446008257495,26.31751423426263,76.06253430262355
583.7947533651882,166.87584968130406,26.496491804779847,77.08361252704032
582.6012073176508,167.36740713391532,26.64647757661229,78.00856341771622
582.9857393793211,166.3432545326055,26.606508912256253,79.37531954807025
582.9290231111211,163.82083585498813,26.256608318773512,78.23073429588312
581.7532466572911,163.82109145840786,25.943549410027074,77.009855657403
582.4122675328465,165.22562876883765,26.24466354270546,76.62265603654346
582.3779799377752,165.22959684151877,27.09708272698866,77.30215885602495
582.3043192569237,164.96254253841045,27.4876444451369,77.47048377083534
580.7933432415358,164.54382201949022,27.859694132162804,77.83333069246486
582.3375801590123,162.58577715014218,27.186869711272326,76.1933748989344
583.932343621795,163.50541893141408,26.668271740784924,76.01153152193747
583.1703353244641,164.83205298998132,26.465390142087394,76.26368943019358
583.092777487237,166.34067120317954,26.81055403431523,77.16358252039872
583.919322728494,164.78490566118933,26.963692189496413,78.05799629480882
584.7510351509909,163.6636198048826,26.710942393330757,78.94813575644577
585.3192012585752,160.34196242264616,26.240412180115353,77.24239046232486
586.9788117431805,162.3821464612368,26.30299663082656,77.20183256580768
588.237024018454,164.16285510328484,27.377148252154395,76.95177087253188
588.6121871122361,164.6654158683794,28.076376507949664,77.02599504546777
589.2606483297737,165.10147030906217,28.184666475218037,77.57292302933664
592.5993768785071,163.21644963064801,27.925483303532786,77.12586233538363
593.5547980316112,162.6393350945192,27.359260748301068,75.61538803850067
596.1868421737745,164.1655997633951,27.34401279600575,75.26042950153013
597.4023820452886,165.46064511457854,27.39385956664923,75.80472295443667
597.8988235271908,166.09555275297566,27.32419437628247,76.8630326776424
598.3936804024945,163.7206814361573,27.260704380557854,78.31188724975576
599.9818469005805,161.96264391937564,26.410405930284202,77.78377283019401
602.4960990849004,160.2915780336096,25.800221263792956,76.8444562374683
602.7096624185094,161.86222358403643,25.931566276262302,75.94683273915372
603.6329313751324,161.3796823711176,26.809744549539854,76.48877368549917
604.0694077694326,162.63934928830713,27.37966285468952,76.40111099369827
604.7095384445864,160.59206235607,27.500616103991256,77.48964237770377
607.2882708617135,158.61276187232224,27.330654321494816,76.77937432664459
608.8077195601477,159.64460054910697,27.103081997868586,75.91972224162981
608.8881549538597,160.2497184764737,27.417308866694512,76.35804595720883
608.0791279935864,161.02135178875153,27.809273309702203,77.16298489905942
608.157500722289,158.92556131764616,27.86996559643753,77.716824752403
609.1079332288353,158.03959206978658,27.254836667329233,78.02539960066119
609.708126399485,154.86789643428358,26.69194727427229,76.72490049080787
609.6103624884354,156.10732010535153,26.2457819811371,75.86134855882818
610.2404007869086,158.24075098465738,27.103564270909438,75.99405345060711
609.0762962567383,157.38725824026173,27.467066910351697,76.5225721425234
608.7316257391018,155.83672457381948,27.810826890937083,76.95460261017351
609.0767447186279,155.59928602177948,27.483030948486352,76.46617710194886
610.1101140855073,153.8670759091333,27.024721169805517,75.78168680478026
608.9367403896786,154.72035834416755,27.00948430853343,75.97307115346175
609.3228661345933,155.59237234573817,27.33456863413376,76.6503535751252
606.8572996609099,155.07253562108042,27.58331327583639,77.0654390117454
606.4576430374059,153.37474971173722,27.04209612733662,78.09080209019743
606.924825911337,150.973155475221,26.281604280841563,77.29950814135483
604.9888446431169,151.0037156383835,25.9849724569304,76.43026708749079
605.7475758867783,152.12539823947972,26.689265951052644,76.43819888236868
604.1158584466899,153.6379992097441,27.220141627127965,76.80627697113681
602.0099393123202,152.2515195808534,27.231509925164318,76.91296120450414
602.7131170120767,151.05797916939864,27.12323496998706,76.8409966172574
604.0045315441378,151.23462705670627,26.883225119732238,75.39947452428278
602.7081985983504,152.18218749756957,27.08915700251795,75.46655762204834
601.7115854290065,153.7561981836745,27.29394645155736,76.25811144515097
600.7783988102299,153.78653082554436,27.53896653969641,76.94324999441909
600.214481384573,152.89640576504624,27.135337767963485,77.87756810857941
599.5128347523357,150.2856587378186,26.519160817594106,76.8272268358862
600.5242505077697,151.75901947543028,26.13866329110122,75.96282652765508
599.5949521639469,152.79294753647375,26.386694793199993,76.43201874541187
598.8479249204227,154.20593392190926,26.81454139450622,76.85065962200176
597.1848533753664,154.22702824298258,27.113447546142304,76.95991446130046
597.4775513562403,153.85617745302073,27.207815378339824,76.97053693966163
598.5358218187731,152.8579661166453,26.57339115249285,75.40691627745161
597.2956319541001,154.20637740357893,26.79821668262007,75.19968720944374
596.0097793194483,156.15381025349507,27.259402542743977,75.62017490316609
594.5148426648366,157.07871315606985,27.831642795326957,76.25924544078998
594.5113188717503,158.9175050042711,27.792685132475988,76.98962072876247
594.9997560934603,158.46298183763597,27.164794453704502,76.93612738918118
593.5792100746073,157.40185046147255,26.784435685746278,75.6454415331096
594.8732157626022,160.13245392280425,26.629102532412762,75.89337157333681
594.1492798843274,162.8066040181875,27.205270187399833,76.37392880444528
593.3999700231221,165.30685821068127,27.49626356703693,76.50264710402809
591.1519478470043,166.76663959280023,28.033674496421014,76.7859957167433
591.8991252691186,167.3269631190296,27.948850291840937,75.98012222385483
592.2712842830663,168.33713257498925,27.643725989531397,75.40308165177927
592.14022006078,170.63112667596323,27.422440737814945,76.04008429455791
592.0915586574142,173.35835407447115,27.26030309532772,76.9444551811358
591.4142568718728,173.95798904263813,26.952278492582423,77.15581451726281
591.9883748949946,175.18640122853967,26.496043789112257,77.44091824604568
591.6586348279699,177.6000334132487,26.16660180402119,76.41420624479167
591.3122451910687,182.1370256647964,26.31094968133932,75.91982684423533
592.3557020117393,187.49564165418758,27.731482329060505,76.28198634494512
591.3309961458011,191.34815485419375,28.26894642910098,76.67380747911253
589.5769348300162,194.6333922899134,28.847824065553638,76.66804513208726
589.7552621854771,198.15332276110738,28.96381034584271,76.17716490258994
592.4621373764949,200.18407002860766,27.800166775330606,74.5478755677847
593.78681117452,205.15497501501466,27.195344325764516,74.72429069262697
595.2356000631058,208.76488204577387,27.24439130445245,75.599813545171
594.2843256163517,214.56892341859523,27.245420422569964,76.13020431027047
595.1397020135647,219.6293187591987,27.050658839081606,77.50126543570417
595.8818918086781,221.66997338707517,26.492914991042277,76.35943982252931
596.2388458398376,228.19809105344996,26.103561372082495,75.63584609134226
596.5924258214246,237.82237034761707,26.503655437228964,76.01755178523463
597.2870535937774,250.56857182652948,26.979237539007727,76.63440175709732
597.1405137914137,259.26360664661354,27.121300908383454,76.94994429954636
597.2221324655561,268.61247428439526,27.09588094291111,77.25104935601422
600.4279051334227,275.8911520860538,26.112527745850063,75.34886037867366
601.5814012399785,282.9684568447808,25.58213160207419,74.81912879090717
601.2408617791034,291.4215042312278,25.79174445937125,74.91428523871625
601.1563631455875,298.4481401677805,26.197466579918668,75.40111346326711
601.0369624058782,297.89820398743734,26.53116246851717,75.97265025266438
601.7578029224043,294.2586431252455,26.319614492105533,74.89535718212616
601.2522976241094,293.396451783405,26.708753140453236,73.9825633521353
602.3651147880702,294.6196154248549,26.817118446320528,74.58002879384492
604.1834428619877,295.30737564237694,26.856243548485573,75.30903106387898
605.6193204337056,295.1839783151419,26.930487550557487,75.79097891659117
606.2965696102199,292.53633463019196,26.890167664325947,76.29988933336604
608.7688845620422,286.63229720129385,26.38703556341563,74.50898042651389
609.6353634841545,281.926216847163,26.16642207954262,73.6095719209084
609.1818085243629,280.75687619819905,26.461471452250915,73.26395756453937
609.7308687133747,281.8719866472768,26.55382653809445,73.88249154919642
608.5157098564923,280.57673536878343,26.930555384671514,74.82409884251128
609.8067348782575,278.6556637121225,26.91277536067239,75.15168527106754
609.4530833742319,277.78479557431956,26.822852416575074,74.52827872440776
609.4619111617483,277.100618048909,26.876836856191034,73.78202501058043
610.7180054108544,281.0710564947933,27.823144451728602,74.47936223014
609.4007945159574,280.2900450760002,28.30206392218679,74.41995562436676
608.1829293419846,280.51759698051546,28.552476276968306,74.76116224014099
608.5552367366276,279.5269189889362,28.58944718104166,73.90453604556512
610.4788452451329,279.0419341678316,27.87698053024202,73.18326728445402
611.2942882363532,280.1028791323736,27.319016300731278,73.82434732607322
610.1483567829325,280.9744272502649,27.18366363140061,74.70217699361082
608.903031058777,281.1534475578359,27.122770890258614,75.08643068999237
608.3703453168,280.30487640880676,26.50337369745476,75.81724913551145
608.959554952808,277.38419663241905,25.672030841454227,74.7726223601619
608.8478147849546,277.9900618221722,25.57577851114548,73.80248438788219
608.8939504665871,280.6561043066969,26.773103705497842,73.81350854969216
607.1973773447489,281.451719039949,27.434697825150593,74.44450808709419
604.4643215454753,280.56034526941704,27.731207983268256,74.9407566047206
604.8483665131852,279.5141432392328,27.6790299130827,75.07248256450322
604.4918655100231,278.4003163733278,26.600253354953836,73.82223102287563
604.0526422252734,278.87837509633766,26.333710910781182,73.79096404072307
603.1749006485123,280.6827372710305,26.200842623873868,74.68165985735314
600.5657297940616,281.1850220734515,26.322779303478534,75.1764341245814
599.1206933162963,280.1663008816399,26.27033211740743,75.65818192812642
597.4847517309885,277.38848685050306,26.085702836851112,74.03856279801737
595.4969358470031,277.8259902699371,26.123178476892303,73.15430913297732
595.2971780882709,278.9505550768233,26.744663598848838,73.3154425807283
593.375375274666,279.53418209917777,27.464566223129005,73.55555242762104
591.1615314706821,280.50438581186256,27.598064377971596,73.6965659006889
590.9363561013254,279.15467151346274,27.493620805161697,73.85162193889482
591.114229765879,276.8131360570763,26.510386293437293,73.0620213428787
589.5708430192739,278.5247324256092,26.172278805202183,73.12797960678935
587.3877426487467,279.30015999968776,26.384625176139455,73.70378766664008
585.1717102102544,280.20036629199944,26.71477660097555,74.69519942283702
584.1078318647361,278.91295543178035,26.74963778419962,75.44528359444718
584.1365773298587,275.8941480105749,26.211769656688737,74.34679003842051
582.80415577655,275.52949339307145,26.07897482385298,73.28313052342736
583.1548701496623,277.84142713706063,26.375364070792564,73.53922214189434
582.4336890358042,278.678565793151,27.437507792649555,73.57933081604176
581.2503394652811,279.79463779397827,27.985069360453576,73.86458183391846
580.4195885061001,277.99312187149195,27.870844960455912,74.14635513396918
582.0848963757859,277.27789643323183,26.982581516006398,72.9151696579504
580.8309771128038,277.2441530120404,26.64465588181418,72.42687036752082
581.3642851379919,279.1467849064509,26.717962927141034,72.85659193026231
580.2419152633992,279.4594695265977,27.169306680233,73.50084549270309
579.9542334147538,278.69164261640867,27.033351407796907,74.90774565097166
579.9118899127214,276.1913865587172,26.553844686275763,73.95769624291705
579.2812051631137,275.36453590677104,26.00002863861631,72.6550682011064
580.082389679288,277.8819166865126,26.014358825017787,72.94657006935756
581.0427736971552,280.2886685645026,26.6218805842053,73.2794896532214
579.5579658338515,279.82817424035227,27.017964206320396,73.64536355542822
578.7613480982073,279.9908399186506,27.286706269405578,74.01876266758163
581.7409366646925,277.7568013100952,27.014647666708726,73.05631315129396
582.0537303201305,279.0411556737031,26.732489921262392,72.47950200708601
581.800310504749,280.46653883554194,27.216487144798908,72.77203097149425
581.9297252525565,281.97240601724684,27.750397517347785,73.37337949382669
581.1472935127337,281.3114279052012,27.7168723251187,74.07375368666797
583.6745162556183,280.67140188423696,26.646893392083804,74.65943927351827
584.1427264992406,277.2815135758132,25.936638676323575,74.04604267259235
583.6873035240325,279.37302786517523,26.09840015408356,73.71837603234488
583.8615299229488,280.6565495117206,27.847405241993204,73.9201620849573
583.2338729157866,280.82999900032746,29.039044329559488,74.12372392317322
583.190389105687,281.31716891266285,29.53210936186815,74.28952081725248
584.7515412367941,280.30845492653924,29.23020915238841,73.54333794965586
588.8956039341684,278.3092647073656,28.009771745920958,72.9464577678859
588.6764563780417,278.37811176220765,27.483726648213402,73.11075035253783
589.3576159252848,278.9275706195954,27.057702109391293,73.93588964459826
588.2467402653432,278.2071388262437,26.780506285719923,74.38833465220013
589.1622841197112,278.04855320545437,26.287431272296416,74.5706944924116
590.5972488134827,274.60474672819885,25.77127690916754,73.20900935121952
590.0628069389782,274.94640285316717,25.637172987278177,72.59805427901725
592.4006973746485,276.604793184968,26.626080226288813,72.61345745330624
590.8748021064126,277.0125400277047,27.887648594791862,72.82747426587972
589.8852058085702,276.48447046777187,28.295994632859625,73.10546091992497
592.8193512251305,273.57509691761396,27.653442325129603,72.90403590110023
595.4601125268969,272.3963033717438,26.789247602456214,72.25060614713746
595.7565041266216,273.54382322828775,26.652152879569165,72.7015075961589
595.4414611018341,274.6940750069368,26.934704749456746,73.44917603593106
595.2699705596034,273.1476286745099,27.3411776552072,74.20846579551144
596.3248027247048,271.3173739030643,26.749106708793455,75.14993542141043
596.9517522685118,267.9692716749403,25.970122171960845,74.61341282687727
598.4965280602997,268.8597004070373,25.520081696783336,73.59885174940194
598.5010319111444,270.15006968361746,26.407512593726885,73.5031138065932
597.6801135029566,270.23869382286153,26.626803023383566,73.5986469001754
597.7994393301819,268.6954977251819,26.819883546667484,74.2334094568628
600.1711930128741,265.6146019897907,26.33733199182975,73.06204052725457
600.7252212974574,265.0772811626852,25.70426626738989,72.1317535925983
600.0921797287685,266.25014786157624,25.77375516648624,72.26432219676936
600.5036793755513,267.37477879809967,26.14844874401451,72.66676320458186
600.1410852030567,264.7431148804597,26.354182132949113,73.47811044904154
601.7539763635809,262.92541657357583,25.869748078502298,73.43050840558271
602.6348502272481,259.6523599507822,25.247450424410204,72.44146540116995
601.9810362628153,260.41462106471556,25.09720786987721,71.57198772896734
603.9091507813844,261.24981847252155,26.043438549536063,71.55057972976154
602.7209957884713,259.4764738785061,26.85286926290103,71.60933861994096
602.3366948002666,259.1321570384117,27.129009081107437,72.17812977083284
605.6911804801247,255.37659445612496,26.274041627641267,70.90481584849223
606.8992312692295,255.64110660404572,26.170791001580028,70.36945915518983
608.1687765772679,256.2217045458738,26.60545526831591,70.7956961328617
606.2264914347771,254.72760609831764,27.18082145173485,71.72287313051316
605.9922955860586,252.69006939983296,27.113965346437382,72.73987157631066
606.6375932899675,250.530854981229,26.580068547018044,73.31184045258108
606.6785597096651,247.61203760752443,26.23791231895092,72.38731394510737
607.690962645191,248.35951615831814,26.364626223289875,71.76462552027778
607.9958669134251,249.86579578918042,27.368587218071717,71.89580405152198
607.3935332100871,247.26216412235098,27.415143052482048,71.85534094475116
608.1988298312303,246.51432702148588,27.083144780898657,72.3205280859345
610.430623139719,242.47328148116247,26.293676205913435,70.9794929458782
611.1349189424803,242.92977845146527,25.791120977344118,70.52291990371009
610.8177945319464,241.60150433055068,25.69215446638065,70.95221900003145
611.4008048245511,241.88541319873542,25.982035980780605,71.72287172264636
611.2416036687497,240.61311704307622,26.107826598047453,72.8545306843554
611.0883632812975,236.98641538912938,26.07380749502216,72.57425784478812
610.2468420535668,234.96880030785854,25.98203915946807,71.73868417432197
611.5490680151013,234.73419138537054,25.458504594797475,71.29116923121208
610.8861472374889,235.27863033806517,25.092711018186357,71.47966559340094
609.376326094826,234.01896053201446,24.800463655074584,71.24723518597108
610.6097579931062,232.29921486140807,25.293423466912614,71.93378158089482
614.156657223363,229.55747805608237,24.810037604055232,71.43257501576494
618.1611265203613,230.05021544924037,22.62257117802733,70.42672974605053
617.465309350274,229.68494518991213,22.527007642225573,71.04803259380853
615.5972499449753,228.56085913017097,23.049945910830708,72.32879748672836
614.1549185692218,226.6715622017445,23.452980244369066,73.58206175373758
613.1203048976221,224.05415621728574,23.7951873238965,73.04702203808476
612.3511500859397,221.4433552293189,24.191300291987663,72.18099278843252
610.2390323642667,221.1587936440967,24.725075530255687,71.78563841981438
612.1988839698334,222.6278379567245,25.57613953103617,71.75329625451974
611.5668697261315,219.9169772684624,25.68973161707308,71.56611565350491
611.3243474409384,218.97952336053606,25.45981036714675,71.55755484142787
611.8327549396606,215.59223250054993,25.161073982983446,70.024488856322
611.9578722888584,216.30744191883434,25.07618352286898,69.49392658713603
610.8099323754254,215.52427176636974,25.35044164563348,69.71430436765112
610.8489941212612,216.2684578191396,25.51305606900113,70.11478724258016
609.1807892298515,214.25137009390033,25.404489045179847,71.12352629169152
609.391221862087,210.8582223930473,24.79653576801349,70.61163443753823
609.5340426574455,207.67795184263056,24.454238293507302,69.97675317509045
609.52088143613,208.97741452812824,24.34173627324775,69.88411442518887
608.8932460374897,209.09800019984942,25.379248891817504,69.89034908760586
607.3588768561164,206.83663801871984,26.086872752611146,69.75105562759941
607.3283571255995,206.5630514923488,26.156380841574446,69.85593742057588
608.3504678078989,204.29684624436285,25.776862846116185,68.88064222807118
609.0339384575893,203.21530293328232,25.14998807505578,68.49801351820096
607.485015822669,204.36830331387324,25.22497567888071,68.82346722479255
607.4705923706839,204.42135043561535,25.40834833968696,69.21326836705057
605.5329544412286,202.69507341637376,25.297067191761467,70.04347743483058
606.2176166217863,201.12604238515235,24.682473055255464,70.16795917500781
605.1574171256115,199.40318430065838,24.205734596433388,69.45712016821452
604.2668455864472,199.31192578545588,24.157104725543256,68.91792699354136
605.0661101355713,200.96303864451298,24.968960759130745,68.58844907816155
601.9373060747508,200.3122200740683,25.405020418857674,68.84499649737121
601.1972775210954,200.00808096605402,25.410147716598207,68.97338579738411
601.5815501602316,198.1065575162188,24.869049948091405,68.51669758963268
600.4883378625253,197.97434573259835,24.369042658738508,68.0266350728892
599.3815788547183,199.52933024933628,24.382289067907003,67.97893715757746
598.4491548926246,199.84993407868294,24.601034086821024,68.6094732732982
596.7567009839755,199.56258883904394,24.594431894353622,69.20049065687309
594.5555561072707,198.83871476258096,24.341509245419548,69.44548002073651
592.4256614919802,196.0307631584971,24.172068739672266,68.91592119277142
589.3940807296054,196.38865487353888,24.012863931414103,68.93179669823472
590.6775977772554,199.55466918583585,24.71096655486411,68.61679688223455
586.5689355733617,199.8114898707836,25.324973701909414,68.82539977503438
584.1345073990872,199.08744682194896,25.61732248209917,69.3205439781724
583.3235022365038,197.80027225762043,25.40049613734387,68.63857596815758
582.5344487387432,197.8302656609332,25.025645979544908,68.13318510879762
580.7136168339656,199.61716017980746,25.156918553748593,68.64292268237725
578.0406898884314,199.46278956549145,25.346110457512157,69.18922799792333
575.4486118664681,198.52483635278543,25.226525046360663,69.59342421825725
574.2403919514078,198.705890178741,24.564565218278222,69.74942874896333
571.8474165357879,196.31459252191178,24.16422149385373,69.35226026867645
569.8947974606367,197.08058331876688,24.20175334532823,69.04900792301311
568.9417285896726,197.19526681909122,25.4597282454594,69.32209758740348
564.9330270993667,197.05048792265393,26.40456042529007,69.44919505312964
562.4413561470998,196.72018027314996,26.728966782948923,69.86963701229382
562.5306331011448,195.71663407074453,26.47375271860886,69.57814543272967
561.8765310072923,193.44993729067903,25.73253368854036,69.08102141473572
561.6904066181191,194.46150043035232,25.038956050871185,69.31084008167815
561.0820867596465,195.65045443437333,24.759318912347645,69.70382135586271
558.6063269158848,195.49519403859858,24.586342139910066,70.15801890522472
558.2414490799548,194.67282153849598,24.208386019777883,70.77831932535179
557.8761105489958,192.72581162340794,24.13916684146145,70.51821012720755
556.9512293538713,193.93844227323052,24.329352815694737,70.01741782170299
557.5273336832425,195.46992079041428,25.667042838593126,70.09047763303866
556.1368499457687,195.8620196752513,26.539028990298398,69.70862361336461
555.3860918434704,197.77194547128892,26.254641264231072,70.5061426267581
555.8194923230357,195.36526648287992,25.40592197013964,69.69610277642765
556.3315836350683,195.93571940219,24.810496059941414,69.44310587335443
557.2373763319424,198.123642751624,24.6288239962715,69.7126601754629
556.780672217488,200.96036891592274,24.895702073813105,69.78899422381855
555.8740461036327,200.2942517625015,25.20417830054704,70.45562489296577
555.842301520194,200.123529496093,24.961301500627428,70.56722628613429
555.4771817952593,199.0904627832201,24.738934749325136,69.8528573925442
556.0318134716782,200.04753745860225,24.918657602541955,69.69546768533455
556.7065804967017,204.8850903685783,26.072495744877884,70.20899101577312
555.7645745389458,205.82281987656188,26.7598218693741,70.12582936308715
554.9330444192047,206.0788780249459,26.499725370574893,70.58462981436601
556.3424058985817,206.64646889491053,25.558337006547582,69.37353559885081
557.1747616678435,207.38100285249328,25.07508298755511,68.69819937313841
557.0638144347444,208.83169485245108,25.09180777601907,69.1986555831838
556.896733443109,210.48172600942533,25.510320345227214,69.50993665302433
557.0096198687972,211.7587057136232,25.33395545283529,70.09475593115208
556.7282848460832,211.5994537147465,24.948825815646252,70.31748050996013
556.3232017827929,209.8814809069766,24.678883299648646,69.70485739991395
557.3377248118037,210.825165263795,24.687007651783247,69.47231961889443
558.8366316600564,210.83523944047954,25.84964012227001,70.15323632900187
556.0392960725101,212.06684935323295,26.555944598143938,70.27552675740125
555.1823168527749,212.0735998080742,26.31682381398145,70.84703256158599
555.8660700530182,210.63680822207502,25.449225860760315,69.8073009142484
556.2023626921192,209.29973560426853,24.519529986855318,69.69566428950979
556.1818400907162,211.25250946070796,24.20428246505208,69.8007214350294
556.6495512441606,212.50788768231484,24.546219166952042,70.46139748693282
554.7190577091241,211.9625811967141,24.573908507533123,71.09220210852493
554.087821407143,210.2232219646652,24.547089729659373,71.59072648082581
554.0377798230008,208.49105564822295,24.482500046381134,70.81001822015567
552.6442431879774,209.8395013415972,24.544246778342096,70.41575439688373
552.7871274810761,210.70335205075634,26.01131632691032,70.67439636235454
549.8471764225804,210.77336574293383,27.10738970855,70.80513618991358
549.1133342514895,209.90608761504282,27.674256179638256,71.56215338319561
550.6584613097077,208.66026056775218,26.797884509490785,71.21896861058943
549.673500964685,207.9815854140815,26.212293724926887,70.71944635933701
548.1246327654253,207.97066917952347,25.877412935946246,71.36833876497649
548.4816575146597,209.27600975330438,26.186572055641523,71.91367873557874
548.1406309331377,208.4945879531125,26.164706761654397,72.80495251174378
548.7002523561544,205.70478394408218,25.454704638277157,72.38982481203092
548.4362045730066,204.39916973693818,25.43876333933821,71.44122351440488
548.4622143420432,205.88161714447511,25.88683535399955,71.32046016905758
547.5789572865647,206.90834246611888,27.083128517690866,71.89164331483256
546.1318740769393,206.28277203703436,27.917327895926128,72.7945175714391
546.6884059116987,205.19749378490366,27.44519440218844,73.55417014503647
548.699518347934,202.55408680805107,26.071178147881856,71.83158468467914
548.275870497662,204.21316726708017,25.345353731238365,71.46406158400376
548.6011731586796,203.82235349449243,25.331818111351836,71.44925663406202
547.8554040866734,204.26594914769288,25.811393364739125,71.31079884816894
546.8164754089026,204.59263792242552,25.784331286686918,71.96879214831299
547.5297784736347,201.67871606212407,25.264524473629095,71.53529858864246
549.281468373046,202.36354976558977,25.003576315431456,70.85107124518765
551.3055823794266,203.55998832419223,25.9981492059906,70.98157059282647
551.9740529431677,204.48426221112211,26.862502023820802,71.40877965490422
550.2432931033742,203.18752088254266,27.035706884071878,71.51173802007095
551.0142036580697,204.2687223826037,26.73416592604809,71.39013702190195
554.4763841776665,202.76316562591234,25.72272297767469,70.34790580872219
554.9923468168623,203.39885734185728,25.503099335025286,70.14556839734014
555.9576659834977,205.0112904078265,25.68366705644212,70.69201879372199
555.4778258761149,204.5834392507346,25.972692974332574,70.7262184223589
555.8770455700401,205.23195777930835,25.938261154841644,71.52540328903959
557.5109194776696,202.36846094853988,25.50391788059814,70.43341196522493
557.7358481913319,201.7311195256321,25.218229764797066,69.67136690576704
560.5011171284789,202.66034251859043,25.49956628015155,69.63900124211602
