514.0,286.0,26,83
514.9448219499657,284.60525041356914,25.97304225729522,83.54168117969766
516.6090707152746,284.5691458112664,25.924436694450876,84.10143921242809
517.7374720826233,282.0014585221527,25.936493823034724,83.20663190588988
518.588967205089,280.4457068694768,26.086439369118743,82.04228682256982
519.5624098726264,281.5995945641477,26.13013936119262,81.2669058424077
519.8319180430485,281.91004282680154,26.463925754723178,81.43316446846727
520.2699130822707,281.40358506342653,26.492003669443044,81.87569120127196
519.8625020838874,280.9524722012202,26.428545026561125,82.19852544619249
520.2034413441617,277.99769869019764,26.25016076870803,81.20759029050313
520.5291838196723,278.0676404232016,26.26182279034291,80.22177481765928
521.2721568842255,278.9946411959761,26.356870313580238,80.50871870668067
521.6795844858835,279.8792079333568,26.33699802042053,81.04047329344272
522.0458272299745,279.05325301218045,26.270116169933743,81.99855073833444
522.4061706809365,276.6302761856416,26.209677070744277,81.14331725762298
522.1110510461123,275.41382317847854,26.169499470275515,80.23207654343351
522.4299680532374,275.22185155452473,26.185565602509538,79.29953724739583
522.3725229532818,276.61514011235215,26.28035997722565,79.7438713866238
521.8793823553768,276.60963313825084,26.04486993280092,80.37362923131076
521.5210371228659,276.2386668631619,25.748712497432354,80.88138514574655
519.4759274801612,273.91335698630064,25.42026112854484,78.61574513384402
519.5321575740653,273.3869411885097,25.474930457338033,78.03420783294149
517.3987787767692,274.0439740313791,25.440479555836692,78.29420830931211
516.5574121015422,274.1763221533571,25.055952164103047,79.24653782219212
515.8607813268006,273.3058589703022,24.981821745812827,80.35683369513781
515.5202600129727,271.7262919572086,24.497214959406126,80.54981171546561
512.5998028119081,269.27904206521646,24.42661507930881,79.77475583538735
511.5741980129604,268.7580927418046,24.37404965279018,78.70180157693767
509.5572568285159,270.8893993917246,24.86485646015568,79.09308842358203
505.22907862610936,271.4417107836325,26.047427464578217,79.4725964991412
500.33898397708975,270.06613094366645,27.242701601484534,80.13507209704213
498.42496457330395,269.89761412356904,27.4021460487046,80.77357363274471
492.2894834856012,267.7711207868796,27.64748871727423,80.5043282504596
489.9801338909774,267.9191848858285,27.999250650662304,80.50100095588203
484.8257508516738,268.3924817222154,28.309206914816546,80.62621514443643
480.4161157764161,267.4915085128265,28.674756972558367,80.70863336497206
478.1021530470586,266.48967414775257,28.135293515257796,79.73885238808867
476.8042302143434,266.41620629198997,27.40165614846163,79.26074232324657
472.1018955971361,263.32618718615095,27.227528996157524,78.43690480250278
468.5369289446024,265.5362916106503,26.96084059712333,78.94876382459782
463.9063293703225,265.4829202285126,27.25447993122993,79.1202801484435
461.4333585744565,264.3534459541486,27.847180556165107,79.55354510342158
454.0978354940395,262.0208055908904,27.90558633613972,78.1916194090395
449.3647490323116,262.8612277594369,28.6747988103769,78.25627372917312
449.56250736307135,262.806882317344,28.884186323662007,78.88597596589798
460.04628543067963,262.7847394627798,29.225330749968805,79.3781986867451
477.35497999568776,259.964551411688,28.772019378741682,79.74011714732717
503.9007266669359,254.36813448339342,27.57029654405795,78.46139338672876
530.9561018340876,249.69987557532116,26.615399481239024,78.0786424040452
563.236960998819,247.65829637892648,25.802429931073092,77.75178187593609
595.7495999074246,247.6580838572242,25.68871217245559,78.36765491738751
621.706503306128,246.0947789541629,25.43933408598624,79.1806355731195
646.7705377658706,244.5288210018112,24.861497100094784,78.98691366044008
661.6219073558786,240.94176928527494,24.733571762852193,76.84790674195011
672.3863502323798,241.16041006614313,24.712147557701392,76.23003741165905
674.1563400442603,241.86148292217192,24.93271175718255,76.3440354984296
672.0299570657346,242.02679473473478,24.8030314251714,76.79223572584296
668.0635079541053,240.50465901205627,24.882856528312942,78.04831442217653
664.638443450532,237.1038669188623,24.71617034991247,78.70642021500979
660.4771945344193,236.84208951073398,24.784487273934822,78.5464575752117
654.8489497669898,235.5881990615545,24.583045290239284,77.55490986028947
650.5428044330638,236.6968242786452,24.695320699302,77.25553662337364
644.9081545307208,236.18770102753513,24.66913405379283,77.84830705137509
639.6012554474794,233.25439310755004,24.517108856017813,76.12240885325929
634.1367442556294,231.88412153671067,24.495218764131874,74.94786715607083
628.1249183188708,232.2876410861346,24.80550699018827,74.57967083066046
623.0959651060006,233.19567911561347,25.123270593663,74.84010234006209
617.2701386022715,233.68066012619357,25.23612050053525,75.67900872710507
612.5705259291223,232.5673625254179,25.08505287808361,76.0342507792423
608.2302842750269,229.96563639856785,24.625796196040138,74.17262429759087
602.2538680298866,229.64926297413564,24.36349501932852,73.73386846090841
597.9811059599476,230.46853846545648,24.4632183779562,73.72462045678236
591.7385821933888,232.06701368186495,24.442650676699046,74.70032322220759
585.3501096351589,231.87634328972644,24.454489591986913,76.22372333265649
579.1154467066735,231.05231375545043,24.799944599348187,77.3512135535523
572.772157369813,230.60772717279832,25.000454547483244,80.21145605479398
568.8189322748879,231.73282441692845,25.95565656838831,82.77638607825244
562.5378505243168,232.32807799678807,26.59890527460861,86.0900903443145
558.0836510577569,230.41744794567614,26.981287972376787,87.06648655493676
550.6588673980027,228.23514105737385,26.762343328994664,84.80429979443198
545.096017580873,227.34214891857445,26.084759271847876,82.27589198218703
541.8791126348054,228.21161261142555,25.73365705460791,81.0347520720708
540.0053114412885,226.83667729868213,25.321393108633895,79.67021229716698
541.5241725307562,227.90787558864537,24.903925446299983,78.56884660102958
544.7757639542973,226.5343307787682,24.985734054295968,78.09633172859643
548.1640378479896,224.6927953864813,25.132373522770926,78.0894305893421
551.3733308215678,225.4276392990099,25.286526223075168,78.59979952698018
557.3127662292455,225.29047407875137,25.26684730225105,80.30035372238007
565.2063688943599,225.19662021600845,25.54807764096762,82.62297966075653
573.2029860809613,221.49465898183834,25.8758729308509,83.16105740253424
584.3549917541862,220.26988479326062,25.593330700611958,82.33455902676002
591.88005644416,218.87627769762085,25.272083156601962,81.07628676784422
602.0542213127432,219.23913593478983,24.706788697755957,79.91696128471719
610.1149183340291,217.49733392514943,24.969717775301177,79.56305614872457
618.7567343676557,219.1394093241957,25.24025440921993,80.38130708403051
626.2117025953802,216.3631325502233,25.03048274869272,79.68454727748309
632.9442563402574,215.16070505100674,24.843512465969447,79.90927227103342
638.3868094423133,215.32927231699833,25.129091076311045,81.38414945780023
644.8940392071482,214.87349869585069,25.564689530039498,82.26185270595491
650.0294867462029,213.81901274523102,25.847398577906795,81.62019899684263
653.9540042466542,213.77472862940152,24.882442556496336,80.53313856639224
654.6295601810275,212.47519006784904,24.90645275806221,80.1914350498488
655.8157961917163,213.2113246745996,24.66697634215324,79.89451984025393
655.6198741438137,213.4917534617262,25.196134280731883,79.87313675330537
655.723473660036,215.27402425232808,25.32713104906871,80.23967122190633
654.8103098360083,215.38911459344095,25.553208452983494,80.73344378675093
654.0545712192782,214.70122613465588,25.27397523722491,80.85345288205545
654.522978627187,215.096879888233,24.74423439601668,81.64463438857307
654.5829983453106,215.5967496352565,24.64580140508197,82.40850573436983
654.5948229929073,217.702419131604,24.47615601613854,84.6584399350342
657.8535168530349,218.11818872467768,24.481717514633306,85.69443920103524
660.6967592290293,215.61001459795335,24.58194540912886,83.29535166346827
663.0336842440416,215.57049603772393,24.437254925002634,80.77183446263808
665.6883284366886,217.6927182810699,24.69139732584145,79.1387486185243
666.6399215271853,219.35771189708413,24.901919640942047,78.82650735817549
670.1828796339382,221.33040700098132,25.03670655243615,79.36463765819357
673.3733258451336,223.37397535303893,25.080801923013908,79.84602817575811
676.8174595594089,223.56287149814972,25.252104806963473,79.71803752127866
679.8040571027358,224.25002159108243,24.863245047458182,79.77107498189767
682.5727372852087,225.06287871379354,25.11511502919178,81.74773195229572
685.1808120760437,227.79485357923102,25.2777038508422,84.7951652780614
687.9564695841111,227.53175457830406,25.492654703848082,86.46270544300123
691.3629185644089,227.54368369190706,25.711571318447735,86.17108598532649
693.0459620515309,228.62859657217513,25.47423800631321,83.9401182570169
694.5190998688463,229.6079203851561,25.64966647324487,83.92698149531282
694.8532469794516,230.36790264787936,26.05760516219069,83.77107641810846
695.0372010185494,232.41179522581064,26.312286195323217,83.77145654544901
694.219312406757,235.47017974516297,26.713047549767204,83.9967895575256
693.1845735039113,234.3442053310382,26.777886683583503,83.85077390823608
693.2305683443866,234.71561969511282,26.178862700875293,82.61194298282126
692.5928430628477,237.07731942953245,25.968564972937493,83.22571697589605
692.6651773047159,239.6475155380909,26.147977910099378,85.62861394334948
693.3363492274315,241.337535643313,26.61283926486372,88.01679272704587
693.54628239633,243.24191773989688,26.873041896793257,89.64035580438592
695.798319490484,241.77700154838237,26.999460872547566,89.79865803604773
697.4874070975045,242.75217728571172,26.70115016045974,88.57218351451404
699.9191867107306,243.0749589080458,26.33705687639037,86.75302102668182
701.6321194154667,247.97836430493658,27.121823791136936,86.98415884129875
702.4793562664529,250.52402811982878,27.731274649711402,87.14600503963929
703.1841056888783,251.9506089299576,28.039747606618377,87.44277628070978
705.8411189501925,253.3753129698457,27.692243300786824,88.08166470972262
708.6448750441698,252.9047070561781,26.928755771035313,86.26683405658912
710.0934570151023,258.0102480171564,26.650396760810892,87.49845538170283
712.5765686451499,259.6617493805051,27.087310707746997,89.46058937375541
714.3495098537578,262.16933115570515,29.092850409671847,90.04267008605065
713.069218621208,265.1433679801089,30.858587293716763,88.44577746751654
715.6561422417344,268.41559115221514,31.808290467703067,87.9788610305306
718.9523325300984,268.5985134346356,30.927671365584573,87.1699012313147
722.348427203032,272.33834339153253,29.8634635871002,88.05796287513809
723.4428085434923,275.8733957335897,29.41449277629656,89.20212210703936
723.9518859823306,278.87460043360613,29.754614265807447,90.23554034372528
724.6453798448641,281.15215587856756,30.11558186300602,90.56238746161486
728.6584236547297,282.3988900533266,29.385926738392143,90.04339115799516
729.7503412980361,284.7187007654154,28.186725851193415,88.55161214104415
728.8948521545638,289.0922786592059,27.88571072993504,89.39823687104142
726.8886028111713,291.31719745280185,28.26196368918084,90.60034630533382
724.8519612680125,294.0617134439134,30.163707468857858,91.49804833189975
722.1153296194673,297.713368480472,31.796882875323178,92.09868418163404
718.753029719471,298.99765469239435,32.60874768996417,91.92993780759414
717.0794354555513,300.36756335015235,32.170017028350536,91.12273767957814
713.903581610861,303.9207399847673,31.068187730426445,90.9703639025357
710.1726339379666,307.23944932769996,30.91758002445759,90.35043178893598
704.9228587191973,311.2528994120581,32.05586337215233,90.7539515420947
700.047783517606,313.15143123612813,32.87007017181914,91.23748176602504
695.7807435197856,314.08999542672973,33.36295143699131,90.80235472759529
692.8295333186693,316.31333122728245,32.297384778677056,88.43257216457575
690.0684068680829,320.28692057615797,32.16321983317011,90.03571695315284
684.0966869111716,323.5841952387499,34.37143025480529,91.22109011332054
676.9069984026581,328.1644520606448,36.5333237513244,92.35757353984323
670.7886926476696,331.9385445692298,37.65622676520776,92.3051160617357
667.491361567927,334.36948628828526,37.13400660047413,91.78597554354667
668.3684211385,335.78368850066994,35.35080420737498,92.25298127502728
664.2362669490653,342.1976250581269,34.90087918780691,93.40405103120713
661.7656363992166,344.1638501898201,35.31613931094162,94.59962200805509
657.9585667260702,347.8425478311989,36.23243319825016,94.7497035319382
656.7947642325773,348.4485663862439,35.76917514812663,94.41861734958252
655.3816108589524,349.12654329338477,34.20986177818895,93.10139034194138
656.6277275626138,352.24305368722435,32.14632404957709,91.80956218121543
653.3317661104745,358.17513516656436,32.608943975339926,94.0279492713635
651.5339575385707,357.91474328593125,34.52217281348372,95.26037243692653
645.2652513119981,364.2626728340781,37.860137634792906,97.16519083086723
640.4034798837963,366.8705142101993,40.03720221971216,98.84660280518739
642.4784826498675,365.5749394670869,39.23805728327294,98.06147055313085
645.806960957426,368.61752968081333,36.734665121280784,97.60299911005298
647.1170495930922,370.71613449537045,35.593095027682644,98.46929656101688
644.9348462560093,374.3925409763532,37.16074877216106,99.41116133342638
642.0991258993907,374.4988368456247,38.033300325241896,99.9970009913678
643.9147229006235,375.45361370042946,37.419196166526454,101.19798194972707
646.8241592614128,374.21097060279925,34.851055866822875,100.11323030319056
646.8274406364665,376.5385565462525,34.85465547023109,100.27937799636221
649.0162851704085,379.1063960064693,39.83158066015953,99.86614170288168
642.3443381831788,382.87394798431444,44.65389870688451,99.78828262023825
637.544470373998,386.53386084588567,46.99930082915236,99.36512437756456
638.1457523419814,389.1789809947442,46.221907791623096,100.5585571755506
647.8182804694404,388.38074965152924,41.84523532576762,100.29561434440247
649.9763189001183,391.5134848848259,38.14851271245873,101.03813948327785
652.4675766873701,395.21653539357925,38.52961408131452,102.21721302631806
650.3949333695091,398.46112487822336,40.495823568598965,104.5498114007799
651.1052317880835,399.23983637566846,41.396851487309576,107.03755442151459
655.9725018063095,399.6404151827022,39.69594182195133,107.64267732502525
657.8005584766331,402.67529108369683,37.76590270005406,106.8913764507704
658.8513702525812,406.74159643488116,38.757601902064174,108.35971789683926
660.5487384436798,410.55918009699496,44.9585076097107,108.77878030893976
653.5357907088314,414.7967481836622,49.741727298157485,109.5871829539646
655.72802409831,417.8526885769883,52.543539816075175,110.51476139582803
665.3287037863691,419.66930811012287,52.47575587941023,112.18514171432457
671.7169202986016,420.02518517260125,50.512982522913966,113.53304945460218
677.2206455566715,423.113239742484,50.3988425536492,115.10474304921169
680.7665366933223,424.9515781709878,51.92253879597254,117.19210427814167
685.8154640726095,426.2922229983742,53.4755324260699,119.06949992610319
698.8476692434515,422.30575011384104,51.87291407657363,119.35088685727885
704.6160452436004,424.29977515527486,52.261973843853774,121.63267320019249
704.6953022180029,427.2612672203795,57.65997844973634,124.63296787857689
709.2185766012768,426.53809212277304,62.77321972225114,123.63052656988363
722.0978443380644,425.39023073795704,64.6046500689884,119.14084894889059
737.5367521523767,422.4188688377443,63.33407320989494,115.32753026884733
742.3713754601613,424.76756840423974,65.18170281502901,120.48148001280956
753.5219869982396,418.3625783345028,65.22484009043487,122.57170307220534
768.132277585865,414.2113089721977,61.759355350730885,120.34241196283116
778.4690981259198,414.9885366170422,59.19087784484017,119.75295301103279
775.9329543531368,415.62888501204594,62.24750987282793,125.58807043000968
768.4607044835105,406.2825998938488,65.92113558864295,124.65539652577897
763.4697538882131,399.88286613939897,64.2860934198629,120.14233351710044
755.5184470700854,393.0238181426291,59.85295266158705,117.21382306532769
732.1822944878154,387.0004311814141,58.87199854878317,123.73081183150771
707.6900783870708,375.9127579127248,57.22282479324133,125.69103996068317
686.8685888962092,371.7830772131436,52.71495538629263,125.67165380125184
664.6964261176435,361.7756285482611,48.004898619205214,124.58880332828247
642.5106617081836,353.933449937527,47.71331098304686,127.31014785443823
614.3836577602516,346.3182403251309,49.04437576367643,123.70575872962098
594.8969599613442,343.01820672679105,46.693705199381746,117.93686840676943
578.059853387513,342.2730101884369,44.5579513060285,117.36201490144647
559.2528469907506,336.5904483078902,43.756009509709585,122.68645873089925
545.5420141716518,327.99275885992625,42.53326596821979,122.40844895495215
532.6659700459004,324.75632872929634,40.25730856542572,118.92079896230581
524.1493899781594,320.6977570819636,38.30227900364214,116.84165319447133
520.4032702848883,311.8598037633742,38.13649837065298,116.3878296070407
520.1788900248036,306.8816357754584,38.90621225996298,114.2549627020129
526.3209494563051,303.9650348168571,38.541313367663136,111.12603693366864
532.3262434502617,299.0333106704694,38.03911771373447,109.35801549988145
540.4649126440604,290.7012761602335,38.762267607387116,114.05205278207207
546.8874307367739,284.43032005128777,39.12411008406929,116.19464249019794
554.9840686823317,279.45582503524133,38.43348922225072,115.07560884065019
565.3834491039216,272.4547344680942,35.707726425945694,109.86093206478807
572.8800841709358,266.64951238904297,35.193856926683104,109.63913134984378
580.5293832548898,259.2033474575334,35.91692623924385,108.66238162301909
587.6358738699138,255.57762489173595,36.59463104435219,107.38257675461404
596.8042270924188,251.3666885140078,35.896596474342054,105.64240117022662
601.6411498025873,244.3100385459682,35.59530964775508,105.35961345982139
611.7695610943235,239.0579748771849,35.26881543342327,107.84610163723175
618.961004006161,233.9314777600814,35.07980778357629,109.56061320542312
627.9049942102977,226.544761253194,33.5996032542094,106.04235920747922
636.0999802583149,220.46435152247585,32.57068462497192,104.78313472360297
644.0022114655625,212.86987279080728,32.73472806985167,104.46766713811202
650.7661090620749,208.93236568180237,34.44725880456118,105.3480219322937
658.3764300532794,205.37965057940463,34.77922912683962,103.64476683435483
666.032417305485,199.64222607314784,34.21868894860036,101.14741736054027
672.8033060020078,195.8092974260455,33.83120843055454,101.00962475240118
677.8033842036798,190.76788673490944,33.88207741783576,100.55344466982959
683.5001896131103,188.45395844897757,34.233980514990336,101.14245236474017
688.9793002605545,181.63443893143577,32.98526239393007,99.57659638029251
697.0601796466343,175.4907826149856,31.158617147161102,97.12016511670852
702.9913316070717,172.25596026188074,30.670489251676855,97.50349085319164
707.9846403776538,169.79311355345882,31.102633917543976,97.96385223878546
711.9284360308733,166.8685067858304,32.165237923604934,97.33346677501893
717.3705712549283,161.9556147622169,31.8976972118229,95.6785074140428
723.5014569934729,157.44362639664564,30.11788984606217,93.66650392057589
728.1503635524926,153.80215511384324,29.42763593212398,93.45977668637605
731.9278653969127,150.92467195277072,30.13816569054972,93.30567013254449
734.2908160129267,149.57645975869698,30.907015435084148,94.0070383683482
739.8434186893509,143.57293983625493,30.17092018965774,91.6185398831542
744.6757924098334,138.88939925284248,29.037849994786313,88.64487703142441
749.2935397921805,135.91554660314614,28.509996831654583,88.92879448902022
752.8451130782574,134.72721447164278,29.20226041575077,88.88536903034725
756.1615431669121,131.88207062125088,30.746463226722692,89.24426635027167
759.580695151043,127.02776924281423,32.13807869205463,88.3792912262856
765.4199285478963,122.71849771959839,31.797822957918203,87.18531901392822
769.4262488532379,119.44466274862346,30.196513523992884,84.76973211994058
771.0481403544258,118.75619172454797,29.823534354625107,84.74188901184155
775.5398904140194,116.75630320557562,30.414008844812862,85.76504251463003
779.3643621927117,111.1450862781184,29.58849058039697,84.37024309317727
783.6719165822097,107.69982535283462,28.154854579721217,82.95555864491669
787.3960145401908,104.03527056589186,27.441430392274707,81.8090822813022
