673.0,57.0,33,95
671.5796060259613,56.53698637150228,33.04717832893675,94.58044620230794
672.9381545425961,56.45765096799008,33.02380688160481,94.62350116460578
674.6488084133292,54.208239698746326,32.169851435060224,94.10521860055422
677.2394226321509,52.600349829973794,31.02200922788581,92.55305400216179
677.9701781401627,54.681572629838904,31.84556290912765,91.15635547274407
677.9158665475591,56.668761405091516,33.63407195859287,90.67680519274666
679.5757645439755,57.38856094478706,34.665197596619166,91.0047689795665
684.5847344758632,58.205774679723405,34.7081403012032,92.35689851652975
687.722573821015,57.96841096208508,34.78411566363402,93.3235693111814
690.9316458163084,56.21687863745173,34.921910393750316,93.14716008349498
693.5515376577823,56.548321498925276,34.45278711119313,91.57144782246195
693.703712283449,59.62428424947153,33.532333733883256,91.41564658894757
693.8156952640601,62.27334939096208,33.050097508989175,92.0290000706149
695.2012791191,63.2117008361734,32.77874669344048,92.42191998292664
697.9400956609946,65.95632206061003,32.49218416629195,93.70936515612368
702.4868036796622,66.62780479237583,31.98852032622254,94.93907730489678
704.9302464412565,67.71938633204786,31.978771033502582,96.33776237008398
706.356120918932,68.8128115053076,31.93341856252655,96.48684952356449
707.2537666106233,69.71399524179682,31.825199933050243,94.62108178203134
706.0764073510475,73.18118258744967,32.162904902397244,94.38772637783504
701.1735886923148,76.98976959695992,33.487341047987655,93.92201109904893
696.6521812459048,81.92631724413724,34.764790340221666,94.11196512110052
693.655856777206,85.56848700425289,35.148720405548914,94.82835802274424
688.377204782432,88.62332504607946,35.29438804255782,95.86211455627857
681.3762677625473,89.91007108985923,35.31606799053038,96.74699649215653
674.0710505857475,92.82147016991624,35.34981167030205,96.2250711347769
667.0947415932087,96.68539680289217,34.66615341026229,95.00091049577817
661.7394573157285,101.60716974483137,34.18011246815243,95.33543468025914
655.7796641670443,106.66299378242174,33.688550694231765,95.7471020347659
653.2405259655985,111.90210101919901,33.40748261470132,96.18230919207073
653.6801826545211,117.00678155231941,33.09439238138755,97.07521253012682
657.1073649761789,119.78184272610707,32.82858974979049,98.31097885442648
664.3534118587347,123.39067314970222,32.65921937335092,98.78701307559555
673.7822047662269,126.67541859397926,32.32616969117908,97.21804098586959
688.6516992458861,132.61686647511385,32.57854425725113,95.78119014547545
702.3704520701378,140.77186201807365,33.73951883335705,95.78888704783705
717.0759080150813,147.17232700686395,35.13756690440774,96.23200614252207
734.0267790964358,153.7541637785578,35.88862625537067,97.43820564600941
746.1994509390407,159.3540074424295,36.198220314301366,98.83165796670352
754.3063328982903,162.91646280263612,36.122151708302304,99.84371013691525
753.7930582848869,166.9086751156633,36.319172126515255,99.18783775695465
750.0650703636151,170.810332163189,36.125306660465185,97.61001804666884
738.6784947075452,175.26972380820177,36.04083773334709,97.1234857332058
729.5555016454863,180.76249036140763,36.15134106937905,97.92149144515352
718.2205213536904,184.57198670695604,36.084943010392564,99.04926389077542
708.5608399256007,189.92641895115665,36.25866072497052,100.21787132620233
697.8006136252843,193.22519906392836,36.294631514079796,101.38560040729953
688.477184680453,196.73555018499724,36.47292250921129,102.53979440539617
679.4143196602129,198.71230422757236,36.48564595789455,101.91288544133965
674.9963944629633,202.16080739044062,36.40676246567493,100.33121725036877
675.7871823346769,208.69093385072284,36.530966751544575,99.66412228878869
678.5165543097995,214.09900224176647,36.75877675637758,99.74102139537331
682.3823355336282,221.6013427276145,37.0756151876264,100.74793710336475
687.1340965469216,226.27836985263463,37.15153041689898,101.82491312676197
691.3629560426663,229.3364815691893,37.14010048790973,102.7638044397464
695.5959578294813,232.35025398612262,37.46007713888884,102.08196273087974
699.3307258641146,236.1175334181467,37.80127105009112,100.87732940394096
701.3903798769719,239.36543588903982,38.13887220406402,98.17183818285784
703.8107866125774,245.16723484065233,38.007561906681,98.09067069955474
702.473934815993,247.6920831803758,38.3252474334437,98.54640614901408
700.9867315309763,251.68402361560763,38.62802314410225,99.51439905784726
698.2841176243734,254.6655525327174,38.5715810354329,100.84562222948702
693.1112093231211,255.06425767098648,38.20035662231257,102.83358182599576
689.5919757246653,255.6735780733136,38.198784756724116,103.51298179282591
684.9801753174188,254.60351633187992,38.056815502857745,102.54617168194326
680.418169322643,256.15441275056804,37.9990342795185,99.9787111199577
677.6558996689633,259.02491935632753,37.95774717086232,99.25454361156365
673.241008772837,261.71223869633195,37.82299038889643,99.56163710928921
668.8556381532899,264.4573383908458,37.802960143615586,100.72152316948032
664.9814560966128,265.7320912372949,38.2305845108761,101.89098109962893
661.920507753458,264.2071569528851,38.76050121671699,102.8990100688392
660.0727252454691,262.62518917796916,38.889598947538396,102.88368536476483
658.8371659765332,261.5835344672144,39.17419404791017,100.79814102650869
659.851803688758,263.32009575104297,39.17778605510132,98.54785781432035
658.8030860152782,265.3550668391879,39.293470913779664,98.90821348959298
659.2812673832445,266.36050463115015,39.34055666417498,100.07171534707473
657.1028849184602,266.2739265952009,39.743982970696905,101.75607137014507
656.5023577256816,264.66049554178505,39.63247632109787,103.19548840861736
654.9122217742089,261.91345034694,39.239567071699504,103.48947503854188
652.2934982912222,259.9185284394816,38.82924792439137,102.51731323822438
648.3234754716253,257.90974886733153,38.9067752530385,100.01708063447761
644.433404650076,258.32859801161857,38.563168116840146,98.06155397676284
639.6452601450707,258.7766724190879,38.260581394428876,98.24176014229297
634.2587121013004,259.0068991628461,38.25087108548517,99.54546681102656
628.2908076667002,257.80274525974215,38.42520534531053,101.15833394340635
622.7734879058185,254.1046215611568,38.97134999402718,102.47551029565517
616.0778970306308,249.39629455319385,39.189802252214974,102.49360474126856
610.68114566405,245.53747990076147,39.19454766115794,100.69451041332084
606.3044615018326,244.47721500448725,39.20038790942077,98.4381481160255
603.9320288861943,245.2916244698239,38.987123257884726,98.00586238847721
601.0148094143465,245.79536988823196,39.524290473064795,98.81920285048918
597.4880647955468,244.30569951741097,39.78557390011723,99.96391834799059
593.9515247505134,242.95266098937924,39.759990660106034,101.18549833374155
589.1431188801346,239.5429679213998,39.61532779148877,101.45251630563791
584.829339496962,238.3650360625764,39.42995931174013,99.52761830453473
579.8482616000143,236.74865377778593,39.10647057438538,97.11164019833437
574.4572300853794,237.9247080610378,39.02891446303031,95.85825599706502
569.075103035509,238.8747886254489,39.191056746365,96.31341103035223
563.4121335663143,239.80732288767481,39.26131941522288,97.327157203166
559.2152772522439,239.4383523106472,39.592684631254244,98.4153486013619
558.2940649419074,236.65262996741836,39.2493792714585,99.56616950852263
558.9439148396452,233.7515903609061,38.869479280670475,98.93468548912526
560.2585624277106,232.0143336192077,38.582103049852314,96.7220651834596
567.2478953844268,232.7779745071291,38.67265100360748,95.00456734316364
578.0161899864078,233.66270669102238,40.27006448519237,95.13717206717399
587.3489663280496,233.7477405785182,42.231037680814694,95.82696757343234
591.1151503918642,234.48329809573528,43.13522350826376,96.46132128899819
599.0090411129737,232.48741502277693,43.19461003479472,97.279778108743
604.732611648518,231.5987906944141,42.39816476448754,97.25978555453119
612.6419832429565,230.15182122323836,40.63059955412616,95.2777784519608
618.0785114106216,231.1567662564164,38.716497076217934,93.9670155828703
621.1647870901506,232.98563452518334,37.49914591247207,93.88096483635204
625.7700896126114,235.80058559848538,37.92599203942561,93.530603705373
625.7991199627629,238.1894805508537,38.97248456177897,94.09338997251136
624.822859673716,239.51555483989944,39.86998194651319,95.33925164832611
622.7813543750673,237.1977267052464,40.06459532701384,96.57372383560094
625.9930495291832,236.80727890016757,38.665405458235234,95.59976715083673
633.8499359913862,236.59890095254462,36.40115645961027,94.0167671867076
639.5931647920861,237.22313277653436,35.571803350398014,92.1814199938063
646.9490977781047,239.05497549594818,37.830182739689086,91.12250140068176
651.8852291040504,240.86207368394673,41.89786149404776,90.56375546413777
651.40101949225,244.49130343712045,44.85584370592965,90.09188653396222
651.9444872156444,245.52915929157925,45.704638239609764,90.28497365316964
656.4154912498434,247.00855069348495,45.12566728058664,90.55018987279576
660.7832347777539,248.33221374649804,43.142041797031155,89.65905883512895
665.9578247322328,250.86890264406495,39.07032770838594,89.85274036616698
661.5131389939476,252.02730568752267,38.28204110390179,90.1138761737828
654.9369956796696,254.94610427661846,41.24382175101221,90.16482880027873
639.5206992600623,257.9288954122689,44.4813523343675,90.60885346257155
617.3436051077326,260.67231255235794,46.188049183948834,91.75641859645599
597.59717186596,261.9450429784631,46.44515211768923,93.32030222666756
580.6282995039533,263.2989361860922,45.31758922451547,93.9045079989094
564.947237032358,269.1786955489929,42.54684063254972,94.17306544498302
550.0055657004539,273.7771955116789,40.69545734420945,92.85179794148604
547.7421998095599,278.40203071848674,43.30055826662249,92.07637069193278
550.0154245495928,282.4051107984353,47.21519887444731,90.9674883640669
551.0235311278553,285.54518240771085,49.77643933120345,90.16372454004703
558.5424694806629,289.3691667336542,51.11154846543201,89.2072231733166
568.3878482667961,292.7003422809753,50.07139514121233,88.67112329937748
582.6914261913591,298.489915170238,46.80277078622711,87.74935667124268
595.2592127984226,302.8088270494189,42.34679351936571,88.13365815702159
606.0274048088424,305.9291477115193,40.985671949697846,88.67997361993018
609.3210656873276,308.88111199540384,42.7628826634306,89.2812635580204
610.7716908446599,312.40325805193277,47.79095363782864,89.46454102504073
601.9796293441389,315.80995934548065,50.479843484573856,90.06031812544492
593.2417388098861,318.8903940435576,51.79272172104814,90.91547045780672
585.1614169428485,322.2872700826379,50.54125608012337,90.39985558667726
581.2754158532447,326.58156463519146,47.77926167729962,90.67543274133581
580.9319531103301,330.5650451903981,44.016998930706805,92.20352778326632
583.5733794234953,334.9743587296194,43.572403140314044,93.70280231615189
586.7461432663346,338.0140103079426,46.620796353073,94.10256410091165
586.3032592277007,340.8189401373793,49.418673805340774,93.7528973131321
589.533664364341,344.58172642500125,50.981117926591516,94.45681692538808
597.2995842412611,345.30285560054006,50.52508383681385,94.9611222950136
610.3900647602918,348.9020976950156,47.493506343674184,95.7305946490313
621.4137410865922,353.8399035812181,43.42537122037029,95.82400753482946
629.3953419260537,356.95776815800536,42.29600132855666,94.67452105703617
633.8895584431822,361.48764231897127,43.676495296252774,93.46874612377626
636.435649408232,365.50235097348417,47.60146424505932,93.28890767217224
631.6637169768491,370.63720480542304,49.701908697669126,93.18121783056023
627.3168827574092,374.22032707203294,51.25650853303323,93.463368072731
624.170670530126,376.09315042499986,51.08048816338082,93.42679729453148
625.1310940263211,379.56334271561013,48.74228277255327,93.62816686370164
626.2007947776195,381.94347653733195,46.27551920940939,93.15235356596108
626.1631055768614,388.6435497825869,44.366583646081935,95.29267338404492
624.051917704603,392.6352209676338,43.87774723239555,98.34940059402919
620.4917067393471,394.1004788334089,43.62881491486046,101.20779477458845
617.4579175635295,395.4359888711699,43.2447636278238,102.86871439633208
614.8733410159867,396.3438841165417,42.822394506112474,103.13434480402597
614.8246186607574,397.49832725239713,42.252328230242945,102.44304276083076
615.0131743037961,398.40051594989654,41.881015284009365,100.9403316255975
616.4466015110304,398.8911879770828,41.56817698282194,99.02429518841257
617.5705244376644,400.0297575190661,42.3374820084603,97.60036655366464
620.3202002668671,404.49371496108137,42.59609543794547,100.04580372041539
623.5698320082931,406.51171993882247,43.0184322968903,101.95477057157383
626.8691413558513,407.85808842019554,42.66053625802385,103.19648185101516
630.8694359692579,407.6536652919662,42.420109384726445,103.18940403520821
634.7298607156914,406.65548894986637,42.58683313404689,102.50884631901724
638.8417603417921,406.3578866241608,42.939510932626796,100.40913519894397
640.94413917176,408.1157045892103,42.40247788206611,98.33826245243876
643.3051578447336,411.0091674180955,41.93636094627506,98.73255017357462
643.6929612434218,416.21385820147333,41.67903417819538,101.03294643885019
643.1007761327634,415.88037469323166,41.70452988779348,102.29634900220853
642.228983736916,415.93873524292644,41.482477472456935,102.54303122313154
641.3391859858626,414.2573697207676,41.323871070266996,101.61685235533984
638.5678002269466,412.9199722643034,41.55774366231775,99.9724334010807
635.9006958852207,411.8453239245219,41.40953047076966,98.12032627205
632.9446929461377,408.50897592959046,41.357302950498,95.08827983027224
634.5858338884701,410.66528397285595,40.301186837317545,96.00350798202254
637.0612342503531,413.45315069272834,40.082045049098426,98.60233508915272
638.5717358919455,412.0267424206071,40.23215382646046,100.232190207614
644.6117748972295,410.3229206334029,41.006781626439526,100.10797343045991
647.22486751512,408.9638201199738,40.81251777737736,99.10245009208376
652.8166708762432,406.7719663396543,39.92224601606826,97.41755413709772
655.4920266911616,405.9005514250865,39.04809688623145,94.96412542131138
656.3260287818906,405.17635729455066,38.55511101532029,92.95844263746123
653.279234678181,404.27036709639344,40.459154545005305,90.97605047518185
651.7599210299709,404.2159462587076,44.00110825744101,90.97338092008474
650.7072723257617,402.0735577109366,47.8522552752344,91.12583379687686
654.0237183295922,401.28308895180396,51.55404954687045,91.1392359147515
658.2780725990634,399.7340275196082,52.60536908409967,91.26757118148666
659.9625004098411,399.4460568636031,50.4404319195756,90.21994681966888
660.4348032341148,399.0790671059075,47.115973976106204,88.65888238974748
661.8658578506157,401.47777976285585,43.481647946229415,89.46283647038206
658.891143956944,403.993815675468,43.40037504997924,90.87326952797027
655.6975521274647,403.7354226068641,46.58260265425022,91.68320752064675
657.1305515452514,403.86413522035394,50.15471417023951,92.10785016476088
661.3570860589332,407.7091308396822,52.81578088506327,91.94907840852622
654.9422073653838,404.08497652043513,50.42947381903719,91.43786556264537
653.566400581718,405.7730549137754,48.21465672230624,90.28045877596485
645.5767335430077,404.313572680279,43.58351716691435,89.5478729499889
631.5303358585855,405.6876178828738,42.37951382970386,88.85923078698679
610.0707227019371,405.516210506339,47.22316336077416,87.83443079396258
589.9073423870153,406.71096567310275,51.86427030409427,86.6699570815289
569.4809629341589,409.23011166973026,54.99892007894775,85.9705322757739
549.4150071026323,409.7158858619167,55.16830732793841,85.8693757371041
525.5442817647436,410.95353644637066,52.11958161211432,85.56796372835245
504.0614603060547,414.03019203864926,48.76910819648436,86.31330366684205
483.72353269536643,417.62023896099123,45.88769718250938,88.36563169715816
469.6800459072892,418.89817135437073,48.06637608092949,90.31651129516483
460.599302038685,418.355486866318,52.00444462868468,90.24846840603584
458.7134073030919,419.4979706884672,54.857654998308305,89.73425271486242
464.037883263794,419.19424756974,58.74343208081036,90.59255344450436
464.5682508859227,416.50021303646923,59.1386599713187,90.26907465948341
457.86015153277066,412.14886224218145,57.652606480357136,89.77277112110583
452.1503924738639,409.54187494100853,53.60779964699873,89.72078503009232
447.8027392819369,406.94726024415655,49.80579157772776,89.47611549801505
443.0123788021631,405.03521185790794,48.911628504072226,90.12650621582469
438.0853010441537,399.3299084678446,50.09439730134104,91.20892696079521
433.93890135908714,393.8228491351102,51.08958924959916,91.78157834110773
430.7221957768946,386.2187686909827,52.2554528065624,93.02800827233148
426.1109202021088,377.7135597540594,51.99585673933713,93.48645471063121
419.00673247622103,370.4894654145896,50.325386976268874,93.73887312589895
414.4030753116772,361.0663836795158,48.41981678387225,93.49305661557773
413.7526101114937,352.8753110419506,47.68931407877039,93.63121385359874
413.26373010813046,345.2326578440949,48.839254261278114,94.74595750516959
414.98788499548857,336.3584475167827,49.711989408436914,96.02141673401276
417.534504052261,326.9762775662671,51.79819465426707,96.78462748465336
420.9042989806856,315.26082707525063,53.5578723755428,97.58256337879557
423.9673764439306,302.8832956025466,53.2924657400685,96.6656902890474
427.04355762568116,292.6239967609791,50.990048444926735,95.05739588233867
433.9555396623079,283.7187139920712,48.20359047518888,94.99994994554518
444.77035019433544,273.7884460850935,46.07781462597757,95.78010245871924
455.56464339209924,264.77544935379734,44.58364961716876,97.13269504240535
469.2105273077599,255.00272301982676,43.08817695186307,98.63173047401833
479.12461122448127,243.52581588550024,42.12719661842026,100.12549225243703
490.18900864558486,232.3154008501187,40.58140958871303,100.39226958882512
501.05041455480836,219.8802657457648,39.204667106203594,98.54107373307974
512.7354906653479,210.9744673491502,38.17075756090575,96.39147362689495
525.3278930521494,203.8938985954289,37.42049258222466,95.55180241851718
540.108287161109,195.7988114729779,36.77440773344608,95.78473179037235
553.6569198334196,188.06122898783588,36.46828008413731,95.99801016397667
567.750658853338,178.37652542622445,36.338754925159904,96.75325102743392
577.9957761222098,169.31651260903976,36.14490710616634,96.96283049481113
587.2588496816524,160.00275093671138,36.04692160837496,96.430228107046
589.6876656221754,151.13299652292017,35.96147600662595,94.01022155376907
587.2693958172821,144.99937631964605,35.99540331172498,92.13253398180166
581.6449715420916,139.88452811038303,36.13188613944947,92.43644915032766
575.28842001639,134.05315443822795,35.57228411272783,92.93191439014565
568.6665421098248,128.44485228141275,35.1565092862098,93.56570925553387
563.0224393411359,120.6727836661386,34.999509135111154,93.89303435229313
558.2248206070318,113.23964671894609,34.73473073417868,93.87588539511562
555.5621698261709,105.63640901456522,34.17247431250184,92.48201900700238
552.967285532896,101.31423817554632,33.98879929553624,91.12388876121204
547.9041147845371,94.68521651481976,33.725339766863186,90.30582124282142
542.5514343227743,89.53874221340904,33.74715271675599,90.41828888861161
539.2461754835385,85.41830965368459,33.77483042940727,90.95387751880268
533.4256339382164,80.61969130124645,34.114003119661,91.41793551274148
532.1582089943423,74.9088790986497,33.57504624471381,91.48889768648965
530.3981525687552,70.01002231041146,33.510732216005145,91.11990899245833
525.5475708091961,64.34751398091029,33.61048582301396,89.90745006552315
525.967363309142,60.43084657270988,33.39899835730192,89.01562619051774
522.8051572563485,57.990080457467556,33.464514588865605,88.54484824033833
521.6524337899286,55.97300524808545,33.54294125803326,88.83946618839941
520.4631347810451,52.88208994578666,33.6002959896675,89.18442850686418
519.3071041750567,50.03545157960838,33.10029970652716,89.71628250972856
519.5432192741201,46.39723211588036,32.78676091465037,89.84547412273147
518.7052756098655,41.961465059178096,32.38499626562063,89.25083697148756
518.1391637860164,38.331589806523645,31.917274844959305,88.12919404417927
517.0019246660974,37.04439766534556,31.656062777180274,87.13624129040264
516.7565693483283,35.92101595841618,31.449339941038637,87.20290521695671
515.8833132456242,34.64680322477841,31.498906956017258,87.87288219790412
515.2668178272626,32.98348749558442,31.480280361099954,88.28343699613585
514.8914789075889,29.612879468802944,31.166718698494215,88.61271152137849
516.1696962778892,26.270187437432917,30.77814589636992,88.11607348939198
514.951706527327,22.776412401139737,30.722502472689712,87.03787343990803
517.6109881932612,20.944549475591103,30.68964470722761,85.92123430077092
519.3498124669073,21.74738894835221,31.125097356224384,85.04062249392058
519.9454616890429,20.615058268361643,32.058753135586166,84.91896183241734
519.4374713648801,18.787163220222105,32.24106984348192,85.34149082029798
522.0606026942468,16.6995308230563,31.715220392756464,85.98751977478584
522.9434733861608,13.26119368381238,31.573777104631418,85.53228487358618
524.2321864258793,9.718355758426547,30.46610810527281,84.09549978685784
525.63162104463,9.471849515685733,29.992922461521225,82.90768036315978
527.314503751844,8.225325293083031,29.650411441624627,83.06643925758394
528.0033317557827,7.741782182800833,29.56682281655967,83.40155221154677
528.4133646941725,6.152441905854843,29.366156964194005,83.94127097344656
528.1422686701104,3.7672239449687552,29.191353773060353,84.1843784040078
529.1341288113824,0.41646706562822544,29.096656317664845,83.4088261226498
530.4817095937781,-2.939217618254105,28.835027467717218,82.11462603240665
