204.0,359.0,30,13
199.60511004829686,360.1487750221232,30.215210201257833,13.912281193546619
196.04032279351318,359.86445560577874,29.93697068494629,13.979890057973762
191.72064108744695,361.7814309992755,29.568544485262365,13.712726990706766
187.3000381500654,357.7361878752839,29.457609551919962,13.773214459393122
184.4471700483943,357.40886197737854,29.695518912000466,13.246492659012414
179.1608902612302,356.6434927424518,29.829243342285686,13.042512806111985
174.80423671316075,357.08392025034146,29.68215309955741,12.964376906543666
170.63756107642934,357.5475375264602,29.664086831516315,12.867121297177249
167.82739465276717,356.58723306225096,29.328082703743,12.537646302255887
163.04555035565878,356.5092870001628,29.209749203233237,12.611407994303391
160.42310682730368,356.194788296592,28.50384585466999,12.644374212480134
158.05382804133887,358.36109942966146,28.049219527673806,12.361846550833372
154.93536066978893,359.6979192068862,27.98759317458228,12.562535609665124
151.44849399076577,362.8546160583207,28.025115900304428,12.804714416561772
150.25200962799775,363.1286800573262,27.50848532164121,13.305727348726505
147.82089403300213,365.56009391371026,27.403065144444938,12.924863747286519
144.541579723452,366.96006641636507,27.52305698376005,13.064661783969068
145.4915943068866,367.3267556126114,27.583507553218993,13.41296368932799
143.73624380250507,370.4254308509665,27.37552722653285,13.501478996309203
143.43919526054037,371.9590710708156,26.649494915930976,13.518312631318043
144.50890500226498,375.1842558071731,26.151333672227842,13.74464756534136
144.37504019648807,378.2850654238707,26.756808950285592,13.76189277286402
144.37676612206542,382.78176777422016,26.4935228095801,14.029756687887819
147.22417467377045,384.3498660426485,26.345595964959102,14.57625363247647
149.34158806384704,386.0763978224505,25.911199482657462,14.460012582638074
151.90895654616736,388.423683460208,25.269016228954335,14.757102378900465
154.76529641249226,391.653473842313,24.7069331149569,14.738622688909125
158.05506630858224,394.94029806065015,24.352147656273026,14.980548898230914
161.87459831459356,398.408373861376,23.925829310754317,15.062173786037071
169.07103855555368,404.1718521357435,24.019009925025447,15.329536390134123
171.45528113996133,406.38110348575185,23.900434729354686,15.832580626152573
177.8994714316016,408.39204002129054,24.036910713456948,16.10558365370794
185.15577136636722,412.2227146108436,24.10941673992184,16.571599586906537
191.63198964875477,416.32519385920125,23.432469982275638,16.681803748882693
201.19285035659328,419.6095592857442,22.829211701364223,16.29218819120692
209.7917492954405,426.52130079745285,21.876317388122935,15.655381193180226
217.98860596210008,429.35754251761796,22.01431944787013,14.86989116105317
229.61294764577596,430.915725459911,22.093539828076967,15.096863289162389
239.98767766436183,431.3375677122437,22.036615191295873,15.09542579377427
251.2865875340247,431.3225000568896,22.04300535187248,15.360737190908239
260.6181122281545,433.3181850680126,22.198628143788767,15.047711895224738
272.2198292357031,433.07559288724883,22.503693274199183,14.81989119083438
286.97852536638766,432.59057661751655,21.908107348279316,14.554602685377112
294.4876724911142,431.2213535528864,21.62578264228332,14.045909837586569
303.9424608366598,431.13699941453564,22.19655263087967,13.211619762237332
316.6162716003841,433.7776776849636,22.247971325599046,13.033412635443952
323.5741385203574,434.819338225389,22.03708672881643,12.69950409121423
330.4276261106415,431.29084274499786,21.94945816690064,12.787397914545338
326.8066933837743,429.312933951919,22.156842572051055,12.796407639374907
314.6500914238419,427.09650478056517,22.406466932589638,12.75617485659431
295.3960381431739,421.6688951837568,22.26498014065414,12.526299598306796
271.77863940276586,414.4579135641819,21.038929766856022,13.062375691460351
265.81135856585564,407.70527816514385,20.270259629153024,13.42085312405797
266.5946534140128,391.33377910017,20.775195506569162,13.864058010597535
267.9969289003711,368.1485623504677,20.794451296547845,14.167749566642659
269.48794763667996,350.37833110569824,20.295423162308975,15.535055317900408
270.964956933618,326.4181231863056,19.35443557429231,13.825048564522584
269.70377303425545,301.693880022642,18.386233304658084,12.864328501468886
266.8131489951495,301.22902759904275,18.15664001324099,13.2240412832377
271.4961223933158,288.7609692764483,18.444234781849858,14.29600692745013
272.17586566417907,283.70547791142894,18.55035492957638,14.834609591570866
273.20696557967665,283.1825312258121,18.74178669037816,14.752245211339613
273.47923500550655,281.3972586008338,18.810559606296415,14.757841425651668
274.96045727878237,267.51984200398886,18.302292916190098,15.01309042134362
271.3307893322647,274.0584699567885,18.39574669862974,14.730077374630982
271.2650542690766,275.95068066804316,18.43920412969345,14.703682075168565
274.92718947127406,273.85309278285104,18.49915003389227,14.669205440767671
278.1564655440065,266.9861185422797,18.517686816650055,13.466683890172007
275.23203845174055,268.99040943723224,18.149053665976908,12.345209949388039
275.04818552715693,265.81630050315596,19.566949487067976,11.9664762184195
272.4013152418214,254.6778359189085,18.834155023559312,12.174881979932017
272.99419694149844,252.25794303359297,18.985381980650605,12.016945124830665
272.27082917633214,254.49269149492974,18.68524174804375,12.247635885262588
270.4641925087603,262.11480952745876,20.834632636898423,10.775074930067866
272.3426530140799,266.57528224251314,20.661650224891968,11.394496626423894
272.4092802226391,269.0249809765598,20.876898920566482,11.78059873108456
275.0921716656042,259.84071355791104,21.11676026071048,11.613729363059761
276.03414895504903,254.28022857881388,21.69730610906698,11.859935832484545
273.65364322842953,256.9064978191668,20.3187377893568,12.695112500704504
267.38363086359743,256.15828146161937,20.114591376442853,13.068292347146974
272.7015903851804,249.76687848020194,21.30859024099172,12.308648358809974
276.64053294076257,244.83514792983763,20.380518972600782,11.94665703644291
269.31132706622145,237.99262263498483,19.153623409671393,10.87854142741807
275.56301472009886,225.52101332744266,18.624277642932206,10.20437036354728
289.1248997012058,222.7850919827311,17.783237783257444,10.37434079955244
296.5992403984333,216.95909104827567,16.87738780970075,11.382227220465248
298.47056932092187,219.4287251032978,17.454611403932645,11.216602604073303
294.25176187112083,211.3788450708309,16.770651901679255,11.50381307794273
295.9277446157312,213.48849320864872,17.195683025007277,11.248136034484807
287.52309157566634,214.57056996622157,17.28958840933624,10.883462957571485
283.959835262623,223.2292046742004,16.687024649924854,11.048035582629483
287.99724760471463,214.87651157101058,17.017328444745505,11.41778183539581
291.5336000986227,212.10614880835058,16.372598157857123,11.611934484739285
296.8390014001954,213.0117480216048,16.553459678246927,11.583748448367565
297.43203087172714,210.23206543568588,16.55283698396272,11.722291476650684
297.12441819778445,199.88215446669872,16.527128341369547,11.552080150464848
299.1718574294022,197.62238052767947,18.54776654073168,10.449725562683032
298.58441261638967,198.40478359460545,19.81831351538963,10.021901392942416
299.3801316791496,201.8538054753661,19.28206261521158,10.401033534741414
298.9386651733158,204.3863006339474,18.33698506779706,11.63533673564524
296.65127434277963,198.07983259889596,18.153206548205333,11.780373483238334
295.61718995280677,193.42107459963276,17.931340080348413,12.446999131422935
299.22728031964715,191.3937038856108,18.380943892566037,12.506859883197365
303.5620875760938,187.48816419881615,18.747149386997012,12.4282831898921
310.1959024947239,183.622541612317,18.910603228936026,12.677190411230246
309.2131432634766,184.0088125812938,19.430290392602476,12.782433202280544
303.2618014155491,186.5750631211257,19.713287961748463,12.430190301327661
304.6245712461314,184.68399833432065,19.95854297831833,12.609097981627272
303.9973247878959,179.5866081976704,20.048164678968963,12.990424580611403
309.638575125912,180.16899179123263,19.838601014655552,13.491322066338437
310.96379328564774,180.86944639896709,20.16062258092626,13.131733651650798
309.647019724935,176.0718731559293,20.96692208272283,12.613629405304478
313.25163900283974,170.21175366681504,21.335739862362534,12.661451696521265
312.50638595566846,169.93093458701446,21.105970077798766,12.943228405927133
300.45029104171255,157.95892405431442,22.31692241791763,13.01348543324129
301.56532453442566,159.79721370265688,21.887468835811767,13.489547432943064
300.55082269110795,159.20632805130194,21.87367161912688,13.512322153621726
301.1624951450951,159.22465328197546,21.82832811496117,13.768167419813715
297.6956532629227,164.38234378415248,21.534846657138026,14.25559708440499
287.5473861139751,165.65733307703482,21.9123860514687,14.716635344343455
284.67435180844484,170.3310400009992,21.106773143974543,16.954624938797497
285.6823256130088,172.17511212241732,20.980550266291928,16.562012922523756
270.3814051480524,170.81229949837277,20.422410422278922,16.236231310261278
261.5596421142177,176.15238391671295,20.294093533405455,16.447389377877833
259.80576207744707,163.45673191511585,21.58404202247403,15.717298269988028
264.00103130572603,156.98606063221314,21.776465602048884,15.049635861428223
254.226427406614,153.99319003990445,22.995175658573768,14.308478852686214
251.8163482802273,150.7186093917642,23.03950078146437,14.2978714722089
245.65801038413127,144.84467922807625,24.634596068285283,13.614201800805533
242.9190787065353,140.50278843338387,25.28601289027414,13.435808402397296
245.6934021851309,145.7233038117746,25.24584981980168,13.979267086533834
252.5487010306709,146.76868831019183,24.458424125791968,13.760881207375094
251.6869433047624,145.48925490469094,25.214189028292616,13.967331026189422
254.76505929400096,152.24721703987512,25.323948260752942,14.238561907188222
266.20260230473184,172.1895355702344,25.387949153353684,12.50346860867669
278.6112380068378,180.9158442308695,23.49938868664176,11.986672820609636
277.0744700213883,182.64087151992817,23.471453710275124,12.075261125793066
283.64589857032706,185.646148989007,21.526670953217963,12.98185096302603
291.27562320817884,182.50583855962196,21.95636199733856,12.54181065846604
278.2228298075507,187.23640159233994,20.0709743723254,12.554439475842567
277.5797085463509,196.54849387815773,18.790661871531558,13.373591391023393
278.9466291184818,207.9091880941794,18.21450505344176,13.298023576655822
280.57080269414814,213.3227207728342,17.48430823169887,12.557551847275906
275.4866900964432,214.75678454718678,19.583418742050057,11.663099072740716
279.0114902466868,216.71218601995844,19.8326313077739,12.352843917724709
283.32814809158583,219.61547336776547,18.800260137018732,12.324276729434867
283.32985323137075,210.4750078314906,16.943246494411873,12.832186103986581
287.47770607714625,200.11093554292057,17.085849518681137,12.247163109105168
285.9370192276581,196.72696707470712,16.335329296758974,12.130181832641423
287.35466687663273,189.48768520634363,16.659358644805874,11.494316095491453
286.41438666047264,183.53253405676196,16.181211649147507,10.980366838258295
287.2454655625195,177.65105358956308,16.68375721419442,10.281829512158051
286.792844247441,172.18866953678807,16.27483663634357,10.34729128225883
287.1439130345099,166.501905162837,15.557901851512362,10.022326072641444
288.61698619386607,160.10243712011788,15.17100159603254,10.466048992796484
300.22482490233654,157.02659964667856,14.027704245009495,10.154463289040315
302.45294538631794,158.47226810455322,13.408678700630777,10
305.9444558386587,160.12834711993114,14.265741871876884,10.088560658209008
310.45693310498785,163.3775930404663,13.635162186630689,10
311.4244325223935,165.37755870819092,13.674818503186685,10
311.5011769718399,167.29336071014404,13.94252558818053,10
313.7751756953935,169.56110668182373,14.00169061665925,10
313.61136578225245,168.41312313079834,14.224871661203089,10
312.6684481570375,167.59494495391846,14.565716372082179,10
313.98920950305467,167.35756563671657,14.324508011102633,10.161545286015098
314.68853994515047,167.477707862854,14.414036824176625,10
316.63682178485664,163.4762735972673,13.38263122581895,10.60416018766757
316.1267342691371,164.42259278293722,13.112088178644711,10.354946804120697
315.51731671220494,166.98022948383635,12.994989607206353,10.41377618552551
318.5543382257562,182.72023354992302,11.937021714381098,10.089171190559213
318.0260539677077,192.6975335730491,11.335951680673485,10.527011940205536
319.8239489853822,194.65264797210693,11.741836297424118,10
321.82435517435357,196.41687107086182,11.751525781053639,10
319.9881146557331,195.68538570404053,11.833609937191023,10
321.73111127181915,194.70214939117432,12.122164281923245,10
319.4368076234558,189.88758035441666,12.137311953405726,10.17411335427705
317.61412388801034,185.53923511505127,12.039301738749863,10
318.01708335306625,187.7660837173462,12.429778682661413,10
320.64218353547415,185.44950580596924,12.778924478734378,10
319.92320731027166,184.7147092819214,12.997020666932285,10
319.74734020707433,178.79546070098877,13.451480855992964,10
321.8305677369164,179.09202671051025,14.32055970133807,10
319.38105663631774,179.92555713653564,14.311466515572587,10
320.0793935546833,177.63688564300537,14.769414566048436,10
319.13920216197397,172.95847606658936,15.17207899819564,10
321.7195777325555,169.29586696624756,16.08751117612438,10
320.9819844473959,170.26880168914795,15.929454185652537,10
321.93177902766865,165.4776372909546,15.704189060751611,10
321.1687419924779,162.3765459060669,15.811420815459146,10
323.8077129595451,157.99989606035578,15.301678801979177,10.234172799332374
326.65029320706526,158.6127831124577,14.905889797417352,10.676268262999653
324.2374208494509,154.55015115080104,14.190504446727987,11.045524038119607
327.2789891754011,152.45410634983662,14.930537503079629,10.60283275625935
327.3489621438832,154.27887777936783,14.957591383009948,10.360371501200833
328.8750011724948,153.66794109344482,15.025157490825837,10
328.4590494510213,153.4376630783081,16.538335347835314,10
328.35454613810964,154.53320407867432,16.252583367701657,10
332.52644950303676,155.10263538360596,16.493295070464587,10
332.56446704968425,150.95765781402588,16.506871030636376,10
334.38966884987764,147.30496463561843,16.067164604321874,10.074669651492627
334.64763610541706,145.11727237701416,15.846209188701957,10
337.23782971596006,140.84539127349854,17.236817298426548,10
339.05568697973376,141.16264057159424,16.763158740117383,10
341.26441303526076,142.05154284226515,16.591571497227463,10.12150270963474
343.0013905216299,143.16351989025776,16.39293467024117,10.036510405641733
346.51286376224976,145.7328405380249,16.517079100866717,10
345.30322368157675,155.61962795257568,17.413356637700982,10
344.2175549315489,154.0894692352648,17.28606437701458,10.464999594045583
343.8812545870394,155.7101041010982,17.481000118523696,10.31635834138267
340.4285133240053,156.2254114151001,18.954224038634962,10
342.23582859346067,154.82432460784912,19.2888656554859,10
341.6129518341371,151.10579199267823,19.27872546685759,10.407295332880835
343.4495391827702,142.5164098739624,21.386785510802365,10
344.9912623928821,141.09107875823975,21.15799912475822,10
354.1598612475001,134.59466793962474,19.88542238720193,10.244717541771024
348.1065815482064,129.39495028111946,21.066791813865485,10.46463320546129
357.51066665721146,134.84239748364027,20.91133918618749,10.722357208622766
349.5816079928121,135.59627990188542,20.744332918794697,10.747040187073882
337.59187297879083,139.0213411492117,18.570448302061838,10.410192838905706
343.6233694089165,142.25379659125363,17.121919247962897,10.139213534411702
349.74658562070584,142.0818215087787,16.11132666813416,10.022615298482656
354.2311657750744,141.81201457977295,15.392551643821019,10
351.0071510217914,139.90042781829834,16.38081857714478,10
350.6429970923869,141.99842929840088,17.566069947916617,10
353.84189174840446,142.81148301732821,18.674059902238973,10.16629673695004
351.4364100240345,141.9033873135089,18.804313512111648,10.144837845516387
346.4038909160057,141.0585678124701,20.624894483296252,10.34997214788692
347.9352034903676,139.56880065414813,21.428182725685655,10.593582697441022
347.5443856408678,139.36563094295258,21.657549442751666,11.156156861043085
346.86689930126056,142.7899221125716,21.924547573626377,10.6862442605746
343.9156654918515,152.4542039532376,22.04690197222967,10.464522620258183
341.6564836259455,153.46284692789197,24.544593859559164,10.933175696828343
341.7430817031962,163.80697950574503,25.559088439921098,11.402991595809759
319.68866858509915,158.12292774880606,24.463792132780267,11.180446458564633
320.70737349687204,159.73601721263032,24.05326676968363,11.38298609781063
317.9535858974359,157.65083931406497,21.797109058399634,11.48437216837883
317.54091753525944,159.404065082337,20.766107281776016,11.449722389647238
321.9487621648607,160.45914954804502,18.31129601329616,11.614944083231235
318.97052513341583,161.21972938444924,17.44973876515081,11.4039536303935
318.1340863656475,164.3420901187349,17.17808199892964,11.23972990352142
318.8186607487913,165.80115379293673,17.023498509741643,11.061398239932217
318.02828769264295,167.62763469114628,17.24939003829806,10.354656841462312
319.9144113011424,166.76007309824925,16.553970824228834,10.247189695225126
319.4891529316893,164.13462906097527,15.871166182519799,10.590851207273083
319.04370975153,163.5247581199431,14.70821953502589,11.523628672833535
314.83860673484577,160.70846701706407,14.42095394974206,11.65139291594513
312.9270437442103,158.15292563078367,14.016544683210185,11.356054027128966
312.54556517521576,156.28378642370714,13.870360280671992,11.41695283312772
313.58991097707883,151.35147908320565,14.04016400775637,11.38388913888656
310.96108746842583,151.7827107012377,13.258973592201036,11.670260131338068
309.02941675645496,152.09702137968526,12.909012403838105,11.482392711210524
309.96369881060144,150.6945640856118,12.632916557263872,11.318057574015668
308.30867455818446,151.39075680601735,12.778734715418151,11.077962477442824
309.0053095249057,152.77976003223893,12.669339293694435,11.084440888280948
309.5503655500454,151.12148883461762,12.423229013434591,10.809644172195416
307.15298829278623,150.65204930987986,12.59162931042362,10.635661588370178
306.77376076102746,148.87565573877683,12.966859886636492,10.696101013291095
308.6991824317533,146.44350670250176,12.85353485573171,10.909688026270894
308.75979851688953,148.05551429980915,12.418284435947491,11.165283274771344
309.32231131337653,151.71199018497217,12.549102959184426,11.094519004445315
308.8264659493716,160.82518320355751,12.423404008239288,11.406386751454285
308.42637252855195,170.10091121928315,11.910800932886332,11.436145624788196
310.9989749624541,177.76642508939602,11.296216640033249,12.085350123331956
310.37504146459236,187.1820472411803,11.023518602797694,12.084962143005612
311.58958199967645,195.3779281683874,10.552582674231125,12.02429693776136
312.50453703194836,200.97108235524368,10.450585512519272,11.981531807456957
312.0767686433738,202.97119250020623,10.041622625361757,12.038200097854151
312.94101853202193,206.7152515285131,10.141251662762834,11.902537180400568
312.4859504699707,215.44259962477756,10,12.108821212481002
314.73824882507324,222.51542320180087,10,11.8870784773797
313.85433769226074,232.58707666934308,10,12.215794552549196
313.2198387788268,240.15011435874717,10.132580437951948,11.853200313877744
312.3542079925537,243.45490778310375,10,11.482337220047375
312.98442533917915,242.68087554003995,10.300184660997184,11.364462375120294
312.22007224848386,243.2570676843863,10.263850254008833,11.429679862550636
311.8111228942871,243.41621368971602,10,11.688566806969336
311.36416244506836,247.126225800941,10,11.329638775925623
311.0946689806084,252.83686861971304,10.171192892054751,10.881604481154959
311.75221355906535,252.2163953221418,10.46495612161538,11.0268441366002
311.3394258526641,248.91519183169086,10.456119913324184,11.11969911554893
310.77633841894055,248.43129960107316,10.191791851083725,11.05537526989957
310.1721042287132,247.7265915955153,10.05467536215367,10.812470419198945
309.6734390258789,245.85094080050484,10,10.797338293399509
310.3227844238281,244.61925309053944,10,10.999834196728742
309.6717912260451,234.25412988222402,10.077041327206643,11.425208100542193
308.77102279663086,220.86255205407534,10,11.475602373782905
311.39705516741014,220.55542541524653,10.60612770228904,11.046154479565534
311.72858091756643,219.5117469227977,10.766631194652273,10.758492390976885
313.46381679836463,217.43614542823474,11.90026252143481,10.196118109594948
313.58887604433056,219.41086769104004,12.968427110557627,10
315.3489743711655,219.10794830322266,13.43908662754195,10
314.9980066774719,222.68932342529297,14.5358546260133,10
314.0464357893844,226.2748203277588,15.907788363858174,10
317.82981495345433,215.5478687286377,15.004779730542547,10
318.4691031783718,213.3095188140869,15.756385165473167,10
318.3842722304408,215.35773896137252,15.900011752497337,10.101065656356514
315.8655531292064,217.6385956984605,15.598380588511088,10.46819663408486
316.126952485641,218.3399452825914,15.564748135407381,10.598948546145328
311.8773245531358,230.72642135620117,15.298649843923705,10
303.05532747471614,223.31227684020996,15.633577228302068,10
299.8362789028165,215.6949863433838,17.370731378937307,10
297.8996610436129,209.08108520507812,19.012151759209708,10
300.80851651415,198.9141731262207,21.071744895283896,10
303.03163173514173,193.0748176574707,22.288882678398235,10
301.5943883371821,188.3512363433838,22.907040891553685,10
294.4417403279588,181.1173553466797,22.941691768398723,10
274.7756379588185,175.95969179186687,26.032225898158877,10.484905661871744
254.75785743505674,179.00372416161795,25.235618366580855,12.166746012701568
234.80419765318808,174.4557105349982,26.093385012837718,13.123292675120819
247.2810796734003,166.18366868461138,24.989466858643695,14.497038698892474
246.59287123073787,161.67530124303792,23.577309525218602,16.169733665047197
251.96786988008427,149.5304619285647,21.248683686486764,17.480026918017067
259.6846715654764,145.4067578252467,20.9796616145306,17.15423871352027
264.3429078822938,139.5271493096311,19.521900223571656,18.18860222912644
265.4575681077635,134.36740866524943,19.908447387378253,18.60129946027262
266.1051338906888,133.27428842017267,18.199680567621378,19.687243929918335
264.99998487352667,137.4587773458373,17.350637171281633,18.865972682593004
260.0828952567834,148.81371339347797,15.474775358625628,17.990763978424937
258.2072825267098,157.9304532486984,14.755038294358783,18.353864773355156
250.39762691189208,166.26052753287,13.838087011787117,17.916731036554943
249.01370189384008,170.1124376025941,14.271632238320823,15.958714730114547
246.89086411444575,173.59565859518187,12.930553951894613,16.222916971013195
246.26697949751104,171.77645763245158,12.371667301974961,16.923784564198385
244.9629328067603,176.94449578774675,12.953652895390512,16.24358441327603
240.02520369174258,181.39830986498134,13.15930369134395,15.568759603533383
234.7166474970117,188.550332171575,14.219306248042017,15.785238061635164
232.33222314441807,191.00075144852008,14.276835983502753,16.444900606377804
233.06155745830807,193.8178459643124,13.982542660898483,16.986607265711136
231.7086616916521,199.79030330102893,13.652163234737754,16.57881722606715
230.8678955831123,201.4691024799149,13.601750413975612,15.000126644174067
230.5412336274671,191.2533006256969,13.502518478098036,15.23911865827418
233.06132674696397,183.18866404016237,14.621946802092571,14.227118330808059
227.56939540146163,175.99973434581221,15.919629378351122,14.070012204371642
222.46927395474273,174.30423328793788,17.002738177550647,14.015671302542241
220.54393494059235,178.96414211900245,18.127444983927592,14.45561163601857
218.9878180613867,186.64947727344023,19.25492227261239,14.36200278954534
212.24723623063107,188.91664198323895,21.452409786662663,14.52900546223303
210.66077963735728,189.48795679950615,21.845896398503207,14.618462011339274
206.90469530942542,191.20183311524312,22.16654436344897,15.361073759748164
205.54413533125984,192.3783344551485,20.93785047700672,15.38323129722258
202.105541787213,193.82646405738416,21.12138064371362,14.969844102028581
196.06898127680873,191.27011353399732,21.252149369600335,14.88772093005225
200.3854221044703,186.68537473148933,21.708997023359213,14.59768391714829
191.24875065854798,182.69833831134653,24.211957987713603,14.646067060168258
193.65494340775842,177.93540000825988,25.05486881497631,14.995925905111113
201.1337234515406,182.6977154806652,23.96089515319322,14.122784218112935
216.78907601237668,186.55170397786833,23.53864065407963,13.84859933796449
227.95044834821388,189.21832415041624,22.866668077131823,13.13888651972414
238.92013457337177,194.35377325052642,23.47888559263636,13.46185276042177
247.43982049389214,194.205989033803,21.82159382972059,13.663938222677185
257.3842434099752,199.43467747661296,22.17983356884345,13.058009396139308
259.9193341384565,199.66319979437137,20.94744355475205,12.859891152224089
266.0615201828626,195.37923123717854,21.25108416125239,13.419126942146793
266.89854304048663,192.9952861195536,21.09061876826989,13.230642055326369
270.5550342670119,192.93404718345212,21.257204796664713,13.55198009598636
271.426226395254,193.872817058588,21.83219572328596,13.916086158702917
272.9697832745542,193.09609338108496,21.811884943201225,13.957364629431648
274.288772121431,192.85725243535518,21.387812583920216,13.754786816301339
275.1694327464328,194.24012951771715,22.17451074309629,13.856510068569627
279.26668124415494,192.0266299299255,22.287676711519225,13.849175442883375
282.3564841546529,186.24519511716815,20.9063039227499,13.883072442665675
287.1217564724689,183.2135601363608,21.15557496094601,13.984260495100676
292.77887494103067,184.36384717429874,21.220763072650534,14.239319964146686
299.1326056696655,182.77211895343723,19.744609598779288,14.239411537705633
302.8583795128508,180.48549001924434,18.8547760847721,14.240239749108996
312.78860679631214,175.97284537982136,18.301305465603242,14.591063848511578
319.6906942945587,175.24594296947342,18.249503210809408,14.965706071551185
324.43538693615704,173.46853596260323,19.811540046753287,15.062706822352158
322.42757725121925,174.93332592248194,19.28840209241011,15.33757178784859
323.5103520978251,174.39656742773582,19.00048454031172,15.025132966793965
325.6741319435555,176.79692028943026,18.62680515890947,14.996979733639463
324.36212605152366,177.76673020412073,18.237595202250496,14.827982157676502
321.7425942887229,180.5700148636349,18.09066477033247,14.667480648706796
318.2674574130546,185.9907481836058,17.849200393007024,14.271570649389933
316.79263403510646,192.86334554406002,18.15899271775096,14.675904431899479
315.3199852045429,202.67415782609004,18.408096683809717,14.324070517253514
313.91543177198116,216.38560770499203,18.407286098981977,14.570665388355783
313.5924879455377,223.17826638060222,18.4495665741346,14.997036269557277
315.2602531837504,226.03759360823923,18.07244826811929,15.052200784009788
316.5490492574777,229.28504080633778,17.78845811041078,15.335023978144772
318.4225267030877,228.41872464520864,18.31007316547977,15.253630421496798
317.31578772470436,236.0143733235954,18.276702062187987,15.402535396266199
318.1723928828393,245.82918597252873,18.09719841095712,15.193884829844896
319.48030702814964,248.3151446221868,18.226594119359902,15.587293458263105
320.8023406233732,251.5188171663924,18.323180920611975,15.544534246316765
322.36572847809936,260.13366374320157,18.569406309792516,15.66709786760077
322.79247510532997,263.80075637278236,18.98593258658126,15.679248973185244
324.1280215597017,270.0754009941948,18.884999589947164,16.11789002821198
326.96113321352175,272.17008548342903,19.204753455158695,15.974732292419281
341.82737795517414,287.0481257214048,19.28338305144375,16.454262778381757
361.25084105171015,294.8271529424418,19.815729319309177,16.829588463261018
384.4332680089696,305.7811364393961,18.772950294927035,17.520414499137427
385.8885939906473,307.3453711383182,19.493836722684954,16.886200167211225
383.63018301468037,299.8193723318335,20.892494612118707,14.879142451811497
380.191438743874,299.3262212424009,20.9086779169151,14.200672596985372
383.0471630676666,297.7884521360609,21.34962642509166,14.754627252536352
398.20645780735157,298.78029208305855,20.996170612713886,13.812497041158279
400.2124669676467,301.49141741567666,22.284376596322815,13.05789469135173
398.2699250555569,298.50420203189105,22.468570833100067,13.01547212640343
398.0702208746229,298.30623908623926,22.613119270651623,12.843229377570333
398.35785300399556,285.1424570667012,24.41604409882042,13.097898366597601
405.3565205093997,289.5990429365086,24.043625164672356,12.377345950713206
407.4546584055398,285.3093208891571,23.872907844071758,12.637858465826465
406.8455110866896,284.80289045573886,23.658562406088578,11.63726871010428
421.0792216407232,299.42178828531456,20.619928529466716,12.249624112964618
423.60286327665193,292.2689731446203,21.633092950480318,11.893324310124678
442.22616937006256,284.76764477465264,18.541685536608263,11.514816499278718
430.2730935514489,289.24643328522757,17.3936036228103,12.567775671976449
437.22028824140676,290.78897779638277,17.312782358128903,13.077775608406395
452.52251689083363,284.1696655642947,17.026508958200857,12.268041155346161
462.75264785876453,279.96530964631677,17.85865882653831,11.275549835784375
466.07640034096147,279.05123437036696,18.74716460433196,11.036420572010174
474.83464001959544,279.8187840146798,16.960642827630465,11.06356188397047
475.30398220308115,289.8033139777722,15.678422083705849,10.948513493430253
468.75590671041425,292.1707451736941,16.1535250954068,11.088162820336324
452.98118157752685,304.03829300894023,17.57822713120112,12.167833080019928
460.919118903117,319.45476934509475,16.10217852982559,12.091418798824122
470.13186642309455,309.9251402816863,14.788507525514982,10.87800999448876
469.9975894854782,311.81068183519466,13.920514312124642,10.817322700460268
461.52785312900073,310.4488050645477,13.07623458367331,11.65637165191048
455.939656505308,310.0824502993086,13.173919182377222,11.06918448439055
455.4560601558258,296.9151362689136,12.435686618890363,10.058929580092652
455.9997813604782,293.2487030029297,12.806076546011369,10
453.7171100575682,285.27168369293213,13.229848106909422,10
454.38742623507886,286.80761575684255,13.235937401058044,10.007355690294393
457.7068746227652,293.30191707611084,13.653234931105333,10
460.2243193277021,293.8710041545058,13.424600861807646,10.273832221383918
460.70527671616884,293.80080678955323,13.424142383702364,10.281052055048816
460.2345988086165,286.8490899316844,13.686180724441728,10.332034446323648
456.54622208205035,286.2193670272827,14.578913944419778,10
456.25709086688573,290.10452938079834,14.582091688469724,10
455.4879678887361,287.8002944249872,14.665713468743661,10.038138338135877
454.54697025786527,287.77624108018244,14.639509420182517,10.397173372472034
462.43558751259053,281.4255386288,13.910729195399975,10.173506558928311
459.9164009829739,285.469908079406,14.486905904535584,10.362584430177165
461.0160620983182,284.68992655136725,13.444669092548192,10.3644076852294
464.62648503848675,286.12491512298584,14.159682892386837,10
460.4250019432675,289.7050084256233,13.116756748841038,10.812805338084445
462.48441453536657,292.6685188510355,13.14868077118583,10.86133990718195
462.0094400262348,294.0494404769093,13.131951170064584,11.057153515785899
463.025016996159,286.00018512031687,14.17643504759895,10.648973249966831
461.0528583536334,278.8808368308181,13.626443860970578,10.692750242782756
464.6609208400727,265.21231541458906,14.756117380523513,10.769964507735985
472.5826132247458,252.38305453983116,14.520871649263352,11.025087743457767
477.11392182949874,243.65422303441025,14.859339339659797,11.618889670315262
487.7386761047513,235.5841748177971,15.60202591854923,11.852877247340366
491.7253031765656,227.2974115972121,16.114459030779948,12.22111194046351
490.44557534506436,231.70131213617634,16.99275472063787,12.79003510569905
487.7416446817131,230.99377200079988,16.237121937232928,11.846709309557466
481.3097704720182,213.4440100404889,16.221021876398105,11.48242517048706
484.9430371444517,210.63783612656812,15.641557470740137,11.471172992225103
487.85732661812403,208.02893447050758,16.32904221358098,11.180488602930179
477.6194066435816,216.33799822051182,17.329544180488146,10.938253742081802
471.31890165644955,223.15058670192192,17.13192820870732,11.373081967249904
474.4634618391088,216.25573329970226,16.242221905888886,12.014423750937276
478.7324867421022,214.93235471967824,16.480707134081793,12.42426913730366
475.32342788334853,216.43644919447328,17.748817985134025,12.228072832977286
479.5070595086732,223.19317810437138,18.19114030577378,12.227401878415446
482.0584220571329,220.55228917902923,18.40144926647157,12.31202473032045
482.32224362451115,219.0671318044187,19.028888834351694,12.053480531787624
483.2688177921838,212.1980159871343,19.29972670506109,11.960699440526325
466.50163329480483,221.3410863700637,19.38479302647925,11.929067646835483
466.1944439526531,219.97114138953435,19.14554164486473,12.137036221175457
464.68674526964264,216.3825866266201,20.642670425680492,11.283494654474602
462.2815360425438,214.36389640918094,19.74447834521024,11.30385009545646
464.47192706612896,211.3311486481419,19.723719796575125,11.541727972270929
461.8117857620174,212.73822326893696,19.1150091797006,11.54953155050497
466.7767935204407,215.12986873374362,19.507800974865606,11.585065388958073
470.31061689680774,204.4086901815957,19.27757945406522,10.834955757414118
462.26058824070213,212.0476195045595,18.962677812418928,11.573485050939595
462.4509090867918,220.19662039488566,19.598134142700616,11.435937066674017
455.1117500017324,218.67148883763713,18.801137218825314,11.959272233173012
457.2239617197914,214.99070542669588,17.607322913566634,13.29594434070001
456.718394189929,207.08939866552504,17.935115993310966,12.798577699467518
461.9835022015791,202.19110946243842,17.067566290811556,12.279978188160257
457.04670507561974,199.12530425858677,16.60504756665602,12.203191684242459
458.8832640072457,196.68843862715028,18.173750992466623,11.736091190523688
457.32855572776964,202.0619092928092,18.532950113674538,11.640051653639423
454.3226559601564,191.32012080372718,18.270869644018298,11.835271850797591
456.150476029263,195.9935240335202,18.324664015082377,12.245163999609957
453.93034886824864,196.84669326396957,19.064314852003648,12.387065437392888
455.14631199854955,198.7711247744669,18.648120402925365,12.39223684022637
446.69875036577946,200.2605921874259,17.77804972925652,11.920176098780956
449.478047774599,199.17437866314637,18.75374904003534,11.579961240601765
448.1631291374591,200.28978537856884,19.706923869246776,11.526607526553732
451.5414703455358,202.43699919149358,20.572090513152045,11.562952300606566
453.6539856268452,214.36083083109983,19.66238282650975,11.613772297761296
462.70154178225255,213.81199177130645,20.41768097712084,10.855497200795298
463.36790694371257,212.28490906324262,20.461423127345412,10.376673114969842
463.81307901411566,207.539830769703,20.66650363863881,11.574261495261965
463.28899309412736,207.71643814893744,20.50884204355677,11.485565474586032
474.39737404643046,212.28726662534714,19.26317236307172,11.318151685829157
475.80969442298056,210.41989634334794,19.075830193955863,11.417726081614646
473.247291320215,213.57996520768592,18.368509782055277,11.463463597079329
477.07050479267747,215.1422798992137,18.54260133078271,11.074780869297232
477.5547666916049,220.2125401955866,18.66379921261532,11.112505820984993
475.50566526311695,221.73897478456118,19.583771783946712,10.399659683807329
477.0713775875853,226.22970333042736,18.14748034423863,10.525777054965616
479.7144856730395,215.04898745801881,18.66364378148446,10.554143766823698
482.00630684721904,218.84147539970178,19.53607137941446,10.764356787266376
486.4517759314044,213.81965420343636,19.547568513778025,10.551086948351902
492.5342912130351,211.9502195420027,19.29135142707924,10.786423861551237
495.3288644439278,206.76207943807484,19.49170234078211,10.90056570270775
500.37247913209205,202.79873885973433,19.12281860654339,11.74857635767977
500.7581232594691,199.97702274997502,20.32193593040267,12.354307924122237
503.0192740246792,205.65073476784497,20.442502441974618,12.250437050003402
510.3999619951448,202.18156306699436,20.010785009344183,12.712210322310103
506.3563737592463,200.77807731333726,21.539909418152842,13.256784063510999
511.3529882214621,188.15939933521446,22.862972302803357,13.012122502666784
501.03104014461763,178.41390699429402,22.113184069285218,13.516695136167789
500.7523359239514,178.40505457701815,22.113211834348174,13.527876838395354
493.1887998840182,176.8970987727178,21.474666543609114,14.004077448460885
490.75296548888264,167.87760544192383,19.068312567766938,15.301853172548796
496.28448025683673,162.4810255013701,19.077533398069722,14.567795188666022
500.3609387845516,162.10920608279264,18.218187814807965,15.567186589297545
500.35167104050186,162.95337918170594,18.837637304372322,15.447039549185746
503.4336736032631,164.42714662153958,19.642038856095883,15.144585235924778
509.1318550711177,170.20665234387502,19.51400935544535,14.641451476800729
