527.0,437.0,19,55
541.3106016969966,432.6675213209822,19.746441869678712,54.328134848270025
553.0870853232419,429.6736304534174,20.116555061523954,53.64576582656366
558.0712422550436,427.1602385876887,20.412950670576954,53.608355832435095
559.6846129642497,424.58638472788607,20.71823745040694,53.12393769754814
559.5902700757098,421.2170090624467,20.772035532174264,52.4521818262784
556.8192502022303,418.48347683506444,20.621967124836267,52.06974371756644
549.6965430206942,415.1422102762579,20.724650775017885,51.481906351781
541.1139330906528,413.0019546690777,20.406395903655316,51.129711877664896
531.1950595056951,409.3031911956048,20.14705139876603,50.56949041152473
521.5751370182369,407.4835583002542,20.114465953760618,49.8155372080854
513.268385669263,404.8238986632292,20.03348775571224,49.46610953389316
500.521208086177,402.82084231181176,20.210284633310064,49.383919624423406
487.53553616719756,402.75721035609087,20.040667777909512,49.03205755930267
472.00560128273173,401.6370716787202,19.892415293423277,48.877635817364315
454.08235288143374,400.92235216814714,19.965024461741876,48.87242823206506
438.1515356268106,399.3896651247718,20.116728551066362,48.82644367623763
419.5813969509069,398.0823790995055,20.15160581742449,48.341650492395274
402.18127610285353,397.01954179572783,19.98903318247652,47.95665920639585
383.8999168775458,395.19619776402993,20.03249504129503,47.6667627971354
365.5879719534697,393.79289865234676,19.88289398368552,47.29762554686898
350.063803293831,392.44295831181495,19.810992045150563,47.355782595120075
334.31332122608876,390.7059084362318,19.595861209931808,47.225039206637895
320.9608808298379,390.0278106263955,19.54512676805856,47.1580323116622
306.1352133436048,388.0080513799434,19.564778390915464,47.085215599488166
291.3097825274001,386.33913258436866,19.66413398084429,47.01646749727827
277.93655235817687,386.0437693705539,19.5519517411658,46.87278840732973
263.4386099447048,384.8353807317298,19.3318941852974,46.69641077775138
250.3263018023327,382.87897725582,19.546233675608065,46.500697221758344
236.57879190297646,381.08715759400036,19.69809856709397,46.41807677977271
222.86230784891814,379.236241171843,19.56553780558167,46.50639949225148
207.91927077618445,377.8015679791233,19.57964845007252,46.44166384644083
191.6365723045182,376.020418787272,19.36086570590497,46.25263471549515
177.6962285191951,375.5660638937672,19.220976799500423,45.8135051470359
161.52359324140525,373.8658842010967,19.496346842384796,45.50600930776749
144.18173208375003,373.18315669626793,19.332931706523354,44.96555001078444
130.8056452629952,371.3071006635804,19.2855524305526,44.82229159276106
113.81983984765826,371.5887454380807,19.390959953120994,44.4757226248152
100.40745159384898,369.7761319950312,19.662445139938765,44.081395372730526
94.82421160459299,367.84572272945735,19.4341115808531,43.73543442389777
89.39486668205001,368.1577793482506,19.257347629552335,43.41506264138947
85.65182915146116,367.1823866705764,19.240248862605043,43.21272604849557
81.42741150763707,366.11389587887004,19.73931608384695,42.76647093757245
77.37718892246843,365.4626314597861,19.525308129184232,42.306975849959024
79.5283822451639,364.8877017028258,19.300878637113605,41.64849338389927
87.0067059622728,364.5059453265436,19.13704736500518,41.21055960326045
94.6815894621293,363.9849753407166,19.154147430721892,40.883824342980866
112.91644876926796,362.3646944611012,18.814708357460166,40.152309686196034
128.410960665914,361.50825166149286,18.97255040889465,39.34384823951431
146.29467786235017,360.2684847418029,18.89536259805357,38.78270214725349
164.3452514918976,358.5335712323929,18.073146003021172,38.65901567730403
181.96449522225254,358.0285890382808,17.28728000227225,38.3057369625009
213.0812093387724,355.80920675736957,16.855594322943514,37.58020251309287
244.15481640967258,354.1740865353262,16.624807793447804,37.16335494448437
278.62032725880283,355.07929907784995,15.971053551242049,36.8494966318978
311.2525008062273,356.0697967277297,15.785243443697755,36.3775497940524
333.85965865242434,358.6017022561753,14.941121232748989,35.92434206968067
359.37692568380396,362.09650209518907,14.840882824286581,35.29899257475863
382.5671486177066,365.5181897951519,14.234332220153153,34.72095988723521
397.1457254802532,372.01841292657167,13.824393766056136,33.96190003796991
403.8336368121558,381.8150812518184,13.821251766313324,33.663233492456875
412.4675781162316,388.3628028200325,13.912736528767264,33.022090282786536
423.73980016687426,396.3201961661427,13.482954597892075,32.87899395921849
431.69808089590265,402.0017428976703,12.968637707706367,32.49843681208132
436.6786728891833,409.14766226008584,12.597129624465438,32.22686175912524
441.0433510190092,415.43650521625045,12.446432422430831,31.860830509881907
446.1961609651473,420.7731913770037,12.124462737674143,31.499874265035622
452.02681357992594,425.3415027971274,11.877250525695043,31.261505819319375
454.8716488660754,427.3626765677634,11.617824399196778,30.987873182832622
453.3841638108164,425.24507155336687,11.574293227976536,30.442359639848323
454.09582611943415,423.7308581075876,11.445676862694224,29.98769326968805
462.3403662271136,422.3577172151605,11.438858305050232,29.32170546225712
481.28538554465575,420.9206056626454,11.785536894086885,28.652418130275578
503.1136229192507,422.56103531898236,11.821246593139168,28.408797892308655
529.0618432292196,421.2423420423096,11.852601383357786,28.150028134619156
557.7401805495008,419.8847829861205,11.214646225217244,27.920718756762927
583.8072458419007,419.44552209802356,10.604441421667408,28.181412163816148
612.2110776519357,414.2009692958945,10.490060882651981,27.63398059766413
636.7789365955034,410.6679810996722,10.343501625887754,27.823431111202463
661.684759184364,405.66556758342807,10.599285037033745,27.97079812171806
681.7447481193972,398.70346010322106,10.698690406713581,26.53395198594074
692.3287392514803,394.51645249137766,10.88034803512538,26.270386338045412
699.8743563958437,388.6920801772408,11.075986610167917,25.4865099641219
702.3024894915941,381.97284670747774,11.12619167110871,24.880306798667583
704.1361574138795,373.8425868771599,11.166100699584922,24.75146793879549
703.6708572788643,366.041549414035,11.189398113169666,24.116921008355803
702.0244680965623,360.0757400266928,11.15279262767621,23.486356402913252
700.5039076330114,351.50375552643135,11.284085368742728,23.098651972039626
698.6260220381823,343.45736517836775,11.257240896779791,23.267123891311343
697.3815471882118,336.45149517073753,11.265592147013958,23.256395339677333
695.3386832591067,332.4808249146167,11.210969663427159,23.429390972768555
694.360345718712,330.4081201919775,11.042820220290823,23.45462982478525
691.526231690623,328.77504960240304,10.95486083750388,23.077376533719313
689.4867861063284,327.14125378565234,11.131515067616537,22.87174734202545
687.2451233273672,326.3176969749835,11.429473041310594,22.150063661116924
686.3142954208263,325.86193750680553,11.364981393454759,21.71249965069563
687.3887257766181,324.5530746098799,11.32309242259395,21.505720592251958
686.2480245865991,322.6332739333518,11.400835745014822,21.32506590282764
687.4893871059645,322.1196177030954,10.911785938217452,21.57649182769589
689.6537945776204,321.03137605904254,10.569169420198595,22.01991237166103
693.8035947275724,319.39780151067725,10.612968168146073,21.9706285155107
697.3322706779354,318.1364288096286,10.726499446131129,22.065658616094325
697.5628285935948,316.074125146321,10.653872384343721,21.87744550813917
696.079232803745,314.69529473038176,10.613808409844099,21.693860307302888
695.0189557321705,313.3036104845261,10.818804691664713,21.683344521670467
692.7093313412183,312.7183827584372,10.713672980405107,21.623052750947895
690.9655595033446,311.06452065281684,10.437087017480781,21.215185531524497
689.8460408840388,311.35728975175095,10.14114729686392,20.771195490394554
689.6731605529785,311.6902668622089,10,20.52880999506464
688.3641700744629,311.2565623423891,10,21.25843979886445
688.837833404541,310.71129322556794,10,21.350477208532105
688.074878692627,311.3634506973722,10,21.316174166779128
687.6011734008789,310.0585167182975,10,21.434930369557385
686.3578605651855,309.6670994459104,10,21.663237631616663
685.2154750823975,309.8094048073532,10,21.73095234818429
682.6605129241943,310.41368282254507,10,21.787502518972374
681.627534866333,309.9180379638504,10,21.621428344760105
679.3385314941406,310.200133424458,10,21.493226803427827
680.1551361083984,310.9140218456864,10,21.549763925814652
678.7138318067862,310.34024552005695,10.269643973097617,21.381612231370458
676.8018320491085,309.46052610477875,10.446277918384611,20.837855108557747
674.7502156171845,309.74149406952574,10.333854501714928,20.733251790147737
673.4026022638201,309.83336527159145,10.166711671090297,21.100950578643328
672.8757839202881,310.4523628081023,10,21.297655517828606
670.9566783905029,310.75779839745377,10,21.580895972426475
670.2834053039551,309.71559064671754,10,21.401704448752433
669.4406986236572,310.72978129274304,10,21.181901647912383
668.0164003332447,311.08829157281156,10.04748345216285,21.263873244757796
666.0224800109863,309.7626799331098,10,21.299602749747244
664.6885871887207,309.9127383241871,10,21.544049261049654
662.9089660644531,308.7835101075152,10,21.635196887020324
662.1147422790527,309.72635435758133,10,22.269123560227968
660.0873699188232,309.7601084613905,10,22.16362096784406
659.1895110489093,309.9481139146344,10.076994442708838,22.425015456863996
658.158241218933,310.13656233988166,10.087104903442615,22.012695327560934
657.0621479232111,310.89622991879037,10.222067221204757,21.854589112614594
655.9829200657531,311.5655543016489,10.392855852380448,21.398897805393617
656.1559701691702,311.580899919564,10.478945586952404,21.261982509504886
656.2935108208635,311.5062693638843,10.472724146847108,21.331470671645445
656.1888033720255,311.8234045819376,10.530459051847334,21.718753275089586
656.1206962854543,312.36319668814116,10.497376960341416,22.08853277117862
655.9711058967225,314.04634530762144,10.562190367199449,22.177969785147774
655.5211525045361,313.91132510677306,10.652015669638878,22.029003839188228
656.666843914352,314.73242322797194,10.510390235260973,21.638524210560032
657.2686259906674,314.6085185672359,10.666956392688624,21.578411168750947
657.0301359706453,315.3443525736312,10.805374421014097,22.12062865400705
656.9554093992451,315.3207805500215,10.869462268404364,22.67598192974218
656.9722918182928,315.99105934278566,10.824283856090172,23.32922164645987
657.4389027820965,316.36883938205267,11.04639640113901,23.522147896050967
656.4878125914101,317.73643895020746,10.887549255656337,23.926627714819443
657.356018048878,317.8051222000199,10.715637242087794,23.819435470565573
656.5464921153826,317.65493936180917,10.705111472359686,23.892849547865982
656.2694993880875,318.56721115827827,10.624026126168669,24.510314927095816
656.754971600599,319.47102699109746,10.589399144993358,24.77984695774654
657.2901668149204,320.382400951034,10.635646899944204,24.88087375711162
656.3876951783079,321.0410693568927,10.801582604809838,24.981528583577884
657.2475314790294,320.7762573687429,10.831765044870876,25.0234053674947
657.1262042497663,320.50167914161415,10.983332162088601,25.67049272995532
656.6346172052733,322.02697164162294,11.000373133398615,26.600811355425964
657.9039046586068,323.6645213238068,10.99551252116521,27.129895951019243
659.7301958884287,324.14243479572565,11.74208472460728,27.538220008158106
661.663684478934,324.4919987500697,11.84793926967101,28.427120053571528
666.1787598683791,324.68620616478745,12.152642616757513,29.30520760450719
670.6153345628784,326.52213747013315,12.120443239965923,29.87086330436266
677.2965309251613,326.58126220746993,12.110551430927387,29.91617278965001
684.2227691777204,329.0518855383272,12.254565404324891,30.145527019048693
689.2692245479616,330.21202007675345,12.824549866479188,29.79440467071184
691.9428388266244,331.1726566023784,13.114810628001159,29.344338284500907
694.8902756965406,332.25706732720664,13.047565977524354,28.42158769666092
697.1273374430309,335.3047899117966,12.784112955734946,27.859727122207552
696.6362449461185,337.06138992790295,12.55632175327074,27.94869231216287
697.6967646559742,337.8846089189276,12.559755905336601,28.57512725491826
698.1139592725062,339.3203236582078,12.492670139069455,29.252686118642938
698.7293939299171,341.1353295377455,12.463048993193029,29.744202985055864
699.9524438762675,341.021776840805,12.402943058012031,30.626124052765043
699.8466703590765,343.0068465614333,12.504199565050262,31.54876873016072
700.6503953044701,344.6485364871882,12.571195780219956,32.10085335619003
701.9365315885717,344.6866332525476,12.382132440532352,32.279374791291445
703.3373890283652,345.50344469561225,12.437969135652356,32.33204646082628
704.6724590648262,346.6609215891305,12.441573264390668,32.88530251265697
706.3080144593047,349.0514375872834,12.685652599945318,33.07612567992544
708.496983291052,349.3692938355242,12.906897065357068,33.02165097641254
713.0359243022459,351.805334669904,13.056142118164496,33.282503877965354
714.5082624196845,353.5891605273712,13.064674806627233,33.92454607172244
716.858515267176,354.1639758474622,13.160273542796446,34.27405330995836
720.2124324689921,356.1154670530173,13.388260672367291,34.63899234660209
722.7085263290703,357.09522750571415,13.498192398011636,34.97811646073967
725.0427732980924,358.83066352789444,13.452760593756686,35.65008957018766
727.3523980231033,360.3528566488656,13.729537755062825,35.959577534788316
730.1257917985521,361.6259980100907,14.018321493227809,36.13000013460368
732.4950158117126,363.16522662004905,14.006939506945757,36.846762336073716
734.8915558511324,364.5138970094691,14.287818778692236,37.07537065391341
737.5271141869345,366.66617725661695,14.575684956209226,37.407071145945814
739.784987893191,368.33061883298325,14.380036420649237,37.642793706103845
742.7179788106084,370.1017444340608,14.312684346556562,37.73396535551128
744.7219943880906,373.1736128343987,14.652324700381332,38.13142728530424
746.6441364377168,375.285325558624,14.405681592339821,38.17660230072073
748.618355405769,377.04028538098555,14.552061771469948,38.40511649388827
752.8494296897968,379.1389633732103,14.731293513472895,38.986057933755255
755.6875584758976,380.9627162000586,15.06413017955251,39.783613010039105
760.6842178613858,382.8680485877568,15.453959601935313,40.05856530007232
762.7143517658116,385.9054013573452,15.57601906359183,40.38275502456732
764.7174207862101,389.20967445316523,16.967265666349327,40.830567170329644
767.0246177892496,390.8915438470955,17.38189387706702,41.419739759422335
768.0314059409122,393.88284292414835,18.109917610363084,41.596809574066626
770.5865097520693,397.82587736403195,18.62093343775586,41.86341250826423
772.0695763813824,399.3194161794894,19.161887886649318,41.96369144473211
777.34430749604,402.20271449378134,19.955946775498177,41.492398160874764
784.0362159370505,404.50339664016167,20.16363685148495,41.575634698192296
790.127018075979,408.73171657900537,20.97643259804193,42.44606696405954
795.3622132441084,412.8017466841566,20.992446680728637,42.81438382895238
800.4092356099463,414.8020336413698,21.823557588701114,42.7335944604244
804.2006408147403,418.2416000283748,22.62618419083204,43.00909425477376
808.7429495901064,421.18717165129146,22.414094716271585,43.96539363589361
812.7339593843424,426.0795043644898,22.060645684440154,44.23639227199692
816.3080883425182,428.1783909729596,22.071552196799573,44.99160672595582
819.5112283066222,430.27240881231074,22.378361257849207,45.21792346424566
823.3013623332104,434.0372164393286,22.59505975740745,46.40278574927256
826.7249007419201,436.9937188793031,22.447995147019185,47.374241318542204
830.7987768849349,440.5371828749528,22.719188173489655,47.7378290743132
833.0459672958665,444.50993373191596,22.633422463931183,48.134078459019584
836.0425361958215,446.52122358100416,23.39644921480235,49.32901279892912
838.4859306983421,451.9099266802749,22.913056816206364,50.61490005741895
840.7721608682814,453.768755024662,22.933858195077782,51.287944662589965
843.1893026488842,456.0419778990821,22.43346745613769,51.43855091570302
846.9768294433366,461.2264168403321,22.29284685063159,51.95974871679677
849.8740104394085,465.17603281752525,21.213160761808023,52.014862465535465
852.7217765677261,469.2265864021034,20.440205409469637,52.434385179191565
859.4333352583908,474.04472632020673,21.542036148257385,53.50162707150056
863.2092903892867,478.03873640271496,21.96209549095793,54.11262118871075
867.1314416362981,481.93645791882,21.813227567247623,54.35906353247714
872.5111481737329,485.7053597292471,23.068096718940637,55.151322777833855
877.2556431884794,487.6340830802452,23.854909301752013,55.76650180825957
880.9058242244848,492.324498258228,24.106305042241313,56.49121649623929
888.4214139030636,495.516256714263,24.621802320826045,57.54463500897401
896.2414493299395,499.19629679828245,25.228817038363125,58.52081277550545
902.6549253645177,503.7079060695066,27.002878152800598,59.97012841274467
910.6381163045079,509.2071334621134,27.841580501335752,61.0396667915935
918.6640742864573,514.0515599561281,28.659278184897893,62.110381064306324
927.3490302537746,515.440864210022,29.544050698505487,63.82490610144028
933.7608120250219,516.7006410749979,30.723798313237552,65.29479328945744
941.1726312976692,519.1344894758882,33.03166001208339,66.21335137048922
948.0961476193306,520.5676829916641,35.798396900010516,67.3176369463593
955.6374466096336,522.1213283838736,38.27570492526418,69.11764901838569
962.3496258460561,523.011234990956,40.03327699441111,70.26293040871292
969.3537923299832,523.061057404517,42.67878313788522,71.97593816948154
972.1026151440226,521.4323740905699,44.183121152384516,73.51566868897757
973.8233077694748,518.7197169049902,45.82840582335507,73.52118325544942
969.2157445331018,518.2656398437487,48.91606037227313,70.40782248535413
968.0808181767529,513.2115653383262,49.799774168955004,66.11510784873838
965.7137693271102,511.6223902569764,52.206509807693756,61.01414587764875
966.9570684302985,517.7621113850539,53.86958506323111,59.58441980801709
970.5571628571128,516.2727352264127,55.38854293811818,56.216568731744935
974.1203842634036,514.1262671552308,56.87097158549744,52.62763841903062
976.9978528194428,512.1527499056998,60.329108203888026,49.73984930969406
986.2704280218745,506.021085360245,62.60565884882911,48.839665217009966
991.3157017845094,500.68000775436207,67.02509057160604,46.05592382233057
1010.413769681128,494.60793781595373,68.20273407524405,45.063344949147194
1024.3157581003388,491.9835842115522,70.958754795416,45.081262973379886
1045.4224740721538,485.9259492082104,72.5985943361613,46.64416481600108
1064.9261726161164,482.1224464425381,71.95679783417354,48.25104827703318
1082.535859743321,475.94650800124725,71.66408983952981,48.260899402778875
1100.8503528753238,472.05566540987144,71.82669903450875,53.40011327205396
1111.8747211606265,468.2792128608979,72.42917706351271,58.68858355554789
1126.9597111075227,459.08694758819206,71.32303994315775,61.589166347053435
1139.8791677951313,452.53310723429917,70.34795713434703,63.609429452300105
1145.3910551289594,450.5264339110878,70.29046054286246,66.27225119637914
1155.956258618754,448.1661038411693,68.93812973514818,68.44124507645047
1163.513796935207,444.0968148545142,67.17772839521103,69.12038091108882
1170.5123038624488,440.3805709040161,66.40041058564951,69.54905411481934
1176.798657802655,436.8828476169786,65.52713507828383,70.58646235881622
1183.4217893202203,435.7124087040596,63.5387455783094,71.19867197176355
1186.3658135592902,432.18919085737184,62.106873857982066,70.94331933506106
1189.9808622483706,429.53668875471203,60.544653677086956,70.4294758841306
1191.104000100804,427.32363496108826,59.471076946829605,70.5082934323157
