657.0,257.0,10,9
655.6768684387207,256.3442096710205,10,10
656.3105850219727,256.498489183216,10,10.019295132103139
655.803295135498,256.476047710638,10,10.006084052600952
655.1183185577393,257.25143814086914,10,10
654.6197084220483,257.1961212158203,10.187897914203996,10
655.2436398955996,258.0611934661865,10.1617528015742,10
656.7162094291864,258.5814838409424,10.136943782007963,10
656.4737758636475,258.06161880493164,10,10
656.1191501617432,258.5624542236328,10,10
655.4486999511719,259.88500595092773,10,10
655.569034576416,260.53467559814453,10,10
655.8828163146973,260.5073490142822,10,10
655.9338302612305,260.81038093566895,10,10
656.2915630340576,261.3141689300537,10,10
656.9194602966309,261.8134937286377,10,10
658.671573638916,262.58611488342285,10,10
658.7862434387207,263.00047492980957,10,10
659.3060493469238,262.62697982788086,10,10
658.8071842193604,263.2591495513916,10,10
659.5212688446045,263.42945614276505,10,10.219460669792124
659.0207366943359,263.5894222630135,10,10.50337974765468
658.8766357201044,264.6208118235571,10.010007520972659,10.705703013041974
659.5554752349854,264.91611007333273,10,10.933099677553287
657.7906494140625,264.8488940589109,10,10.99810421616258
656.9710775098803,264.87738831367255,10.364291055678859,11.083358138279891
656.1530025063402,265.0393938209811,10.454859245132244,10.92859379724683
655.7127202994345,264.1458773101318,10.197041700935596,10.854001147558657
654.2892017364502,263.48005552210475,10,10.41266498728462
651.9336280822754,263.51852240496606,10,10.000816060429235
648.6392040252686,262.47620582580566,10,10
646.3219623565674,261.8463497161865,10,10
641.6799278259277,260.91510383069874,10,10.085216685526348
638.4916801452637,258.9331779031407,10,10.225132078240158
634.4965927465607,258.2818526158176,10.368421104779008,10.374569151909686
631.1966042049637,257.34694999467894,10.126994226791345,10.467209934958527
627.24764130952,256.6556799895724,10.172270328958176,10.679240606792744
623.8716677273245,256.13107737531885,10.510685236268964,10.728178806491222
621.2653071607532,255.63061015321853,10.854212338649862,10.669119506795395
618.713130150601,253.99792219343013,11.017175367743203,11.182149387553832
615.6605455171422,251.8504919532692,11.132720611223464,11.425553416459662
613.4330120516619,251.59000662170064,11.186939153512267,11.858431275641697
612.355977867823,250.083267404457,11.361290266551299,12.168498607834051
611.3269756578836,250.1970939679832,11.468946786039412,12.43255995832071
611.3019356547834,250.24086517476823,11.476321256351213,12.341847531322898
609.942874555424,250.56316936798524,11.612782230704612,12.58784888609981
609.3757894044683,250.72601123661647,11.53390931972563,12.647361834628384
608.5335658022225,251.55291521170565,11.825278673875381,12.544869192067193
608.5659602872217,251.5501121929994,11.970423938495895,12.679671396471917
607.8259102120222,252.24210851446276,12.173168894803224,12.680337567021743
607.4385017676649,251.85817114299815,12.404719487131127,12.756836577529098
606.6231150185969,252.08995208520716,12.597184269446831,12.786305241206755
606.3140099953683,252.17409883900115,12.743687925523004,12.920124312964475
606.6595435524616,251.8155059205637,12.693592948787673,13.117847564390157
606.0072218334118,251.63616997970703,12.582575528733072,13.37405667754881
605.230453606366,250.91256904804283,12.578162916662505,13.82067870689288
604.481058407616,251.09268889021405,12.561938665724998,14.055615719327733
605.5231363361556,251.4009257698993,12.17262228618475,14.295758933834222
605.6930633504713,252.00934610975565,12.160855110580806,14.582404887422282
606.5606313121942,252.93472530199364,11.847292826051087,14.46869942042676
605.9471270056032,253.82263129001373,12.539049821801392,14.30481447685731
604.892108498953,254.86889819990125,12.79888999672298,13.85215034702364
604.0558997152889,255.35307189217178,13.237340736658574,13.805155348957236
602.9114285694283,255.11715170612942,13.790271523252736,13.792124810397397
602.0703506178402,252.68580856484562,13.937183438391893,13.902075955025579
600.7866470269819,251.44701278101869,13.968293775626158,13.670965435277076
599.6522154870273,249.4667519089611,14.17646120734187,13.79886846601335
598.802424017503,247.65373216846868,14.531138293119081,13.821148181373177
598.0420640921632,245.84741427707243,15.043999867431403,13.979800657280924
598.721918973883,243.7436353794463,14.922601871569968,14.089221550677724
599.2263281244244,242.3547878315651,15.0964770519325,14.316982259233114
598.8535778650903,241.27048936523656,15.113664124555719,14.564310728755382
599.5194634062356,242.03771980621738,15.215444830595251,14.776527245475386
598.8083149656952,242.07311902357498,15.501385357916115,15.25069646212739
599.7771526285738,242.46117659834817,15.56366425579185,15.742739271565348
599.9346828237664,242.9458875152232,15.886512800953618,16.01511583869421
600.6905192967104,243.46995746465035,16.234230113854576,16.239978564351674
601.6073925203634,243.00491438566442,16.43131404984938,16.697683130526627
602.9239095379677,243.98283290979856,16.077782883293168,16.963045117902887
604.0993438498557,244.8252403093554,15.943421217524905,17.360635409121222
603.8469055552879,243.970098797676,15.940561600605946,17.22803818345659
602.5691803101865,244.8814282946835,16.476282476550708,17.218863381336106
597.4804764799086,245.7767274209948,19.07047251625715,16.821560416799436
602.7485411483293,246.92671358861944,18.50850242013823,17.197247261237692
604.4354533067865,247.8748688554372,17.930011965528692,17.581965475160757
605.7649206723084,248.85162671685734,17.72400387022679,17.889390304078276
606.9306588221738,249.3438670965294,17.616648664246213,18.22025530889433
607.8381440134169,248.50778927436218,17.63339672658409,18.3014990879944
608.7068594771447,248.30259854416778,17.84397147539822,18.258137567426164
609.4104478678786,248.51977227370722,18.171062882406865,18.088606392526973
610.454533013517,247.76446130818707,18.53747480548547,18.378906668293833
611.5113423275941,248.26558644864488,18.465924658776675,18.881745193530563
611.6881140875404,246.91952680028038,18.799720921598823,19.2270245854744
613.0237280675993,245.6360161935678,18.728644023492784,19.40551125300112
612.5288803743589,246.68278081664872,19.333665337707917,19.69806751709319
613.7497627004478,245.47222466433033,19.456163075666844,20.065850353956527
612.3337841713859,246.0205399548454,19.91673646679861,21.398655502906863
613.477259617346,245.07608423047563,20.083993948901657,22.909416011704977
612.5089157485154,243.83354689317898,20.3088210298246,23.50288912379831
611.0520746352643,242.77688556193036,20.907371115213717,23.40313805582681
609.1060177038211,243.0508595211746,21.9335715869868,23.46448121399845
609.310400002309,243.03430617652313,22.79269029079203,23.883955701152974
608.1131157167454,243.18511533217816,23.799044750591257,23.959679613964006
606.2788889241745,242.39377899976637,24.442931685342444,24.030915816385217
606.6963223724674,244.5548131471673,26.044138091979228,24.764519213477886
603.4300151629549,244.18829474846308,27.478714791277767,24.94986466567151
599.9432127293497,243.30666700677105,27.35524324247229,24.72082583753214
597.5262521163569,243.98057020201136,27.092057534864377,25.34623264285227
597.473984713622,244.99279290051405,26.418409356935715,26.073679335690645
595.9416330975522,246.2161640916678,25.679401651575304,26.998511355238623
594.6569976806354,246.78952963092107,25.276290893611915,27.805103640989884
592.8397029870453,247.3648309528507,25.19782943850721,28.882520711486098
591.1265842220367,248.65237563006207,25.359380384051615,29.5044146944657
589.6993394334602,250.14071698826467,25.320986660423326,30.031424605013605
588.4578755401042,251.62733046487003,25.574803729362053,30.440155659615403
587.5398844626438,253.81728015851215,25.277530879399844,30.82465293981165
585.9615745924525,256.7145484095011,25.187477035798217,31.65642106429855
584.5614019768503,259.97152326660677,24.97601196426809,32.88301090086845
581.5573417711015,260.8110735069008,25.369523611117337,32.847167561393654
580.5344022166585,264.4139303960912,26.17536670926119,32.77065757939965
579.4503691394992,267.9119675710342,27.06077905498583,32.71953714797063
578.2888450959899,272.2757305938112,28.69580071378181,32.98673156140108
577.1979764706057,276.4350462911754,29.481969116894184,32.91823749577418
575.9111007440539,280.8884950047872,30.27510380974373,32.51233188983967
574.0562894812005,286.13364952379266,31.4234546679701,32.251103052024085
574.100640960818,287.95051726321327,31.52217541478974,31.56396181146407
573.3210804501875,289.9173973843557,31.552861682632717,31.374342194179263
573.5844590376249,290.45255196419697,32.52553993256275,30.997583144359933
575.3876915859453,290.37096717355354,33.47574597850016,30.536431741760097
576.523927797433,288.4406397099301,34.72236230064179,30.61667590240542
577.1303653916707,286.8876964348321,36.41448589146339,30.872754713343678
577.7934985565856,284.73407255735185,37.59595576768808,31.216272609905705
578.1758325790559,282.6622785256849,38.18529162899773,33.05474592714581
580.1288931147286,277.21129114829307,38.50004152933189,34.18061289384359
581.9586204043391,272.7805423663036,38.19796304874373,35.1753654627053
584.6163587177675,271.2223360817906,37.63910873634003,37.20001167430943
584.0514582153742,268.88584796518955,37.38284711905639,38.85855309305843
583.9634197583407,266.8594463083537,36.95569832511538,40.48609395555823
584.5651944823885,264.97910432869804,36.40556074225434,41.51907100568981
585.6231992616341,263.19221363812494,36.44265787321625,42.67241171300789
585.3317414553733,260.20327934009657,36.693526976948675,42.91686661277559
585.9616542699965,259.80852099393945,36.663010429733404,43.37256677676952
586.1594931277413,259.9723640743325,36.93601862733007,44.000004517350646
585.91854858216,260.55489307890076,36.798019412828424,44.45253073672977
585.4560689515939,260.6158060011351,36.79612930872632,44.532105649096955
584.621463463201,262.25800239189186,36.48278108141041,44.35107590469283
584.0692987440219,263.689252363397,36.32455253637023,44.0929003025029
583.5823996211931,264.72108034188847,36.16511103593412,43.24147884259021
582.8690392245145,268.430575623319,36.12653031561955,42.89809557953392
583.4601045473665,269.84604904405165,36.49472315624348,42.8828073074045
581.7472298118103,271.45160661447176,36.601914888098285,42.92219570660333
581.7492719724592,272.3930466777079,36.38493994180055,43.53893411040447
582.7946903528405,273.146038549411,35.81369546619417,44.906424488092064
582.9482548060969,273.0960463716141,35.84470132530616,46.201339873959384
583.4702429235844,272.8109180281341,36.22998534423756,46.645040164434924
583.362394889633,271.74189972338985,36.27015956155429,46.670573722165656
583.7691245349621,271.80571795214473,36.0437516624978,47.24574183008558
