799.0,490.0,19,45
809.0066139638049,491.16065574431013,19.417726051882482,46.259392246731295
820.8455782211014,491.15131095493615,19.722677175961238,47.3569239885652
832.3103844706434,488.7673606936841,20.31221445715063,48.309577929038056
844.8150646398312,486.59548057512905,20.929257927368788,48.734255524546555
855.641896621829,485.4842612967568,21.510426727045058,50.12681432054888
865.4856154949861,483.0158060809744,22.500311368426367,50.48918556754335
875.8927497419346,483.8436113562358,24.95688638038851,50.99344135002849
882.2114779127096,486.5814258341184,27.451327011494865,50.24820485031781
893.3118713548943,491.0011077738104,29.037069668141186,49.136776761949484
902.2703714858349,498.6202845260503,30.431226632822362,49.171692910790014
913.0675163852477,502.4244144442254,31.308158757824916,47.13295211740855
921.8869493903705,508.8204565227197,32.716381370626195,45.769823038544935
933.1145779635514,513.3614544849006,32.41526851137388,44.245871547777
944.822700730722,518.3223139460611,31.54466201511861,42.81672159518256
956.9284243376522,521.9159627723187,31.336327594226717,41.944548454386094
964.0567319325377,525.5858408778959,33.2069096700808,41.51580298541917
977.7701918381472,528.4202959679754,34.85758080124476,40.740310163658485
986.6920873097552,531.4780605725105,35.760112489864724,39.47719794677585
993.6829728127052,532.9298973335978,35.74086589802717,38.710105845499704
994.8367900896242,536.0451854701342,38.09096144672833,38.37673111051285
1000.4298082474199,537.4829059083,39.36107137137104,38.62798395976704
1004.3471565593998,537.6582727669432,40.737892081395714,39.38351244951197
1008.1545375423805,539.7346247580282,42.56175926582493,40.70227453179521
1016.0775362199029,543.3797427013076,44.08331562171763,43.56741889425979
1022.2022596282601,545.0728479569508,45.75334817512042,46.29744983805147
1028.6104675155968,546.4849229182712,46.980725125056125,48.690752918340465
1034.6065905397445,548.5006560806537,47.761184154885875,50.200973605294095
1038.9364678074676,549.3127835416104,48.57568804229132,51.34173333181813
1045.5186216457796,551.4215543767114,47.70770604926116,52.85574378563982
1045.3824636667466,552.7420250142217,47.1426654399443,53.04333949792375
1044.871346936407,554.2106016267832,47.008450536365864,53.419021966160344
1046.4070326730098,555.183809917807,45.926733604175965,54.562815345050055
1049.1673121806996,556.0920531350986,43.961930204030686,54.877432426091886
1047.433243588101,558.9341601826484,43.08704981110257,56.15394220794545
1049.087497646949,558.4870313730204,42.1473924014146,56.29450720024819
1050.6623933615415,561.4119210580001,41.73092311578412,57.02653019845293
1052.9940571013465,565.4401315751347,41.23228374652571,58.36218374914465
1057.3809477663626,566.7751237774766,40.13129294383704,58.89768945676575
1060.0782899784306,569.7749773781468,39.90231896892,59.55525459429247
1064.5336166341303,573.6730321412437,39.81756287431759,60.39615373509076
1068.3299815937394,578.4117344572371,40.81669086525541,61.2864706607211
1070.1146537337818,580.4456200884973,40.56555337228008,60.629298153083425
1073.5149463594485,585.7548149368271,41.779494488134446,60.739973397830234
1076.8053064127635,593.3417667707399,43.71792416177789,62.23995889016088
1077.8052064007918,598.492686589322,44.33608988396315,62.52593358405119
1075.8526530611323,604.4954342485091,45.19357388261811,62.32483584868482
1076.6435625325016,612.6563326440626,46.16047625335594,63.39352672847647
1074.9763489042487,619.7224076968229,48.139419501072936,62.73684049014343
1072.8860857573432,628.3553235854428,50.11077831441507,62.19702189649732
1072.21202041379,639.2626873768631,51.12751862066207,62.264343874203384
1070.1131766179722,645.2653534679237,51.29755728651684,62.39974350360572
1068.3848995710987,651.7243542591721,53.10393437831028,62.918799416226115
1063.0328683172306,657.5622271147495,53.06599249151536,62.069042474602526
1056.183346012291,660.715811926558,53.60594896662927,60.95930632266531
1052.2138010847832,657.1960781417839,55.99231970543346,60.26551278381504
1046.3816788355593,652.0723855605756,56.05840441384247,59.51402709662218
1039.4015808184076,643.2894142508673,56.866302474512636,58.14134056564834
1024.7807211462907,626.8055712709476,59.38869198476248,56.43692264365173
1014.3898554568939,592.3254821812421,59.90324196707159,54.93932189239851
1001.6465917816969,543.281713924541,59.34823489363754,54.26579578373051
990.2407261484608,500.46762552396,57.18573825483614,55.511556813408134
974.1698549863801,458.62670986702784,55.90302684364612,58.819456242506774
956.7690818668,426.5919071874146,54.28803865897826,63.26883760270981
944.3808122659118,412.1680766745246,56.95480613223884,69.51930014216165
953.8581956803399,404.8841667108333,53.605141842445065,71.49518586544274
956.8022372320437,400.4701198896274,51.63696535524851,73.06243050883113
956.7580666436991,401.6230332040137,53.76792432978934,73.68360583318355
978.3383652498567,408.43858070051033,49.38412155106792,71.2115074222215
990.5844742347813,420.01628261388953,47.98846119840628,66.84095466968192
997.270209686405,437.35680570344107,50.13925286840086,63.066402631203786
985.5099119278924,457.3142581758118,50.72918432292611,59.898934209899885
961.1499713006275,476.86429234335765,51.80963076300276,59.12915762285504
945.399576311917,498.0579515988469,47.57458089667378,62.62575024468899
913.0823776069689,522.651360261327,48.25504459074969,64.14120342754131
883.7918354196935,550.7484628819976,50.80396343795684,63.253272600262534
857.7546819753828,578.7293955576577,53.31316107364835,59.49712624308322
819.0497132157082,611.5162152464486,55.07785017991182,68.5066167483136
797.9554971677172,606.1594774555992,52.7737590825343,71.74153092864528
773.7307824960445,597.7916127037464,52.19982721982492,72.14252837668693
754.8084108845932,587.0964318568628,50.53480481772765,70.62281011439944
735.8362131153449,576.7341876496017,51.05042838356812,69.09955682970288
716.3822328131114,565.1155499914661,51.305679027097426,68.39266405515373
697.5671288352349,556.5770688723126,52.49011671917854,69.33882795361706
679.359774583558,548.0086428728578,51.30039407018876,71.54397829237037
659.3314052421681,542.163422590962,50.90754779203099,76.63328360225563
639.6097647871585,540.2429312231016,51.68437057216747,78.16724424325011
624.9556066412421,534.3831919186277,54.95592844114867,79.7901041998538
610.3779340824882,525.5963441336428,57.68755224517977,80.43298311943319
595.3850099893812,512.171717154979,60.57896378588614,81.35241224765916
578.02733280113,505.3001682643092,62.94316764969311,81.82326271454568
561.4423277278064,500.69988709028274,65.44975616548092,81.5364593399423
542.3343621648023,495.4347653300156,68.00458499656733,81.64791013586728
526.8213091241048,493.08785680297564,71.617269447103,80.39269154541596
506.321122281883,484.14494141472926,72.85281158857778,79.32139951917429
488.5907231874557,478.61597973782114,74.41920059774483,79.33592687689682
472.5848307024029,475.6664895007513,75.16969406394428,79.7315809350208
450.405260117131,470.27603852180675,75.35210793956618,80.0250256175193
431.99840873176095,464.42445023127755,74.60492814194689,80.78197417123403
413.07716412479544,459.0704249713674,72.4375296605653,82.72519314808548
392.27093909905784,452.7158136095361,67.40099289563435,85.35125547135752
379.6864775264414,449.9428725780477,63.06506374594523,88.07752693863117
366.3873636683141,443.53321833657157,59.401267536418715,89.97285470869278
356.82131800412384,440.9127255002779,55.877169899955454,90.44076909221774
347.65620384629557,440.5342658817085,52.958069602330774,92.2342483879502
338.83597137406065,439.07268387766317,50.77947326750368,94.19925199565029
336.50870921023676,434.3853941554044,49.860358679135885,94.95963466282399
333.74436545352364,436.3600403718318,49.59540605584329,96.42507611668799
330.3628637254392,435.03445919538285,49.13199959990285,97.28867133091403
329.0118257816893,432.4791356534782,48.824737108496386,96.69631548503583
328.25987216261046,434.3098401069106,48.35595757907597,96.71331233988971
328.9824830717562,434.52298240291236,47.384917889690826,96.25943985726117
331.4388367074789,438.5298619025514,46.34296867488597,96.32701020368633
334.19605775980267,440.4875043113185,44.971623494066556,95.9272893509958
338.7112076970807,446.54042129670563,45.233102183963695,95.96076812436216
343.2847232633151,451.9040534319357,45.38486865891677,95.88993695937077
349.05464570849165,457.18036912297003,46.02458919825108,94.30919888784902
356.03809223159976,467.7061842523742,46.68260459930053,94.59683254505622
364.6788035638761,471.09606888738523,47.27410673943528,94.75203031604988
376.10405193390903,477.21707421442704,47.142054823588175,93.74628675180998
391.70385401267424,483.53546906671795,47.009070539104655,92.95339963511873
407.3934944628376,489.0515384321427,47.06512289073104,92.60976798434737
429.84035688729824,494.83556340501787,46.510265229309724,92.94451955226896
448.5149411974046,496.24106083120927,45.76934245870645,91.68931083269862
474.3734011200069,499.7252572828154,45.93892774045493,90.84689449198645
502.4239507002333,506.13030874849346,46.94854635343963,89.87282061336464
528.360153474253,510.0162126413291,47.81109563938459,89.20312464409963
558.2629303121453,510.1307476251185,50.559893770240755,87.18645702027081
588.8121570208538,514.377586818671,53.72495963993315,85.92755036168131
628.0443606741761,514.696833434791,56.2130364641478,82.9423469243633
667.3114501315762,515.7520056375384,59.338891729035105,81.26376521418092
704.4926494102314,516.492906539035,61.510245613130934,78.68296438775039
744.099490186353,515.6064413471022,65.18364902182516,76.3059619102877
782.744812749792,516.3971129393675,67.00408787932228,74.39237385271028
822.770493550114,518.5924068839829,68.04656783141274,72.98698493808885
861.8355190094536,515.2205165117983,67.15693439320219,73.56487212777054
893.5022804281521,509.9557516115963,67.03605804018014,72.78861579536199
920.6312829832777,510.3483683612728,65.8242565432102,75.74590548936851
931.0138266933325,497.90681233570433,64.96291668169442,76.57481832175542
934.4211437407007,479.51988434386783,61.18420177641106,77.63938475464721
926.4190642433712,459.07078460199887,57.40054949177324,77.87603943858043
913.0517620252848,434.6217121434519,53.70319286837566,77.2979880666119
893.6533231084267,400.18649171991154,49.83129323627165,70.40346004162224
862.023342707329,378.0476534587395,52.921942515029585,68.00559945459135
834.9446200935937,352.31093042775285,55.552974778632844,62.3092914882443
818.5570271319104,341.5086226062647,56.826100765476,56.70010097887692
808.3645991776448,335.0290190727554,55.42045984783549,57.24393329003617
803.553491339078,334.7929754579363,53.48728612067201,57.36143677943998
813.3833332587348,343.0859814372143,49.51481236436644,53.29616151521991
812.5979920512625,350.2206346469382,52.119048856459415,46.287749871162646
809.5379896243767,363.32539588931587,53.02408788991856,41.329860076836965
808.4385315426609,380.0579559811757,51.328655908818675,43.977883814015755
805.4021726032043,394.56107215782475,47.56278125843509,48.40333786208492
806.539788066457,398.6503649665433,43.486952187398494,49.29538517921815
806.8525504718476,397.97652999190433,42.02054602896096,49.48170869294917
811.7535423880832,394.3997681276011,39.40873248457573,51.572976562180614
814.4355066256713,388.89499846346274,37.01590386291522,52.73295229182449
819.2993442068491,384.9104564449286,34.76711053649716,53.51764912186148
815.2826650976696,383.25274826553454,37.693001103488974,52.33184477752464
815.4461376389444,386.8300464631081,40.729444082462706,52.400988006401015
815.6685375956588,393.5170814711143,43.7911596719636,51.80499416226356
816.33401909926,400.39011411677234,45.57463758272997,50.337767982275636
815.5181460197412,409.5961738984513,47.08275703278334,50.32014915133961
816.2458206494607,417.06671475769593,48.454800351469196,49.59624577757684
815.601629816292,425.0609375412508,49.995592906478585,47.80788871144379
812.7642872627822,433.2337069912279,51.82553619220905,46.6397484931301
809.2266686366194,436.3908332697654,53.18522779023793,45.13201449074268
811.978291393966,434.96746115287056,51.713217016755515,44.78765765031354
808.7673608803211,433.77544818307194,52.133765788185976,43.643027584051474
807.9892723476884,431.27890533820806,51.86206199407649,42.08853636948234
808.8617851902067,428.0222109543323,49.61573931196955,42.24801278371815
809.2010627131731,424.3988770320483,47.55978863615389,43.480779871450245
811.2170427741745,419.04830583322297,44.15594130711973,43.7050851108978
815.7955279147322,415.453766214644,39.058297197879185,44.77188041250887
816.0036203396533,410.45698972270816,36.1076122259669,45.62354191688841
815.1200520016746,405.89469218221933,35.12751074274466,45.87147378985817
816.7293814467056,404.51311917280134,34.31859611537784,46.29181585361604
815.6855323050165,401.68100609667425,33.68487411067017,46.42352552637808
814.702962119253,400.28674994896573,33.207646928486156,46.436769267107536
814.4028080446171,397.3814557693446,32.886995605101575,46.232892294318596
814.4868458812792,394.35428378738317,32.65187281263673,46.02235893890551
818.984794529398,390.86065745723454,30.598373587688567,44.99258279060906
822.520707589607,388.04054955141754,27.223507916489023,44.532853533883674
819.8480636986045,385.7232666525962,26.67440177759574,44.24302663133103
822.7550340712439,384.69451600909537,25.317736422941923,43.93746029137962
822.1452659660793,382.0951126777772,25.33356779928688,43.88881517178931
820.5879353542291,381.52450772249773,26.156587787635512,43.45447881769989
823.1091386444139,381.3959504003378,25.637878106680155,43.39329512217586
826.1442072468194,379.9751562276092,24.808951839369048,43.116185347515916
826.2820289601616,379.84975573892956,24.592207338465954,43.04557519206279
825.4923417335723,380.8010165275521,24.81840186000383,42.84956606598951
827.4496493209118,379.7212289238072,24.47393133864511,42.446809120159
826.8118710220583,381.01644829415255,24.42426210627393,41.97517531110891
827.3277695800215,381.8402748257218,23.914727563589878,41.382636994064214
828.8210660754547,382.4928424337601,23.337237966278014,40.97893000064387
829.7163726861365,383.9222937802578,23.439324940226832,40.63520980276566
830.8020071845287,385.85773888051614,23.266469029380097,40.506385031936425
831.7419687874509,388.6512719455156,23.20383708330141,40.285728203695406
835.0989708403706,391.8704200325104,22.948405365157186,39.9431046371276
838.185159414339,395.15806313038155,22.798245014095496,39.80315169333851
843.92157945542,399.5352920565742,21.34629421416005,39.234667962046956
847.534653476935,403.8435692568374,20.534857169665266,38.69391922558304
854.0747245645814,409.90120841297846,19.60040591234116,37.83160111837903
859.7098703290317,415.9752720531211,18.33978845570611,36.528597129109365
865.4667297006258,422.8650438859154,17.04974067199058,34.89711712318878
870.8822943407462,432.435741637998,16.316717776027275,33.55147509802749
874.8300719379095,440.23819346497913,16.219426131505394,32.48020944455343
879.6235482496219,450.21473778181996,16.246044675072575,31.77096388948511
882.9994541822763,459.43534087048636,16.64047304413876,31.599380514886708
887.4790147718408,472.13168537918443,16.6575405246778,31.576076263115546
890.9831725952978,482.40660858884087,16.949967980791072,32.12881468266988
893.5662133340326,489.799219360648,17.217762540919317,33.17399932802043
894.7227763359713,497.2501174335719,17.5437280287411,36.85688183207492
895.6164013239295,495.4732702511381,17.3662955577075,38.07215151432537
899.6124822972827,482.9172516987595,20.270083928383933,38.31790138763719
900.6877015816669,459.94632828355464,24.057915928462947,38.13108610867204
900.9318015541157,431.8061001623232,27.366316325362362,35.868367607482476
901.0076031685837,430.6848632588662,27.377158164785666,35.86338200277542
908.7605144741597,417.0269718197499,28.97874216984475,34.170696253078276
899.1815368807462,415.0554947477341,30.12513119456228,32.72637470130921
906.5870107726025,409.34333563637836,33.405003723349566,31.894947989938586
920.024774961451,378.0190046134626,37.605311527293296,28.36633342444196
934.6339832391764,350.49628890593704,39.74488142203793,28.027075508438422
947.916446773678,356.6684521615529,38.4613569409253,27.69510861634728
970.1015230670888,341.79132048619607,36.97622937851773,26.70658937428754
968.6317110717495,345.9574218722307,35.31953226323937,28.166546636397946
993.504187415805,323.1997962843561,33.238977768487814,28.966725180311144
1001.0897140254422,310.15412746864257,33.30576329433056,29.066706915742195
1009.7492189527012,322.5433081113949,32.22894093981238,28.038711841175136
1006.133198341549,312.6723709415087,33.41384776270272,27.704353270791163
1009.8385239971872,317.94921527257225,35.39203617310612,27.42074517507034
1006.5592858570055,317.3703189406805,36.64935736313735,27.191040890611664
1005.8774002306158,316.4795530972289,38.422705031932594,26.756271613159367
996.2883590183269,301.6726648948554,36.45676737594397,27.387412519859467
983.9328816954597,296.13934253446735,36.67132309589687,27.228158497959896
978.6335321588824,289.5813936945538,36.2264430674891,28.60147957866577
972.1153390457146,294.6228279284704,36.69439362487938,28.591014064934264
973.3528857597695,293.69961488871644,36.70443813622265,28.72541927041873
967.2873815987257,290.9075521373518,36.958523850888525,29.101117343948737
970.9739043707078,296.06765865027114,36.72859048954148,29.601705099360004
976.1517878533565,298.86316662312794,37.17345218635338,28.89142645833399
981.6011020297115,300.00229946581976,37.46113364809653,28.34523169580184
983.610034260264,297.1638563228707,36.53735488035099,28.317093262461707
985.4865941948303,287.1751625235986,36.65479470360104,28.00851589518562
994.9211136643949,280.8540933795045,35.50717605255794,27.691685067162854
