748.0,136.0,42,29
744.0065596906516,135.09607647512672,40.50216992533751,31.34320166400439
745.1216427631936,133.62839217549413,38.74401916111296,33.49493989217579
745.995977704845,133.51961900616462,37.88531814988021,35.97444912145983
746.5347329387503,131.48984151191127,36.69152045062445,37.04134358750562
744.7216637695597,130.78451170072464,36.390092260685456,37.69887515812101
743.5571950301405,131.29972544415264,36.34685261550017,39.277013955444716
742.8020257990242,131.16852636410275,35.821454993748446,41.4240251526539
740.7043322995463,130.58257192708098,36.2222405522745,42.55127155111149
716.226413790698,133.63934544882946,37.40470110512761,41.30482045488014
714.5263832901562,134.84029852881346,39.76864455250003,39.96192003221684
702.6062594303552,143.48870138345129,35.42777044593019,37.94514361981619
703.8212408583274,140.4964001755069,32.58324154994659,38.37098443902529
700.6800593294614,139.89924886907136,32.06088659010055,37.77874225209169
697.5001417946434,142.28003965871432,33.46649802692413,37.32912661518857
693.5325686434953,144.5070605968242,35.11584721007977,37.532952170609406
687.8590842762258,144.1153738185041,37.56595009989226,38.391307416702745
687.9260754347044,142.3289026478729,39.486151742895835,38.17024341030888
683.8065735246529,145.88361303680128,41.87666007960047,37.8626414801084
679.9205051292812,146.58260950198695,44.15252001487511,36.81807262200266
677.6294085187861,147.16228326605088,46.49479929543548,37.281421016726355
674.7583631971946,146.68219198888426,48.349652389790336,38.59434099781741
672.2322242480898,148.57894846088817,50.89340062491412,38.22772319541116
666.0089167425054,149.18262308637233,51.91057227670778,37.05374491612254
663.2268494869217,150.65108412756933,52.26534094314894,34.735276813220736
660.7880370693396,151.23453799625457,52.259726032219284,33.92887322624087
657.988638137636,153.56241962765444,51.004870941524786,33.339455178284865
650.5743213502265,150.33179787863068,48.75325854466423,33.955315985902686
650.9388874010939,149.34298192203602,48.08511582281232,35.052500511396694
648.9234175401,152.41818913628663,46.693631228393826,37.17694265027832
642.1944535134608,152.37142667240443,45.013131547297235,36.514791308511434
645.0821843798425,151.5015303791338,48.275297988361956,37.38056045755267
636.6151052016794,154.80126008916835,47.269560714805195,34.13695125721018
637.6648878232007,157.76180131955903,47.98392979793444,32.341463889202274
634.4298243415343,157.22309774739537,49.733613035681316,31.100252259115507
631.6562880703772,158.9096287149581,50.42768875182387,31.43005592457598
632.3733736741461,158.6568570055435,51.42566170932481,33.306647317038056
623.1029936580965,160.43102905218208,45.03070701974466,33.345507203253
622.1746420765153,161.3085889364407,41.98228933329757,31.69655808903262
621.3213739233554,162.16845731285233,40.49302485836729,30.575454148709433
623.8135945080412,164.12006944058848,38.66170563723792,28.68924344304179
620.3282388640048,165.0938937969336,40.825593194841886,28.005159793828092
617.532700326638,164.46162228839248,42.0860123105913,27.449176687863474
611.0152673279928,168.42616287944645,44.14503297096755,26.519530930560244
622.3264381240466,163.74831727107292,42.38060153510993,26.14418882211197
602.8543454944704,169.6919245047042,42.63220561750444,26.467164174185378
594.0852655428988,174.71883408891102,39.48912925355776,29.390456822177924
594.9080435378705,173.3402341123453,37.011831930606604,31.101056433512504
592.9833676354324,174.32461573473006,35.282768818490794,33.90438791530552
589.7536527784841,175.94957043262818,34.10105473355917,35.57916113669678
588.556193577574,174.878812479594,34.36317589416842,36.548863077921425
588.3332471673989,172.25250788287542,36.232255970378034,37.55637034264761
586.7248952687044,169.70490370873168,39.79617351288427,37.48132112257573
583.664101172296,171.15552635151514,42.54843797523221,38.915448761813494
580.0609934056141,173.72423545501215,43.96226459258037,39.537689368296036
577.3337402462536,174.27229237058248,44.80364224919202,38.89413596196004
576.2730596419694,177.44397285698545,45.88424723217449,39.187631068255676
576.6854841537888,174.77632739826564,46.993175064004376,40.37176842124217
575.5173787130207,176.1424871005051,47.38234920237665,41.122877971841405
574.5593462447301,174.7446407272552,48.08938398759045,42.44531937556773
570.4920619315817,175.39707080297754,49.88816770177806,42.82734887256053
573.7460428162628,175.10157384824532,48.48204309061894,42.60207386112651
572.5475926232549,177.768205641721,48.17618468757217,42.41311264233922
572.4466635976434,179.4518627529525,48.32704786574838,44.47167122261062
569.5621563658375,178.40429104045685,49.56842866236808,45.90563605873474
560.13766629469,179.47268048156494,51.29591832614722,44.24828832886231
555.0705741857591,180.99233912379052,54.52017517584501,45.358507177223665
548.2331442501784,181.34284454701168,57.621884412240895,42.633463738007904
546.3071753526235,183.87244885833383,59.20827350129598,42.673101550910445
545.5326963498709,184.9336155522533,61.416533264613626,43.76927402244657
542.0059493352971,181.5561780429772,63.567332591612846,42.94954882127219
537.9838372391716,183.84053824242955,64.3074796354263,43.87805132275811
536.1306057093622,186.4776535149159,65.79616925754522,42.52185056294165
535.2851243705986,190.86963367045598,67.07799802393937,40.158559807525506
518.6349924861033,191.96912620364242,59.99013923433624,38.54496292474639
520.1462990296944,194.0311689945104,52.56414479949795,37.74566066820574
521.5366366497626,193.56235214323044,47.12421357791621,37.24735076725004
521.3447044749249,195.5104365211409,44.30476982212277,36.31120398408542
523.6028354762861,194.90131565458634,43.77303540729107,37.622646400788256
521.8502700642129,196.67712932969766,44.317991670890635,40.162831184354665
520.5612784798959,199.33724250044168,44.46634837468085,39.03721543856976
518.1188773245217,197.22886890047286,44.8001710711714,38.32139122737461
516.1626732321862,198.94958029821538,44.29203177049094,39.26709916919421
518.2365681457758,196.90591037120387,44.605148925733545,40.57680535622505
518.3890635517379,198.27327358382152,46.11587771830154,42.55522895540381
519.3220418909726,196.68314609245797,46.490079120886826,43.54838066664656
518.916160580667,200.915092003361,47.1896896418886,44.176835036246764
508.33563431210285,200.3273988230141,41.53827269659503,45.54051485397178
509.9359571656738,198.71238737274584,43.35541873749998,44.884322544547366
508.06881423889337,203.26817479476048,46.95307739379528,45.68563527376028
505.94622522761944,201.5001632665693,49.26620280403844,47.48380432623638
502.0795455491167,203.05412140226832,52.38528908975485,49.54266661929145
499.6930100840483,203.38979739615968,54.74283267614174,50.317283259438426
498.13040557214657,202.56134124721802,56.07218903881232,52.54066284247799
495.2202180147309,205.82775700387293,55.95283637044048,53.11087393170729
496.1134297687837,205.7530448371072,56.97224477151458,53.29003764512154
493.6496533115185,206.77902955790336,57.48961091846692,53.06535397013076
490.5587693041812,210.15995855776993,56.35050185794609,51.75596484246797
492.39713328132206,211.7866552875036,56.88623728257069,51.24059323358652
490.92120817560146,210.93960942612884,57.61099093639469,51.28919240262515
490.67273003339403,210.99175444062703,58.02475630284082,52.01466006405843
490.05773178523845,212.02569926827218,58.32401244270675,53.33376381697128
489.50220344967386,214.736990842058,58.70749953375777,53.98527734908714
490.02337507505683,214.77615275640932,59.3575085779137,54.792833036986046
487.7157943181448,215.27992016119393,59.84866191302683,55.58203589831526
488.78272694284874,217.02387502726654,61.502119661665766,54.12795490152161
489.00418876799,216.1641334345967,62.84470321353167,52.771159400337865
485.8269027192393,217.95347038020535,62.01725321630654,52.73064774056585
488.9713358360225,218.63305132097878,63.36283217316983,53.393214374644025
486.38011445414566,217.9137662645601,60.9645101664157,52.607205630059475
487.80125491831234,218.65491757055509,60.452154775191715,52.518793398928864
486.53612818946544,221.02717354922476,59.52375955124488,52.67406171502708
487.47116033502897,222.49586003945083,59.58922687632877,52.00264942793426
487.56932751103164,222.95096146887622,59.996408149323415,51.82375455248193
486.92027562178146,223.43732524305508,61.00712789462071,52.37025307834297
488.83832432223045,227.94478449260376,62.236765357003954,51.7066071622534
487.9343553638215,231.7764701760859,62.10196950917344,50.564353959351656
487.85930754526646,232.63963793697587,62.430196249799145,50.07427026862638
487.9962409830746,233.87151256634567,63.21669314371408,50.421830824339914
485.42605226936917,232.04288144899795,62.26211512678906,51.15181644770726
482.88903981789633,230.90887267103324,61.67293202192218,53.07614503879287
486.3472551849828,235.73469410007465,60.47575482778824,52.30002097953821
484.4918223154108,236.62354401811857,58.591619346229194,52.04121152430976
485.8377654913064,240.19899845695357,57.642729210258324,51.05077933121002
486.6032843361621,241.5651430901548,57.724591300820336,50.987053907581
485.8009014661932,242.97233296918193,57.70380772435187,50.94180867101116
485.1992377539409,245.4602072074539,57.38357557854401,51.86121705481878
484.92839790209354,245.18015997966017,57.67444656641838,52.33242906411712
485.0709833142811,247.20910674709805,57.518990707863615,53.275893561467974
485.10458479499584,249.045893375915,57.50972536850441,54.57663976184189
484.2838449285124,250.2449464399328,57.1519985585025,55.02110870704847
484.457682053672,249.89167120132242,56.84834591462863,55.96229358368328
484.2006323080686,252.52017040859255,56.737994722241744,55.55081518867429
483.7895622108277,252.94132488264466,57.173339872778264,56.144968642913796
485.4418110224372,254.6116056023857,57.556922083543554,56.331552589173874
485.53024981666283,256.1373834398662,58.27985528610795,56.27955440933013
485.6710886742446,255.67941697285303,58.1156397291476,56.68511136679392
486.60322641531525,255.99546622141366,57.58811046282658,57.47429277689922
488.30024713803294,260.26963732399105,57.70720683477391,57.814652964322605
485.94742063428095,262.2243380715751,55.2411221713795,57.59179016544346
488.66357974138447,262.7990467071499,53.745708864399056,57.619649505622064
488.9630637114547,266.05785143486014,52.76951314105547,57.4498794056703
491.2472500266864,267.0508571526441,51.845107185396685,57.092423267954004
493.12350297835513,270.7248830938919,51.280299646317026,57.29600712764587
495.64305959489695,270.9685045711899,50.8166716427256,57.78406019355775
497.8412806452256,273.7589865238286,50.83032475691209,58.52569760663968
501.15288179382,276.8027878405602,50.0099941638249,58.747680544465595
503.4439067181766,279.031945782442,49.579860819017895,58.84037479253783
506.5112224236404,282.77837989071804,49.657738563363765,58.55935960332958
509.45251205717346,283.5942232395258,49.44572204043824,58.54727129438597
512.0197579050025,284.8941297402205,49.3383299541552,58.36290934280123
516.6628034387888,287.55754238840746,49.53989452623102,58.58210455423979
519.5162533153809,290.81398957473976,49.64081032480462,58.95493711028614
522.1861351050043,291.78827841779224,49.33695067622204,59.28510698277491
525.0870782787626,294.58036589820523,49.22253381112694,59.263660903784896
527.1595597150613,296.8530075832332,49.06606581157672,59.88977951126802
530.6644393936963,299.0746210759996,48.99997100508781,60.58556009409456
533.8233910510555,299.1211242290954,49.25741559076015,61.74566658087164
536.9538525013397,298.1786717640173,49.29211646948861,61.81202903055923
539.4976855876349,295.0692187710473,49.25877158596055,62.41870662294443
541.5649414379726,292.6997525995762,48.519981320832095,62.46769755963663
545.5104744020493,289.1256745728222,47.91298826865512,62.18244296861336
549.6735612803292,285.05851111193357,47.24811517127531,62.47726183375002
550.3309499784276,279.6683728433036,46.94421729167999,62.87439017765059
554.6006786420359,271.5538699686087,46.9089256138775,62.4101128459857
557.1564462857069,267.9458073197902,46.16988788512923,62.25990513581017
559.3663501102984,263.4753112399718,45.54541409825087,62.344757158728214
560.8465481671334,258.00409954489123,45.09521085567465,61.97890723345978
563.4398096473936,252.93561372630336,44.8830836471073,62.19765072122142
565.9153084181112,243.64229532573452,45.17590629610193,62.47883708290594
566.4570636651649,237.534184199851,45.34514238402559,62.80274060908705
569.2682634971532,230.26359307378846,45.68616740266644,63.16959119617306
569.9149804607777,224.13784625438012,45.64741792365956,63.575625850614784
571.7324251097496,219.19710374929662,45.32570001243445,64.01744411273489
574.202359634959,212.15106387331102,45.25732144053124,63.93685540767484
575.337919237527,204.8787034315166,45.022640223676554,64.08400854224021
576.3150105336133,199.08014202805384,44.936636952792824,64.57102392729077
578.4042738360023,191.9817119988121,45.22486144664783,64.74205085589139
580.6200132032044,186.0272115676559,45.855241843103,65.395482260196
582.303865378888,178.58208810584313,46.33586512845449,65.97281719651687
584.235516308639,170.59395477003375,46.56609964590557,66.527544561495
585.8316947577455,166.14750111182323,46.653360057262844,67.42638754686133
587.147843234831,156.71048970507655,47.19086290777925,68.0228224697297
589.589116125116,152.96748761560076,47.29194444654542,68.71012059399379
592.1000909248659,148.1669050724135,47.67024814294412,69.31435269696985
593.4869960277824,144.49021048598436,48.22082453379055,69.24394426240629
595.43264967633,134.37962239513269,48.6830938968516,69.61975301246898
597.7797682624121,130.66498710282767,49.15990775007829,70.25413223965715
599.4837825114724,123.39333882139996,49.59546140527783,70.94742269899693
602.0061313708234,119.84298250984793,49.87949903813842,71.7023101267885
604.0793377713215,115.24939525326327,49.964073785970264,71.8934824426922
605.6913186861394,111.4262872668452,49.94532741043609,72.24174004150493
607.182783906202,106.50044918925889,50.12835156015467,72.56219671425565
609.8134911653151,101.1122959408527,50.48786294524882,72.92790445618522
612.1829256809399,95.6240198799772,51.19600013958504,73.50867410723312
614.8245072777656,92.88058940448629,52.26650515882431,73.92403237266805
616.0542353378943,89.09343017891143,53.064434292473145,74.12092467635682
617.1867985079132,86.34160395931829,53.97762216141969,74.88553292608997
619.7938099616152,84.82739544708807,54.12321839464052,75.2550296624645
621.1678513894575,83.49525298856041,54.70973026551867,76.00564880803543
622.7156637996902,81.59133828717131,55.27923606028754,76.86499188268861
625.3805989349743,79.99244090097994,55.4494573424538,77.44150979960263
626.296592394439,81.93519561298554,56.14981905633688,78.0171514986383
628.8943488650773,80.83155964348484,56.55812691584148,78.14324667982719
628.8927452919256,82.3800143252102,57.22463362269178,79.10682315622023
629.4544737320937,81.97945624424625,58.20759153727759,79.22538316580437
629.8640346437672,82.14206418028523,59.55134202838342,79.90236455935141
630.4220136721899,83.907569654996,60.956776793803726,80.12986801422676
630.1514009225817,82.70010386532707,62.18733334770755,80.30670144903338
631.4867198773094,84.87531675872943,62.84359973512737,80.63913699035365
631.3701334896681,86.58929247332496,64.01827031314421,80.8353615865532
631.3989542521741,88.09977914342761,65.06731824125718,80.65963360767601
630.8601293059625,93.2764154740388,65.96827135633677,81.54012559489117
630.2710985440672,97.08438136768673,65.85785021411169,81.25634712790779
629.4762834218226,101.53033796992622,65.54727293906976,82.01561800546006
628.7882535360669,106.93587503267153,65.33153583558096,81.75822429989132
628.4862040553068,111.54794024067144,65.16878909397627,82.56607630576649
627.8479252534459,116.29608777490256,64.91803346527621,82.38524144238237
627.4771756316162,120.6698871931913,64.67088524799814,82.1353232698674
627.2028686561833,124.54875923863003,64.91334685511387,82.51530500906806
626.6081452781127,128.56119004571877,64.43448916789566,82.2651626331718
626.1691597037409,134.11801567072206,64.87975157640503,82.39083023082149
625.0241978449493,138.56384004260303,65.08599609476946,81.89517758080956
624.6838584960673,143.27004023237333,65.60667113042396,82.4781080118158
624.2619272456046,145.15894551340796,66.34363055517741,83.10236654154346
623.371509098345,148.84210838902476,66.54628081454044,84.08525343679423
621.5158952420536,154.2411513209513,66.51602293142011,84.63018515106612
619.4014452398397,159.79449282935258,66.52165633428538,84.40353753465422
619.140512189886,167.63269942044488,66.46954782481797,84.55396761418837
618.0529405509925,173.41164680511906,66.51599847565166,83.16312606749628
616.9447387182681,179.10694868495622,66.50040751219414,81.78839144844692
616.3561008755399,183.98790754914566,67.273477875385,81.05903597592743
615.4112453056252,188.74995995853666,67.99158867341748,80.72539136222356
613.5497493831818,195.80258189023698,68.80045698314805,80.88769510624479
612.8159927352507,202.1859620600552,69.70662994697904,80.30349091895208
611.2714546066913,207.8808704361552,70.38176577441027,80.3282859831584
609.7279315584905,213.6275720955768,71.30004966378081,80.29051010572144
608.2225886650159,219.32303528778237,72.07874082182367,79.67619504943522
606.3936123497945,224.5586194969788,72.85345370617281,79.20002174822994
603.4897184631759,232.22143069581122,73.91227907706623,79.93741814939318
601.2923749802068,237.01044673478862,75.0146991973012,80.39490853237588
599.0710785286291,243.16956085306634,75.94505455162856,80.10115539347672
596.5385867033758,249.50983252138371,76.87573034080708,80.5941350060607
594.4153878601726,254.2709866797629,77.5237088377603,80.51140188461484
591.6606324048579,260.1603156324292,78.61030715073345,80.43840193826652
587.9322597492043,268.1333366879999,79.86011276477514,80.92802877243778
585.3708028252793,272.8599336242233,80.83114062629697,80.89356658944406
581.6572483633187,278.18283370647976,81.79807498967115,80.82598297766555
577.5027014871766,284.5047432064415,82.99431473804916,80.86853482735141
574.5947485025564,289.59157873479074,83.79737280689896,80.12531421010598
570.5053461639559,295.2049038753851,84.7331049743344,78.84571593087036
566.6195842882267,300.85321656661824,85.76875836446453,78.38899533356042
562.0497673278004,305.6531082882704,86.88120112320786,78.39681687072485
558.8063319166145,310.85008299558075,87.58932438698591,77.96374392094789
553.7376111579782,316.91886415883624,88.6607869003522,77.47208613545251
549.8725511233694,321.5411167768232,89.11026732113245,77.56772982525986
545.5956422759763,326.23709387454386,89.79991875615292,77.50481615716231
541.5861098336521,331.1802230588705,90.26582201970744,76.48504338421206
536.3159216885139,336.29200088365604,91.32740802678086,75.53397918971915
531.648281930315,341.02617932848193,92.11419511153811,74.35999485866118
525.413223639646,346.70793959764796,93.12871476904769,72.70390229884475
520.7672007655516,351.90695826695725,94.0238183785648,71.87828317311678
514.9428337419423,356.606818796358,95.08399041406459,70.51017832525268
508.92546956550365,360.45315939021714,95.85980763412947,68.77880084847197
502.00726240525944,364.2729537344186,96.81774295071162,67.07292798038162
495.34555547861135,368.67201097288057,97.83543170635157,66.00232204837948
489.2551385166429,371.89074236614596,98.46475195841349,64.54059778723934
482.0421688003413,375.1794039305819,99.27789842226659,63.1063105470393
475.3359112900454,378.3318216722354,100.26899620653032,61.430808559826104
469.84835900164995,381.91350165453883,101.36754438683681,59.665336778813
462.60004899122,384.37288819695755,101.5964947299624,57.19187619397552
455.61383989817494,386.14358433894023,102.07220881448998,54.69293386118205
446.48690978764404,389.1572680722473,102.76759735586423,52.2410668828492
438.12895566940915,391.3225917336317,103.8567966079591,49.507801151877125
431.79512647485035,389.67346720711816,104.39359562207659,46.94740762677929
423.0954053401333,390.5438806411519,105.42972612393261,44.66425287785249
415.68584612940896,389.17530885989174,106.14688531686566,43.41805903802903
408.2576059410797,390.1809942451371,106.6113368849304,42.587230259725914
401.4883363185576,386.91223198666387,106.62320376669348,42.04910170050039
395.0980940525016,383.6401095950524,106.96429620896158,42.40358818294198
387.89096167540356,380.3027164592434,107.07442277956403,43.371648380341334
381.5365763200024,376.2869277431835,106.90242566810076,44.813687238242274
376.54781854742896,372.1489846861851,106.43957256090374,46.35767027606733
369.83114475519784,368.01379636217,105.81692038950669,48.2580212893318
364.4982512830215,361.4500767782898,104.44492657214063,50.49352320123283
358.4622902231775,355.6015973737486,103.54938043010988,52.93816267437788
353.71024326514345,348.9563647438175,102.61423484422478,55.589193119786884
349.0397471299081,342.7303679724865,101.5310022611799,58.30272230698013
345.0673123490722,335.8581248037526,100.42231347324227,61.205594874916635
341.2464807613851,328.59995923030783,99.26038778142907,63.731294918290594
338.03056785515486,319.70739369698157,97.88618332045203,65.79029073103685
334.1359880272006,310.0642941348065,96.44566768339172,67.88639586124637
332.39058781828663,299.8638522606643,94.50470540590717,70.04356623062449
329.80970494157737,290.92002701759577,92.70641866909136,72.03595304488661
328.40400922374636,283.31974647599213,91.02659916725335,74.52969650114079
328.62704160268675,271.5489214044152,89.2921738136695,75.9081691540603
327.5017968995366,263.09374163434165,87.60449183325105,77.77629236608226
326.4752599177885,253.66215247558605,86.16308947838783,79.42734299804663
326.6718700152676,242.18247666910617,83.98681874632034,80.76978176920952
328.6339053387817,234.44358790824637,81.80850615593268,82.57519600967915
328.4032106648707,220.3903625951805,79.91796679281725,84.28482656745147
331.8309282865147,212.8893601145415,78.16528423507614,85.83602586466704
333.3534290935153,200.22592330162195,75.73856875388736,87.25335359206858
336.8806047366246,192.37722521277087,73.7745494989188,89.31155909594264
341.3497569627277,178.9771267371084,71.60046623811874,90.42392035390819
345.18280164179964,170.3146652317735,68.22478215341249,91.50317686067177
350.75853559170713,159.23796268015337,65.98408085515995,92.29717644633385
356.7177178223258,153.9514219620301,63.95780623767262,93.44047882984604
362.2345893952783,141.44503530579425,61.07326353122074,93.4954579528646
368.9778368495453,132.46639506487756,58.26572370081169,93.77799478235427
378.3475216776816,126.63347819713107,56.47954007969538,94.00236123269099
384.7681709661875,115.42509690678585,53.45290825073046,93.87591092275642
394.2146851118244,109.61478044610178,51.286259353987944,93.66030116834332
402.58111686557373,99.66502528146259,48.54024277031736,93.44753732769982
411.89097380831896,92.08547660299573,45.58245515435822,93.1259828291648
421.9732652023759,83.89924068078547,42.4566602080412,92.86832772046031
432.0710564005422,77.29513690296642,39.878601005067914,93.33938317648905
440.2041806116026,71.90614506211145,38.12629911615027,93.54995352812087
451.26013687561726,65.32233451803191,37.37391417601162,93.18078567585025
463.4338700549202,61.08604023735346,37.1984448877182,93.25040487685558
469.87832415687996,54.289319184391495,38.375057924033044,93.15251702672482
481.08917125743517,50.422262001706855,39.29775459206327,93.46983756885191
490.3542758818966,45.89567415447893,40.85925066540595,93.69528499182339
499.3704537831986,42.596430199243215,42.56999789014577,93.61139985541982
507.8525146470174,39.305199492775834,44.58680267618004,93.3527052624952
516.1015584769864,36.56262188100496,46.3551334732734,93.08532752705258
522.7270759000278,32.94197688978926,47.50558788500308,92.94606331026523
528.2452497849818,28.56541528407128,48.49453918736079,93.12322826974807
535.6084832777211,27.339720485980777,49.88941009250693,93.0531640085072
538.6493525880929,23.104868470371144,51.04204647176334,92.73514831316396
543.1750856710042,21.19916062414695,52.05366013992517,92.5196475017061
545.8900806732305,16.523644419928367,52.86750558469134,92.65125852342452
548.3263711367129,12.39263517829096,53.663320653820385,92.53498110826183
549.945351450218,10.968647340573355,54.15277701899747,92.12108544580641
551.0774275676563,4.951609837924664,54.47425710833987,91.5800872089163
553.9462453724944,5.561102320893525,54.77562296350729,90.66963495782232
555.6582334894069,1.8382318095713757,54.8295520031196,89.28578613671662
557.1843577443516,1.5744355291754601,54.45534304401174,87.25487650024283
559.1227946471973,0.11560549641160378,53.56763549808585,84.55168695639554
561.0709499348696,-0.6553388312590442,52.848082735241164,81.67215837540871
563.1420803063712,-1.6857424944015662,52.232158662159975,79.40679382669376
565.3021488490349,-0.1840646092056204,51.79401010222317,76.25796076137999
565.6524001014856,-1.43973564682274,51.48559744107175,73.68043564911423
568.4705139579161,-1.7460804886171957,50.79076071942174,70.81546419989064
569.5026658861196,-2.7347502427515593,50.30478022727249,68.0278195773
571.3747971786979,-1.280004741211144,49.89209112844404,65.35273409179729
573.3261973992966,-2.117778783308651,49.63035819212945,62.78009797189074
575.5272024308199,-0.8388899488687223,49.18579136638752,60.59909032254213
575.9032225634179,-2.08609389646481,48.511097902949345,58.37685393062493
577.9241386886613,-0.5768387492054714,47.93310232238457,56.53844312341094
579.9518742152318,-1.7436334035584267,47.1971960885795,54.63732173875748
582.2408727803029,0.015009768477924013,46.75459019378871,53.08465026284884
583.8784820202844,-0.11559615420111768,46.49963538570063,51.72780485723036
585.6001409326218,0.0041217757638492,46.17457317626035,50.48916245433168
587.0238812373409,0.3382575913191488,46.42583219084554,49.7443832548617
589.1608424936178,1.097087526038223,46.52765735895591,49.51162023600949
590.9354545679831,0.7475706565570874,46.48949583229546,49.27562589879989
591.8058728028917,1.5534866681254051,46.39718841521261,49.49802239128825
592.9329143060572,0.8205598830763314,46.66623773310048,49.80159873970671
595.7538558205437,2.4540106371988983,46.7871110517837,50.9526964990397
596.7350467093811,2.815243813412817,47.23084194500732,52.02567082043999
599.5675684760056,2.7015919015457364,47.934588084609814,53.652342930306965
600.152597421864,3.1545159445887485,48.53631974367434,55.5200696733225
602.0971724939167,3.7410862845471584,48.9233841991784,57.52092496508537
602.235765575588,4.408824617147005,49.48709464228119,59.564156185627866
604.6395284217679,6.3763816176512265,49.625583354218215,61.97004560258817
605.7431878891034,7.119411453723224,49.579458267203336,64.31000521755355
606.8938961842152,7.5898646714191,49.6511495871359,67.00490200481805
608.0599925197769,5.34915436158996,50.21713501659866,70.88677428463258
609.2127583262046,7.435688884494468,50.790387583430615,74.35863321733919
610.5931598712535,9.270953583830526,50.80564650505158,77.1895991799952
612.2611294199454,12.684983546608933,50.847484507277244,79.72582758451651
613.0012748297361,15.186290719886308,51.21082161738336,81.03040317936801
614.0807075393778,19.608584275243516,51.43592836606864,82.04650332451297
615.8760588294969,23.060722636782614,51.548900102236715,81.82618656237227
616.7923272577103,28.169995726123098,51.92842989620045,81.88312256142568
619.650646869944,31.856397868513262,51.79397450962369,81.4178500149266
620.3527920616732,35.56494058212182,51.87955229022777,81.17547772247511
620.5590907905184,36.386029866177765,51.905248289568526,81.55225057037885
621.2557877905442,43.71368276434073,51.87104618404828,81.18509174670916
623.689779261769,44.41091172480516,51.40995411073948,80.90614285898343
625.704199849316,49.41415094034701,51.11075771103599,80.26257946696224
627.4287482229541,52.63926005904496,50.87030964540021,80.03016518464446
629.8737941420125,59.05005534226779,51.10027395962742,79.9346488369488
629.8424378159541,58.91822402833972,51.17809281291592,80.12543548824243
632.0042968989453,66.36578026340362,51.19196009615229,79.80017775444276
633.4433018899813,66.9234535941074,51.3510289715023,79.80784745045709
635.3059705644363,71.38881172596815,51.593831271029806,79.59240218282932
635.6770689377148,73.65821954786924,51.73704101861337,79.69033580660528
637.2277878671459,77.5992142345905,52.004835337485495,79.49706713628774
638.6688905628373,81.84493935273848,52.04633600079033,79.25583052303867
639.2940470489837,84.31555916176137,51.96185554802885,78.77198836593038
640.0381057026948,87.75422195280944,51.9398637288877,78.73548309633424
640.5457382593061,89.74690166179175,51.8962783031653,78.67071694008837
643.0661831706117,94.05148718313914,52.27964385164779,78.47115283098734
643.2534653635528,95.80510957929951,52.07619152631232,78.3075359683541
644.9036636320178,100.01150962714684,52.684974676882355,78.09136062851883
645.0518546123662,101.67672063828024,52.63776874157604,78.0375194167989
645.6810978773832,106.32287489952719,52.61094114708903,77.89016939039873
645.163160921724,108.36270359607433,52.24682116192298,77.93899100121072
646.6659698887083,112.13375599302789,52.22600547404807,77.9236196057411
646.5963849596619,112.51204265845068,51.352815713000474,77.84951087450489
647.8208119180114,117.31748935860406,51.18710388614532,77.86489921247939
647.1124587224252,117.10401950206995,50.58734604391901,78.33203057593825
647.2671806264702,120.05349674047147,50.38114320262582,78.93097038624455
649.3104866047968,121.46551943513326,49.907598872925874,78.9376439910616
648.415938818105,122.64823773997402,49.39986522267665,79.01715367044258
649.6355782187193,124.69848738927337,49.33607470269823,78.59661653004702
649.7205612417947,125.83714740502282,48.929750013969254,78.25780357862622
650.4517776528342,128.18377372127642,48.42846831493714,77.74182755744715
651.4386701089923,129.21071357778737,48.350404838167904,77.26782760516747
651.8631408568115,130.8841900027216,48.26284639916996,76.5984565424084
651.9935048231777,129.5512855412199,48.16349541956273,76.96034090486486
652.2603003934198,130.48780906647258,48.25339365896113,77.41085647642984
654.4477491088634,134.43643818163892,48.31474500737084,77.53746299219092
654.3739102460396,135.461988049143,48.25186670274495,77.4389847171437
655.8340707073145,137.8603968188337,48.27487463761711,76.9399119287389
655.9173844085469,138.8680171074564,48.572892620894436,77.03354281145434
658.2929076371196,140.3388159658634,48.505729830741366,76.89322988467946
658.6041568329043,141.93940699877197,48.62125328975774,76.77827523585447
660.50534580656,142.39226913768874,48.724896460610495,76.79407500587249
660.6908594751455,144.43884914255955,48.54564158437689,76.70711006449028
662.3410451137488,145.3275868216975,48.33389335404545,76.63237823648778
663.3210824672294,144.64280638212455,48.31833769005283,76.95764285098528
664.8290470905957,145.81280869723741,48.319132076132675,77.2905050420486
666.0363453193079,146.79328323888362,48.18790659038811,77.50422331715465
666.8547928320261,146.81180097426503,48.057328703623554,77.87191196748557
668.2473533890387,149.0934827436428,47.756872506590426,78.2465061924019
668.2338577995072,148.59635773244082,47.658054969833216,78.25036925191522
668.2686214471256,150.61132524725855,47.725536341588594,78.80142787462354
669.3202243368273,151.32744642024016,47.90695275456805,79.01522739877747
669.8261558666363,152.06829434207776,47.86481625745006,79.34998358146946
670.5704016577517,152.61293949621762,48.03286459221129,79.2745635124476
670.2358665975646,153.26567344882142,47.82139577215601,79.49476089044308
670.6693358252288,154.05568739105925,47.89273551506973,79.49850375792055
670.2033145820676,153.8525353033936,47.69437639006395,79.39955890981432
669.8096302317467,155.6360311804786,47.77840646765899,79.42625612048815
670.1793267982417,155.27143873398603,47.868359037793915,79.30775424589513
669.6552031357726,155.98600457158847,47.68270438519306,79.60692457264338
669.4400570414679,155.33993170881143,47.791615958568194,79.74697068882247
668.87159641976,155.50729448416448,47.980310273273,80.105268819757
668.6814158543513,155.85709233890114,48.14274537869976,80.21841725090867
667.4966132828907,156.56780638800484,47.95194097572252,80.2379376390294
667.4799476545405,155.20889588301074,48.07999879492281,80.20171506991603
666.3537791960009,154.84220481354834,48.50363087801775,80.26334427915334
665.6562787435438,155.32553303811784,48.73237201730687,80.66933797649871
665.4309709280756,155.04797440667227,49.34811826347777,81.1338485499367
665.7072677399002,155.73646756163762,49.623893780453415,81.53734930055286
664.2942781874808,154.99827185028653,49.793653402870405,81.45121020567692
663.1415844866747,152.85666478380645,49.49268704471717,81.23588918238711
662.3201187175747,152.69784366359357,49.13503874893266,80.88901115914096
662.251540372156,152.67447418103296,49.67121277375434,80.98552429418405
661.4795733023147,152.5202966763058,50.5888651751557,80.96740225285714
660.6207143269511,150.48602800948137,52.0618931844768,80.96632899080288
659.559830349809,151.31872983841134,52.941900884854604,80.55596073333359
660.0242311184456,152.4386123603659,54.17484251164397,79.74646302340882
656.8163398654004,148.8430762200658,54.1618835626561,79.60733510869653
656.7169770475346,150.4432018154354,54.52253546791919,79.7554420722542
654.9714526409066,149.28243671726653,54.45932402726882,79.16065146781065
654.3114103338321,149.4308542564887,53.90077704962086,78.63694871358514
652.5787960529661,146.3084047997257,53.198097896509154,78.01816964859545
651.1430078889956,148.20754211764327,53.16400405843455,77.83497679986971
649.5401771930736,145.27775988099788,52.75305778426285,77.80992823605114
648.2746841598458,145.18892773514477,52.2568526886091,77.51301367033543
646.9216743230062,146.4601989684522,51.80601201072591,76.64777833262684
645.9017021505496,145.43237760080336,51.40094903142046,76.36409611675268
645.1058716576089,145.20090389251578,50.97118667745813,76.23880195617934
642.418949833435,143.27071319784247,50.500578421508756,76.21565368244005
642.4855654140763,142.33099426127802,50.20513107370278,76.19224426552988
640.4010498321815,141.62820371291758,50.23765711053935,76.10740788178201
639.301404751715,139.81336513121192,50.308819219714465,76.20206612429493
638.3684401200211,138.72273372459338,50.42015558759455,76.4095282783523
637.6536667516327,138.58725721666275,50.533540214996336,76.28347812038544
636.3686945445974,136.87025133128506,50.60697889176224,76.4805514145783
635.2350250394505,134.60702498673908,50.92833401533713,76.55332978726403
632.6981199428252,133.35091600016872,51.59209477011123,76.41740017739693
632.1555013174786,133.24068183618493,52.26868639092158,75.94617233837232
631.3773748385379,131.95938883630805,52.56650123845149,75.63691690746202
629.2181286215132,130.20810554921306,52.891066670547794,75.47561934590983
628.2566675068811,129.35168393219618,53.29024622403079,75.08351262877167
627.0731347754509,127.94117341673967,53.651894816774124,74.99643734620815
625.9352202184477,126.56426811096078,53.65404229015542,74.83295059448469
624.4000959776326,125.45001688121498,54.257997436824624,75.09345073464036
621.3649904852876,121.83230042229366,54.62804362659263,75.38358641127206
621.551047267971,122.07183377809837,54.96036731708546,75.6622711645064
619.3963662317198,122.1059506870713,55.97376991693164,75.55717211218553
618.4535489651103,119.29338778989634,56.61959732124433,75.43974419559792
616.9735478167669,118.42412531941139,57.22272705933742,75.13200448813036
615.1341608619647,117.56027920346739,57.65348461151988,74.62669501103396
613.5971506050557,116.59080659113454,58.51150170736889,74.11404111460593
612.5987375472376,115.15424725730624,59.1575282624583,73.65647130570002
610.8674219977602,114.67586894097717,59.23853704696012,73.22507486218629
610.4502859942992,113.95564559776636,60.040033174975946,73.42205231032665
609.1076233893845,112.17402498452907,60.68077220316475,73.74338069500438
607.6898697704286,110.4007892405353,61.1756422340451,74.1660728861169
606.1786835309573,109.34440845396104,61.69477984970649,74.35799705692168
605.0232122210941,106.75064456877215,62.40336651240149,74.82573722964322
603.5771069317336,105.42955623843628,63.33851532354443,75.1745178942212
601.9855935154054,103.69677423948818,63.925594890575894,75.886816511258
600.8799730980705,101.55673017032834,64.20040384047992,75.17630406364019
599.2888192996335,100.33415339850897,64.52187159360422,73.68169930649768
597.7977227723154,99.9379688554039,64.70938691386539,72.74308084387971
597.3168238251602,98.63457577064048,65.14747264997254,71.28162970871904
595.7897574325149,98.06232139600594,65.51160299385705,70.13033157322249
594.4720593442663,96.71605270855653,66.0049703617604,69.27315581335567
593.5613693367892,96.33569556256947,66.49474637280834,68.56634080845481
592.2773717563801,94.81320889247799,67.0928929008139,67.67204412910652
591.787349643793,94.22264978273935,67.44433605176938,66.95188671381818
589.1575488027449,92.76782274223596,67.90358372995944,66.4523000721687
588.9685848917272,92.07627871946424,67.83647371019784,66.15875237552464
587.4610883470261,89.91048957619903,68.04626050077192,65.51776596478945
587.4410023871418,89.3460448185347,67.80789848499383,64.91246358558686
586.3995640979651,88.96250720284687,67.62511954576891,64.21365746930628
584.4521431421385,86.82937966140936,68.02359304921897,63.6866081088219
583.3187839345926,87.1047075363389,68.44158709907649,63.499233608962825
582.3378223747646,86.08117662792951,68.8285590468575,63.20770289648473
581.3058929359952,84.12051134108802,69.14531709431827,62.77371730805834
580.432323387878,83.6402559904454,69.6611939835214,62.642858380437325
579.3853755538325,82.82912424298827,70.15413750317471,62.57151835972658
577.7503864928833,80.82440198433352,70.70200869147939,62.28063939070795
575.9775332989477,80.36590943330151,71.21243675903804,61.682731914646986
574.8069218546387,79.21662209870082,71.6257116496092,61.343916447129594
574.1105933724615,79.31989380248794,72.07449044013565,61.081770012211635
572.7085020840568,77.61419379492557,72.65644401303882,60.47733140428948
570.9775434522718,76.94782405242859,73.02189521215564,59.91221322326784
569.8253280862665,76.60012627059676,73.43664698908812,59.44391249786897
568.776514133422,75.16928822665155,73.84384520727703,59.14302144708753
567.5302593205084,74.68423553191136,74.37788925693245,58.79498108461479
565.7465912099765,73.60210854424216,74.77154994088681,58.303595411515694
565.2823161310552,72.58992086070596,74.94579712021385,57.94021443093183
564.1231936149353,72.00091600034696,75.14377237706309,57.60638333133731
563.3708659556906,71.82759943648091,75.31999751977104,57.22828501375693
562.3748702079082,70.9822166380376,75.37995166182037,56.99372712431543
561.1055464555407,70.64840380293123,75.31737235991488,56.74249903476254
560.0746031756829,68.78203957624142,75.56022815791145,56.68335737095466
558.5823255223058,68.97497695983456,75.51603590607192,56.48373138306524
557.4228306223437,67.27659327443108,75.95898810833994,56.39288889059097
557.5761281889745,67.6805851796543,76.02308999656267,56.071202687566405
556.0125671523132,65.06283697507371,75.79056241168229,56.259427368211945
555.0952720863975,64.579399279063,76.07968135210743,56.22004665671775
554.0090078946939,63.38121613719184,75.97257716715508,56.05342465921006
553.2739759695801,62.986840148606326,76.62980532402337,56.0188123785686
552.2029314169864,61.33306294848728,77.0258922319451,56.068096515134805
552.2872176275471,59.97870805411044,78.37349412723,56.12534756365412
550.6762914852262,59.266357193824035,78.95362277905933,55.86895797563318
547.679160744958,57.62566953333672,79.01850193537686,55.71548832590468
546.3982292009101,57.833327827322314,79.25315555081639,55.74960411098037
544.7061217619047,56.793009207007394,79.10557111242109,56.14512172270396
543.3554769334297,55.493321624445336,78.61139568148045,56.55489117493745
541.064684382481,54.13525967175424,77.9745054415809,57.02351752172589
540.8766797772182,55.699066202249035,77.68321728882533,57.112274089642554
539.4951565925185,52.20713850741334,77.16043602150592,57.610472741032694
538.3645044538807,53.08441115249062,77.35319781831288,57.322510702831266
536.7437479729941,53.393910301798854,77.56764168828917,57.15761396671479
535.8694740776015,52.98133265691724,77.47628469391826,56.82786202991552
535.0409352272832,52.3300389028294,76.89273129103907,56.909197096684956
534.4482714836398,51.97553165757101,76.66152435449779,56.79365714384235
533.3049835141044,51.4840412707645,76.16797944395915,56.6128500756585
530.8491823870536,49.86000840304186,76.14348550665443,56.325545938056905
531.2937306794967,49.47612257662535,75.56847583583082,56.045832239327424
529.1894114914979,48.62425545495973,75.45991450479703,55.83236067211179
528.5567575108222,47.880863497799176,75.2472256399767,55.19783721338602
526.3910181789614,47.767920937244604,75.76953071971396,55.13456828176079
524.6578117498793,46.45840907395305,75.84870602905005,55.169882291547026
523.418132981915,45.56934674343495,76.19564779349412,55.146890009223846
521.3491145030271,46.1124909721779,76.35529119658254,55.12221654197232
520.5596032507326,44.24123843455449,76.27925388671838,54.440100035187896
519.6391560009339,43.84682181900631,76.23504706795643,54.452016762378
519.3795963407803,43.79460231588126,75.74519422029496,54.38384834675311
516.1639678859642,43.14059070388749,76.90124361039588,54.320594715271895
516.5573936923333,43.68303207359897,75.73038931211056,54.20861236647393
514.9300953077733,42.44398116122261,75.19589306365256,53.871467609195406
514.4432872147637,40.8859998417173,74.87248166178114,53.598025951331024
512.0666944278995,40.05580239200619,75.03982128824387,54.11210432243293
510.54569997076294,41.84548519566867,75.0920030736109,54.41896918385796
509.30557137645883,41.553699629352906,75.43059766456281,54.739265170005126
507.7676164362819,42.812795075644736,75.3235851816354,54.544438535233965
506.3356971429932,42.46836506984659,75.39326483266598,54.327292687455255
503.87336333857854,44.41875061306811,75.97703583504997,54.16861754827783
502.83305206666694,43.635160523135795,76.11445159176384,54.18461974962685
502.5198260323518,45.56500994085009,75.69094638500349,54.673675797010766
500.3946664727698,46.5408490635545,76.291515748308,55.073560051601945
498.08517468733874,46.96453433618502,76.67468999299834,55.047448051262776
499.1258323496147,49.73555576851278,75.86400455125886,55.11246085066974
497.3890673655947,48.37606276950773,76.05628451929888,55.215419016648596
499.24375266942747,51.98975282562726,75.59102401905527,55.0776995489408
497.95152795239477,52.91340823932402,75.23217511327687,54.945201953969146
498.64347467883175,57.41611800226676,74.51869181665289,55.159508990583674
499.6694370540532,61.63339820554985,74.19268869706934,54.95956772464248
498.27754608221846,64.68386842864797,74.1856991563639,54.603500325321264
499.70163859684493,68.97450056216458,73.44160958609527,54.300708958678655
499.3408897079033,71.10881470396711,73.11949774483799,53.64169981569857
500.8239859664448,76.26503436241902,72.30393999337994,53.65308252027914
501.6033696449099,79.78559037974742,71.2065984176997,53.41070705788799
499.72442016429636,82.73881851072306,71.14197235451275,53.30556610355386
500.14915273684943,86.60699931752373,70.70183948479728,52.73378578878065
498.98273629505513,91.27961046296394,70.86041699729208,52.81934963071273
500.2527255474783,95.42506192770816,70.29849635377388,52.89554264848995
500.4617978701847,98.66437278349702,70.29658095640792,52.911244667380956
499.11781658429084,102.69082272118871,70.80296393835188,52.98911261426322
499.95125252711046,106.40790467434765,70.49098096872832,52.988466164000016
500.24390761887844,110.80885378256572,70.61685242581738,52.652159378227935
499.6152549865674,114.68397496409028,71.02923276368169,52.579712425335074
500.60914026943703,119.03864552014358,70.76202799384083,52.657114477290975
500.3406786901113,122.62673300089752,70.99405002944542,52.27421344156434
501.7708095553175,126.66230696144035,70.64765853829083,52.05151522750994
502.0723922494839,130.4974495040671,70.50895543023137,52.165440347334524
502.1550979339668,134.1302159047196,70.41234594114852,52.38486238001392
502.6634978633615,137.8842954769094,70.13953411946845,52.48754307938437
502.70738983219576,140.82673899028543,70.3270797716437,52.02981059364789
502.6788678484257,145.1716297474937,70.49746602434001,51.83627541712197
502.8316087501802,149.1030390389581,70.59214596399508,51.660956834193215
503.0741540077568,152.75366892763404,70.6252897017715,51.78714151484909
503.39558385354724,156.68407328084305,70.61888936077662,52.12076029866549
503.7686637038177,161.6905007561287,70.42554032918102,52.17687507465664
504.859397735058,165.23059132969422,70.29442627060672,52.22363179373653
504.36302708207126,172.16200263074532,69.87609579923641,51.94430528538437
503.70879481991796,177.0234530782319,69.70485451299614,52.03709347732524
505.4071249040208,182.12410070450952,69.16079444244669,51.611753424965336
506.3826904897934,189.47995422615696,68.92475116152653,51.56838134260797
506.20981784614537,194.81244441808045,68.67576988632248,51.39265877126097
507.4478658589883,200.75364936400987,67.98569986161327,51.16442368408963
508.3315291825445,207.18031003133856,67.30545512368057,50.653158623846295
508.7115762053506,211.91123651021746,66.87232641009965,50.52495434772916
509.1968890161507,216.84417815204642,66.30686741447595,50.418043232039985
509.54447930625884,219.29429736694044,65.72702802078311,50.28327721436132
510.259516677079,220.90244975175375,65.34054763949435,50.17814798184406
509.5819000203708,219.12422348525158,65.14899750564511,49.885357350785924
510.51006758085515,218.06012244834102,64.67149234073115,50.29574021073981
511.69330638946656,217.47205665788712,64.27783882018798,50.412728725241394
511.52535583952726,216.43750043041086,64.05786223451965,50.780287835467334
512.2590507042912,216.17709950316217,63.635424897570026,51.14261190676162
511.2988082837294,214.39364240758837,63.31363068595915,51.482582128182614
513.7760177303753,212.90628600674592,62.877232422550215,51.583332527523794
513.7615577505877,212.062279560614,62.414468422164326,52.02520589342042
513.6051332932946,211.2366322676777,62.301459792805346,52.142488638472756
513.7836593866025,211.29807443502773,61.835292005603606,52.15044841998362
514.5137292842675,209.01495498132863,61.62428245929702,52.44189179515527
515.4016199977586,208.1153155852203,61.43538457723662,52.698812188934426
515.9562973777226,207.8705069393178,60.941081086839844,52.57060111159875
516.925274008042,207.0113542583349,60.6811521181932,52.37466086809583
517.8063018050946,206.458758656287,60.167158657877266,52.060098043871356
519.1302816784369,205.99112441565057,59.515353696349,51.87582917162856
520.2147729093978,205.38558088714052,58.67174965239579,51.589632293101786
520.3393937579858,204.49291887586804,58.03012819447764,51.5606862961155
521.8585312770124,202.9432094153708,57.95678845915893,51.46288536847716
523.886620989433,202.10412942477257,56.96500112416129,51.55300213678298
524.7712003821644,201.77059202816926,56.37807805647198,51.862243067684915
526.4094931165749,200.17175486123074,55.44173306616648,51.72813029218693
526.9877059325179,199.05643154711274,55.03796246357747,52.01604315577454
527.3301546263895,198.5550283897697,54.59775501724057,52.19810972436686
528.2349324508034,197.75515530586557,54.27152151196751,52.1062970542845
528.0692917019006,197.1133484043783,54.50499417188229,52.01219479280587
527.940406333911,196.1389994951266,54.69353578188508,51.86953824119212
529.0693506050852,194.8851861053091,54.223778953403766,51.55261057746775
530.2858590322934,195.28054185322483,53.865667494495334,51.360150424409724
530.3131249613485,193.7808909117887,53.78263221841631,51.07635599380542
529.7921562069744,193.16741957676993,53.6297760259926,50.99566621755386
531.7741405715497,192.6068184992007,53.37210612496709,50.808045740856386
533.3701236614776,191.23107204900867,52.673380301556506,50.6794269469045
531.7872386291667,190.22358618703186,52.618859228482876,50.54808214253785
533.0726319960393,190.52688261405905,52.41966978477688,50.54996401992878
533.1420124503165,189.45523591593337,51.97905951098792,50.36273678629729
534.145946151887,187.74669696117994,51.60493539397988,50.067610716312
533.3054389822231,187.70960517158952,51.71394350772184,50.080942244711586
533.5480679185707,186.17648011907508,51.503191250260876,50.04044186145919
533.3734290975881,185.0076863013183,51.366476460585574,50.08890596181652
534.4089324909994,184.74626345399787,51.3454116903645,49.84304438106673
533.9942555879095,183.63535804072885,50.89464464693498,49.52605210701885
534.6427450156119,184.0095719690106,50.85636330129559,49.43468296627569
535.534113943563,182.61055935182273,50.10843074324501,49.109050974088916
533.1292689760486,180.15852498297286,50.70861750444574,49.23099996081206
535.1050844550446,180.90570059006933,50.82548325055549,49.28236407865042
534.3913746572684,177.63043141306088,50.91989503360766,49.15435934184697
536.6418503922539,178.677025713346,50.77664009683981,49.066251918034524
539.220040122579,175.8130065544189,49.66176454243956,49.12032478178722
544.7215101179597,176.48144554771653,46.69868050870957,49.19975233718411
549.1288940035554,175.32748105877494,42.35035866036958,49.14613956702042
551.7205689457702,174.8687689778265,39.45353831695561,49.040370369542316
553.4072714655167,173.54286121466112,37.253183204220456,48.80629112048248
554.254131970478,174.65878395394125,35.46046317086032,48.49296370832841
555.7785452059675,172.97804132066324,33.69755588933451,48.24957531765789
556.3474866986381,173.0497741835893,32.24520452020411,47.92535397657139
557.4853021893925,173.2072130020991,31.15002397814859,47.84112819502053
557.633152942715,171.28093840978104,30.543745078925394,47.926648571062934
558.6789099105766,171.89915805247153,29.988424990858512,47.65389336771315
559.4389694906357,171.5489972136139,29.456129317068523,47.6248754458191
559.1070096439563,168.74479576530706,28.96328021159916,47.82194716567497
559.2446819418045,170.33395430291046,28.795937324886964,47.5213308961322
559.4689532822952,168.6971171577253,28.84979027378847,47.26259551853377
560.5276028429332,167.94644328161573,28.78437103532486,47.39890726001071
559.5359681505927,165.79272647674716,28.65178043465446,47.16971977599784
560.7121669813822,166.11111891551235,28.28340682092704,47.146826500029974
560.1056322179223,164.82448105826484,28.40187185565931,47.29779996843127
560.1999285929317,164.83516489481116,28.462210990406255,47.03494669963547
560.8500428330485,164.05566084189323,28.668040249430376,46.86203647051042
561.902700584496,164.16508733933662,28.605998672316712,46.668955570350185
561.4517833568157,162.82432447575374,28.681325559317827,46.6098654527894
560.8630101061915,163.81199773032498,28.652435903339565,46.74836476884226
562.1870675156651,163.02517566508504,28.800936684978204,46.34074669229087
561.3178954654421,160.73524743643668,28.61635292897909,46.39747082536884
561.9704410755585,160.99078256372633,28.78828197241809,46.59221111766454
562.4614289280748,160.4357321239982,28.958024407033903,46.41035032719893
562.6450094969425,159.9272359974978,28.675503772228137,46.32797734582473
563.1499619072999,158.87405176530444,28.793177686865036,45.89398631314111
563.3479866571926,160.20183927042964,28.705905042548565,46.245201464023516
562.527105061906,157.99759592108157,28.770794453824763,46.26268169299311
563.0841551858498,157.14664462354474,29.02862718933568,46.12908929294956
562.6163087413254,156.83322545849907,29.080210581313967,46.149772227533084
562.9649848803847,155.7151593386942,29.259735134250178,46.150049364603774
563.1637817094886,155.72351122576467,29.021641598112666,46.146758066048804
563.0761783534172,154.5953089850668,28.841181195997784,45.94234711775704
563.7035628308489,154.56248803705762,28.727891733321783,46.20037182627536
563.5017542971084,155.58646038452463,28.617180797873154,46.103721076653855
564.5403206265445,154.52971268209978,28.261376874352393,45.910072316464486
564.3194003843785,153.15985359998365,28.340226025676593,45.89998884495459
564.340333865448,154.65155518963616,28.287174371154876,46.07108090490735
565.0855257899009,152.43603757336953,28.439673823030226,46.38912480443281
564.0677695983842,153.62973078218224,28.456677294930927,45.965605574307425
565.1722649393511,150.88060310864142,28.442663419637785,46.007806233889
564.4525534579374,152.33634764424826,28.52681599672284,45.5852240230269
564.9508867815648,150.27098293890958,28.641019710796066,45.39008673448549
564.5661378477181,150.1282223500998,28.47979248083336,44.96695923046444
564.5217182917493,151.03840397491177,28.29862732031013,44.8539476654108
564.6829723327518,150.61530570236678,28.228530126976874,44.63402787749301
565.1401283556173,149.03284659175526,28.08193353534734,44.67332048836446
564.6438875606835,149.72596539427408,28.01641646798837,44.317402097194
564.874563703599,147.2204604509369,27.867304782743222,44.8776673549621
565.3868188852634,147.32065434295967,27.750768662578665,45.066058257440034
564.8431399721824,148.3449868276458,27.644370385225002,44.68504160349747
564.3480388413084,146.26698103673596,27.85146107470749,45.069431481215574
563.6462795698596,147.49928603782394,27.977330691823738,44.76052216263337
563.658495104798,145.20455987445035,28.47980086706417,44.81109509484931
563.6318123249724,146.4852388749257,28.594247359332464,44.22568924233613
563.7940527287267,144.58706013297714,28.832922679753693,44.246549289709755
562.6459771314367,146.24609487410862,28.851699606755496,43.9214912820562
562.2847185623165,142.81924106949756,28.99496259460534,44.218665077801724
562.28975818778,143.9286525816889,28.84659293840488,43.94368970966908
561.7492101999721,144.7315966500601,29.11819489546593,43.494310972340735
561.3626478619267,141.31011891425683,29.292579947533376,43.95855855820508
561.2734863007289,142.75884555698082,29.104264886335066,43.7473082756868
561.7434044618632,140.81088747704172,28.99989304160576,43.87819452833843
561.5230367904603,141.1542629826369,28.697677944958198,43.76793582671839
560.8781830577616,139.64811843952563,28.72835220723066,43.63413726645656
560.860403689858,141.43665495679926,28.757029229170797,43.594783958471766
560.2287004107133,138.63669490107995,28.87752196910091,44.063325896082304
560.0263046536492,138.60513314710738,28.697718756666603,43.649078188207085
559.8524779791679,139.21355926188693,28.76163492301173,43.42041565591367
559.1794730606542,137.8075012789974,28.73133250417971,43.56950671934896
559.1475407311531,136.79090524945198,28.698517475682184,43.481833910275704
559.9770658551255,135.7602689452988,28.570946109573203,43.21426435549614
558.9953843587226,138.26950407365814,28.363273335777336,41.78838443080872
559.2212860639823,135.58257609475157,28.517259109828288,42.64402139448122
559.0441481365681,136.47190785876498,28.502653739070784,41.958817949462244
558.725461831359,134.28561529572107,28.412258405153032,42.59937792906566
559.1463558537413,134.51047531577717,27.95515969144317,42.34864775711755
558.3633816142637,132.05211359004124,28.137471695788808,42.82919872323782
558.2096877573093,132.83953682558035,27.994542026885338,42.65495650020645
557.6851550172041,131.16245127028859,28.074521813736244,42.73582743989157
558.1210349448468,131.79423469503865,27.92612011274792,42.60666000445393
558.1018629430018,131.94796112403785,27.886262822492487,42.1354193046587
556.8769163283423,129.41167121082344,28.32286564653815,42.661017319564046
556.9268140196699,132.74709830616868,28.017702221890637,42.13165787985013
556.8601732882079,131.00424141099487,28.033765667236565,41.798050991486825
557.4171712858076,132.61023676948594,27.94252052652937,40.963837374114036
557.3511850149752,130.1777312670965,27.519805568194226,40.96074535154919
557.3193056637323,130.34182727614044,27.101584900562827,40.38468956393008
557.2973225941149,131.23310207254684,26.825543715578725,39.36433174357816
557.4035933799727,130.52552547382348,26.696833930972662,39.04134102012648
557.3711716876493,129.99419104469558,26.67267279901778,38.72031236861665
557.1376681599729,131.22542149176581,26.77108854577678,37.95650564928089
556.5085058403006,129.38640497931218,27.06009860992618,38.19813730700067
556.414928220441,129.96124377544592,27.218536808629754,37.93865746863939
556.3149884055382,128.82130094978436,27.110219416950862,37.802786894376595
556.478742954135,128.88133285653333,27.068644767999594,37.61326507306617
555.4376329871891,125.25891945115745,27.23393354954764,38.60431533352495
555.5495690021878,126.31728028865359,27.023550289081463,38.441740997399855
556.0530353449235,123.94843625584922,26.969971485446045,39.17744542043047
555.2383092193584,121.67290690349708,27.269315093998145,40.00813669349414
551.7187790178527,120.33667627190269,29.71866907611104,40.50826519301104
549.2707305164892,119.11248762375637,32.00313277805694,40.510856966842745
546.9577126293485,119.6033871524353,34.31494430917403,41.11588041925048
547.263304111902,118.32872211734957,35.16126561652806,41.19923758903133
545.5492806577482,117.89320931705201,36.54486367229645,41.55833081657957
545.9177858487514,116.71234722015231,37.03650624439178,41.84733162170711
545.4543562665013,117.81644838436281,37.52295098018088,42.1807857874267
544.2210980278173,117.49677998649376,38.09688933254884,42.31781850601638
544.7349473030258,116.00471632678173,38.46086863857731,42.453725000245115
545.5315698024986,115.86319315405815,38.46230442576473,42.5173652177626
545.6014102647653,115.30622163700693,38.12009359400457,42.50894802237285
544.7335149109676,115.45942258848751,38.32011770003733,42.6081857678492
544.7253851317306,115.02162914658979,38.627362365933244,42.63527716824619
544.5396975609705,114.54641366182017,38.688373737922426,42.55866956356671
544.3143687747446,113.91724075535762,38.63863458185847,42.434447017116774
543.790858950692,113.5673373997814,38.73609978660415,42.48674701440205
544.1380908192654,113.01268907586265,38.87630706996545,42.31577022473955
543.7493441994509,112.80653348864838,38.85665065139111,42.304711037839944
542.6244024230938,112.58000284347347,38.830960473636694,42.08960521393196
543.5914576222035,112.18371058362095,39.22715708225304,42.046832067621395
542.9546479555311,111.9118432742604,39.08598149372303,41.79212003106902
544.2817078704954,111.59147367531614,39.080390716528576,41.78730564009039
543.4660643927957,111.18476680573998,38.92826092388132,41.517497943695815
542.8175549487622,110.36203692615479,38.754851345151444,41.55874017356932
544.4924236038701,110.2088634013284,39.01194081716225,41.620595646073674
543.5306396385371,109.19928386792579,38.662590046656234,41.33393806248827
543.3484813491784,110.00228815692618,38.65773548279543,41.53295267784684
544.0486190013414,108.10419407174628,38.46847397241493,41.054864114808225
542.6737340993399,108.92466326334562,38.240689455128816,41.14006098551578
542.8116434447538,108.5849873051441,38.35538895277747,40.9174506216454
542.9200413404074,107.52433206579144,38.4063086155721,40.581363639413205
544.6111921404772,105.89996221547518,38.4773608972682,40.62681049336604
544.6687589881154,107.86662678129612,38.419890165859044,40.5788420794976
544.9424268305589,105.64744013156619,38.439143836440664,40.381290085988724
544.8613868768957,106.8006168218989,38.15687254747808,40.45289691040143
544.8816458388833,104.7352712777945,38.32747522897171,40.20236241267273
544.5892095093642,105.56854115209245,38.133752917306666,40.443171296889304
544.8366197330425,105.3209751745344,38.30151486741104,40.15331484868511
544.9942360229978,104.9942592466162,38.08125299062553,39.89573596233401
544.6669798708494,104.84278317347483,37.951829748047224,39.651782591038625
545.0086334323951,104.00163652446153,38.10787809370599,39.65444942422146
545.0426120837426,103.98700863343343,38.01634596190928,39.64098059690266
544.8881027088241,103.50245220006828,37.90963900373852,39.51965462085954
545.6146434258211,102.42557228271292,37.98924189591639,39.655790554203065
545.404318482684,101.73509000602579,37.89545696773752,39.48170139663982
544.892852029521,102.16516980060644,37.99787290629007,39.7464807723223
545.5918505312271,100.26027316695357,38.3067545649871,39.659667594315536
545.3366225773158,99.76169196014706,38.42861489175515,39.68022173156135
544.7792374542873,99.29121300309454,38.26141797472616,39.603967731603895
545.1593051528891,98.79639342154093,38.445130233772396,39.7229251320158
545.3836952060758,98.50150696374746,38.64101870650069,39.74978606029804
545.0380888203846,98.68136873669765,38.47888369956287,39.79445094213205
545.1405831848252,97.30244647914819,38.65107697751758,39.56009269844189
545.5136645644012,97.32351059373411,38.891806918560874,39.93036376126226
545.2790744272775,96.38890108106655,38.82740259808186,39.749030418433314
545.5412092049567,95.94238757114127,38.85713389721552,39.731657047658864
545.5133013722676,96.2544467762045,38.87780857138275,39.7654976219074
545.5632615820716,95.06462164426483,39.04221615470439,39.40468462895082
545.4953862595451,94.7308264845754,38.903476443312215,39.43567826864217
545.5581016379404,95.03885500952047,39.02716067675598,39.43879236133014
545.0229982630857,93.2959543797218,39.09765734345744,39.408053093583725
545.5748046904289,94.13145494683818,39.346629327638404,39.59386348278849
545.2298487112031,93.1558410952732,39.200939479449325,39.3007216790825
545.7746645195128,92.70302818313942,39.5951335464236,39.35263351409223
545.7502044952879,91.9284676983865,39.38573755483429,39.124578580277785
545.8723907661206,91.8782461037496,39.38335414891122,39.307220866231255
546.2559932129035,91.46862813570382,39.60081417233759,39.28023487849468
545.5650232492087,90.4128533020682,39.687115061641066,39.02615344225032
546.3256308070909,91.39949766735333,39.774435712478336,39.11173311988318
545.6589992026309,90.51031664351422,39.812899116710845,38.978397779866114
546.42204078349,89.96791892095722,39.93612320596901,39.03037156970665
545.9643203528344,89.39748868714506,39.84201206532724,38.86611729123722
547.0111574107674,89.41325339326974,40.1163646828597,38.85421068172222
546.5490752067867,89.27612367850332,40.061006385742914,38.72563808000508
546.7499617764648,88.52755620788434,40.71472946220717,38.80735248901648
546.5826644757723,88.4249418434909,40.898246793084404,38.84059940627992
546.9014179884055,88.13795059681617,41.038617575435175,38.76530516623094
547.3510315528666,87.54002171482335,41.20115802463781,38.83108175345877
547.4261474433745,86.87837789460033,41.68669894870033,38.72985462339699
547.9872163042033,86.94039860362844,41.967439034659705,38.86882895241109
549.0048259422845,86.89791683230955,42.13606192158345,38.78971473625981
548.7170659114443,85.9741452669311,41.95332697838103,38.49191790119639
549.3391894335135,86.40566548498208,41.988758278969115,38.520036522711635
550.2299253206174,85.97708772571882,42.093501714722166,38.66190578635534
549.966162686588,85.34724629233794,42.302041997429534,38.83612417557802
550.9932489534692,84.55502683905979,42.508336992963905,38.54000888291557
551.6835305818714,84.97041228772291,42.658962701003205,38.5388430881284
552.5793060172866,85.2525328758702,42.50083468173541,38.581627058318205
552.2140164786003,84.0729637367031,42.68772784602194,38.44558711399613
552.618582709493,84.6403577806818,42.756372483845986,38.55916633560908
553.4811410246868,84.01055957261434,42.88799108295061,38.536749812290864
553.9021311379795,84.54918712188825,43.07013500187296,38.55896675964145
554.9785417361824,83.89419177364722,42.92251705253764,38.360275205146955
555.0442019736591,83.23707667913735,43.18671964887313,38.21559731311201
554.7657403760967,84.06873418419671,43.4136715305214,38.18430134596204
555.179955940388,82.56748805911471,43.475682296470154,38.140437394954176
555.8562767266828,83.16941940835696,43.602120924075706,38.249547718930614
556.3760458912338,82.07519817477723,43.58237324438786,38.21716499077758
555.9215631261934,82.31664438228754,43.57813076665623,38.053272819897586
556.3370897109844,81.93643175364411,43.755576742581994,37.9755785703485
556.1115857553218,82.22252953376181,44.06554766660258,38.150575392925575
556.2563999872992,81.61689845936425,44.28348756202258,38.29598060812696
555.9529563068413,81.75857320455614,44.68930985946183,38.11007374469631
556.0258004388592,81.87041130768404,44.83500343136373,37.94367903258113
556.4682226294741,82.08401523096964,44.93470189681353,37.609137811986486
556.7546293223762,81.81645006982066,45.167644126243694,37.55904779737038
556.3294272890038,80.69889610019885,45.34489145470736,37.51464523856714
555.5891060699093,81.39853281884822,45.92821028449768,37.22946176708872
555.9685667500521,81.08073843332346,46.014595320696635,36.95077441509136
556.8399672686362,80.96155017342063,46.22998520149702,36.89364922591264
556.576733490637,81.37582129767046,46.17297192253457,36.75500260729579
556.496257992701,80.4909547822821,46.09419208344568,36.69937247889284
556.6497817133815,80.90362053466757,46.11601732274881,36.71217573974689
556.5514451562469,79.8075901978452,46.3360363842836,36.68394527569632
556.5621967285072,79.81582534164251,46.4808998169115,36.60444093048451
555.9726299527252,80.40137085355656,46.599303388006476,36.51855498478143
556.4672145359538,79.09228270316382,47.06824884557285,36.650952476973146
555.9980221928711,80.04839638841999,47.08156944482431,36.58172742579674
555.6437779416309,78.97129161948337,47.492267419960775,36.703786695115284
556.3174159046774,79.4703403054619,47.48784122531306,36.97834862491603
555.5390006353456,78.23738951825763,47.763681163390956,37.21837434483241
555.4204011824957,79.42988009273142,47.96334344799709,36.99689112068948
555.3823002592716,78.81977845898766,48.029337164562264,36.759941067864546
555.4146665927303,78.22888140884159,48.089497686121334,36.58448113983635
555.5624408950845,77.63013150457354,48.283267929069225,36.82382054798184
555.439791192366,77.80659083805998,48.3343229497407,36.83712807729802
554.9688585339429,77.58560743670364,48.44505728514157,36.86642092981536
555.5321755244429,77.16722632273364,48.657290491641646,36.673092825724126
555.1057565164408,76.46665684964866,48.894649992020746,36.663709310956584
554.7647389556442,77.92437437982369,48.92222039193417,36.61497346935654
554.2477814432558,76.76355587579808,48.98692765303927,36.93552710338432
554.6087566011095,77.12543585692059,48.921868206472496,37.04326433352211
553.4940799145534,77.06818199395296,49.0524819555613,36.75144576551204
553.6843054561258,76.71067747698751,49.01112694175238,36.813699062138255
554.0090552515119,76.4642146937631,48.923028718167615,36.70373461393865
554.0773012432822,77.23236195904303,48.77568773560341,36.36696400916003
554.7399947869492,77.54228304127054,48.957853748855555,36.426916156228444
553.2815199815947,74.85888393554657,49.114198501166165,36.563810192871685
553.9552501828076,75.22262524346897,49.2510062872167,36.093056703003455
553.067423586776,76.69315161892027,49.38208245291277,35.805507370069606
553.1577885847759,75.26829424651518,49.411053994999094,35.889825996715714
552.887940616938,75.97333422342797,49.34256511622182,35.68169611613236
552.8448269305442,75.71006934030065,49.38972998900942,35.67163530621511
552.6374346668786,75.17401599713192,49.42753087376231,35.61599541052132
552.0587639481408,75.99476552180471,49.3781614958081,35.45029592172261
552.6243297143712,75.68723418452142,49.42508477291767,35.47887177988296
552.0070576205608,75.26735143610955,49.66289434139806,35.26227130990979
552.9539388915781,75.59125287591888,49.541394372605495,35.1662415015802
552.1530789924458,74.00158987557617,49.659700474581186,35.149324216132825
551.9680259874804,74.75158460370977,49.67459713392593,35.07030949131092
552.0695974868813,73.8457876576773,49.66192959899121,35.353598329664926
551.7375050346385,74.56820881686265,49.62936767730497,35.38554739313017
551.115058412387,73.59314384602249,49.8255853846986,35.65620345785739
551.5562174468558,74.08840394492168,49.9134669007219,35.58882473955118
551.0709524941453,73.86085195351845,50.193490824697676,35.368483165717024
551.4496579543734,74.11193562729164,49.99342243353851,35.15723989043625
551.849752384352,74.41076150413504,49.9442253948703,34.980150880890086
551.6538716649161,74.60925584815632,49.97267506616382,34.672731284644385
551.7308712888527,74.94748525877588,49.937068762626744,34.644969362819324
551.9704025642368,75.19565710857978,49.95767051849914,34.712498954227165
553.4124861053292,74.68688287416583,49.65602296756417,34.89894695918788
552.4373642361721,74.10742505669901,49.78674766290973,34.754990890019926
553.6960561295725,74.96554451823773,49.91053819251512,34.59447706459874
552.7746185590614,74.36936233802356,50.10804285013886,34.646521600808356
554.1913315552234,74.9758490973401,50.28984512929918,34.56039439565184
554.0645955541775,74.10729252779818,50.201550773969224,34.55182577204035
553.6809899877811,73.95376510704386,50.36950348391041,34.58223876784587
554.5223453403995,73.58655158701899,50.42502825230635,34.68208328836437
553.5967408427514,73.43115459885054,50.34116339506352,34.7730133730997
554.1822838331941,73.46851220171325,50.36206349816261,34.90157575526491
554.6467085373458,73.58253135364365,50.37338437794497,34.89321823753693
553.714093627937,73.4757711162282,50.34304534910639,34.908343936977175
553.7142206115624,73.71968834668223,50.47658044435566,34.966774124506635
553.6353744042557,73.61411326527153,50.63256387459402,35.015769135960845
553.8383068358752,72.59797326108722,50.61822427990976,35.087325267376336
552.7686785456784,72.7901012772489,50.811649561475285,34.93257668134206
552.8650097892572,73.22187640002352,51.004393568458234,34.94924494165219
552.135710647184,73.65115938521726,51.4077245186201,34.8697011880616
551.5792723576885,73.4457195362489,51.66262990620493,35.09294355689673
551.5473438072694,73.66611093139764,51.84739765157451,34.84332287597426
551.4251774058357,72.76409922884348,51.89960704135581,34.8401258220982
550.3223958279015,72.86684965912957,51.85541433784948,34.786236289651
550.0392978858534,72.81735591061023,51.825769767843894,34.58265725836937
549.5261848772379,73.37519326047097,51.82507928116854,34.46130628911666
550.4420474590927,72.87119797565651,51.56290367800612,34.46122495933149
548.9277650309135,72.53309949694567,51.78350039471586,34.33877689722195
548.2571065825839,72.9441158541297,51.95271340953914,34.15581278636951
547.8171722115254,72.76698959606342,51.927873289351425,34.06264708961143
547.777178664163,74.07441971674785,51.91353055009196,33.877245466406634
547.5171534568285,72.67601080628708,51.9167200028469,33.900595269750056
546.436251466455,73.49507525758342,52.08671795332039,33.76739495602456
545.8479132614189,73.18574464630731,52.21923542784589,33.83239101744395
545.5652667968903,73.17990556444377,52.15919266354353,33.98330563136636
544.7103718935068,73.64621212801866,52.343118822849604,34.00490087824002
544.0295248742078,72.9144237742556,52.26090417004147,34.02876506135208
544.1620371471498,73.76336587605545,52.38687083509491,33.937555052088314
543.7218258539365,73.30460902958427,52.200307337537296,34.00472694815567
543.2529570535661,73.24392567534429,52.33354054374667,33.837900907612195
542.9437732062136,74.41150583632992,52.3883706407955,33.80503245575811
541.9950813997518,74.17202324486894,52.39633469805498,33.74238692090666
541.7669170444141,74.05473468127644,52.496248613808554,33.34328179711509
540.4176541728287,74.0361259770803,52.60479327787775,33.02046807757768
540.8357069363345,73.52240185953028,52.62305786805349,32.7397803263496
540.0404512284593,74.65500257028711,52.877875924429034,32.55123906108595
539.8773871477391,74.33582715237773,52.82048968157261,32.31399480413125
538.3850657426427,74.54683133763837,52.940218551335725,32.318027083024056
538.1112472731339,74.23453362581361,53.04742580285317,32.42345746761107
537.6332053329963,75.41456161849754,53.17903153371441,32.37022521271193
537.3338776005342,74.6389947758527,53.24376671055269,32.284899547415705
536.1936833672834,75.02187378002887,53.593903101859084,32.1460336289071
536.2590188029396,75.11923314971894,53.621526908280956,32.102697335816025
534.8993236966198,75.21078599375852,53.95815039728774,32.039006930940005
535.1356968424589,75.60389234203957,53.899542899554866,32.17865177832321
533.606540022407,75.9871662199345,54.167909029893075,32.17373121979899
533.0778250718802,76.17348949099386,54.208432192665484,32.04177681635211
533.3385572725816,76.72166384232612,54.30444520825476,32.0186245248204
532.7130802567846,75.96189836697116,54.71523505527847,32.00765315619442
531.2951288107979,77.23200852640971,54.81700708787679,32.12053952677042
531.8447488140703,76.4315639264517,55.095452628207184,32.20618519641301
530.9804238888312,76.41947752683274,55.128576355638415,32.05683504643217
530.5780398850238,77.2142703517258,54.992228030245386,31.94286585172418
529.6094001185837,77.40160996731902,55.13896496058639,31.880137304131505
529.0760875935591,77.79306468884408,55.13416361903403,31.74482612768294
529.1549331310846,78.13930899748921,55.24499671390515,31.648544175431738
529.0189886819294,79.09494751375706,55.36419091006712,31.509972221021037
528.163424737133,79.34684998457931,55.30986164633943,31.449663983478107
527.9950647525563,78.40440334895621,55.47762104420373,31.28871985238054
528.1145063540024,79.0364751387985,55.55740239209287,31.331659402578783
527.1462776699701,79.89375869223275,55.69172047793077,31.330471201960286
527.1105930389527,80.15278757105978,55.73142775266089,31.351842155243737
526.0217550026047,80.3078673228188,55.95027203824766,31.402293613639756
525.0391913898455,81.14170590405615,56.0920960411098,31.309079341790042
524.7492025129783,80.91304672757198,56.25106854582069,31.380472401789632
524.1887161682131,81.06831394150613,56.351762304687085,31.269233017866647
524.3927132801527,81.7393946405929,56.55424171362017,31.18819527691965
523.4195556185784,81.82422064784001,56.758232207667405,31.208332080784817
523.4647327446844,82.81854165850571,56.860062403697654,31.207986568242497
522.8352623378249,83.00569103802168,57.01264945765091,31.025795963507427
522.0551415224674,83.33531939164601,57.27455124461616,31.17641474454002
521.0090377187972,83.92004110936476,57.45852520937814,31.12817187062594
520.7868957124543,84.49864775759787,57.45787819179046,31.10206208978473
520.1990931084779,84.81961970432937,57.578521241540365,31.020298860384216
520.3906001986172,85.59183333464114,57.52239609934759,31.004405535307576
520.1436627064309,85.21386294076562,57.59781405247021,30.98519983868361
519.3182984806069,85.67797511777627,57.835151390836856,30.89071571903731
518.7377840629946,86.6460215835416,57.787104298327115,30.8915276947332
517.8561724328,87.1482500222429,58.014271040161645,30.85270802436186
518.870922414126,87.5996463950666,58.11170894372074,30.853174556058192
517.3524616457307,87.20990484859291,58.25196300004247,30.801694514239966
516.9319697348029,88.7349280623893,58.32442265197626,30.957367080787794
516.8309804762649,89.19379509204923,58.646213180771014,30.8859617568195
516.1926360889917,89.52923282188549,58.77774509496592,30.75027306472512
515.234153096026,89.9585955073587,58.61614357601441,30.70468856291933
514.9766199072454,91.01421350632735,58.59117089107554,30.722755543497648
515.687049386459,92.33048210363839,58.838067059601684,30.762352748289622
514.7182297194568,91.88988516876293,59.012461764699694,30.357535875853046
515.3126833584819,93.24410004218174,59.20459696711838,30.8246584971795
515.0724735707829,93.20944431067817,59.2236823140007,30.591647572491333
514.8631734949442,94.4850395563328,59.29337499497481,30.84863884387738
514.3296524902406,94.9362342911371,59.24470960692102,30.812124618409403
514.6132080292972,95.2151056913043,59.335786395018985,30.438463849324975
514.2811316599176,97.11449763461175,59.505111863270365,30.561814362124167
513.3452414855738,97.04852247823588,59.527053955122,30.312447536204022
513.7347250648792,97.7084219259794,59.74782739709703,30.157840291107632
513.8462660917527,98.86140911729802,59.67293870272511,30.434080263939094
513.4748727488254,98.70679935740408,59.72296110635307,30.44712668802386
512.9011118172149,99.84435847655917,59.45945696859763,30.42126076904964
513.0709720741734,100.21541766037893,59.52607800741494,30.203831122113222
512.0401905920738,101.6608850123937,59.384546489192246,30.2125088448415
511.2664337700441,101.79852118202632,59.50798786762661,30.253001886435644
510.94278727788145,102.50674397634613,59.686027311912845,30.334511620061658
509.9419391175962,103.00273422386897,59.85494470181936,30.112092892594106
509.4804730380846,103.36973411265089,60.02880764697529,30.126414648233393
507.8817790361305,105.06302376194989,60.05372555811001,30.05151137502598
508.2976292591426,105.69465166360895,60.38471432107031,30.28788936077039
507.2381277112546,106.30779839632815,60.207574838721285,30.473903634589796
506.42230881168416,107.18415005566862,60.09765074821366,30.675484983877606
505.55256991062043,107.85841266984151,59.88752833061459,30.772455361000574
506.2087388589915,109.62219275290073,59.263132938755234,31.20148393999932
504.7258998763689,110.67740734919265,59.22549974677392,31.496450255227977
504.90658385619736,111.13441577911169,59.308910229499766,31.44362419128835
502.9198390791591,111.94144285402443,59.40689624353733,32.02215121822068
502.3042430097245,113.1146511867657,59.463161624594015,32.29449370801157
501.7661295942564,112.75969413644391,59.608297146936366,31.899274752014513
500.51051140299904,113.99134019807003,59.64899825113077,31.809487267434143
500.52709648578315,114.04949417388708,59.529768515250154,31.650820917362545
499.9850228957474,116.25763215528885,59.74392057813404,31.703523836394965
499.48246081643146,117.21302855873722,59.63835748090659,32.08124421309195
499.10168482793915,117.64208323827174,59.877555331914714,32.37936959523387
497.7314325679425,117.79155980420913,59.943194129251715,32.54515340183565
497.23452209975653,118.84254018737417,60.06840849824086,32.51873890015401
497.17122799251825,120.23990842981505,60.193669198068925,32.30040317210818
496.9128811295987,121.07976799890544,60.14334632234558,32.14287031322428
495.6669825139103,121.68899821672257,60.22517040919119,31.76663399868378
496.88611779873804,122.88610947659168,59.909305845395004,31.6332452191799
495.91915670465676,122.79385516302148,59.484249762073176,32.122777039679704
496.3505676125483,124.22586401476795,58.916914396485446,32.43487627954612
496.5155339688502,124.65405734731138,58.5481175481394,32.54499657246707
496.8804594757686,126.47102083379531,58.354704522583944,33.09116908680392
496.2601413842191,125.40783930925235,57.88429639415946,33.030856110499194
495.5604968269347,127.26156571871824,57.699616392517385,33.18926327691898
495.5467837286746,128.16242813603324,57.857520494311,33.66796446767962
495.7872251564466,128.80029198272072,57.86589545126698,34.181634967664046
495.2407230169945,129.08009761631553,57.83573078485866,34.341735004185374
494.5086761861554,128.7002990291968,57.81656333813838,34.66250466377435
495.08552006247555,130.1499939509095,57.7738985347169,34.87099445902085
494.51583817386023,128.97463507296334,57.7082299633147,34.63505755182723
493.744470044314,131.74799270280172,57.76474490893059,34.65471802457233
493.44235419719627,131.83206012110003,57.75656510414258,34.91215081492887
493.4802830062321,132.70497956608327,57.89672616282871,34.96677274039206
492.7902354509577,133.64257031714018,58.25683225970565,35.53601872851262
493.494322375743,133.08450949467505,58.33616146189284,35.46728014395071
491.99805003578956,135.3237779265695,58.63037240156537,35.4263500916852
492.4358344001491,134.18879729981012,58.63190938573699,35.542518010243036
493.12596490561407,136.55195215643326,58.389648863088226,35.299591475707686
493.0527845318868,135.3833628582494,58.30634957636317,35.076589408012914
493.6316558434101,137.38567336803328,58.392747578316566,35.32155640114049
494.00955695112606,135.8020081364562,58.53646623690806,34.81382277738057
493.71077689929257,138.45338724126609,58.48078232202038,34.88244823475297
493.593047151419,138.9932497766389,58.63906286268929,35.82893776361675
494.2839423941123,138.56461391913172,58.85164798765441,35.63971594835768
492.66657491455453,140.55445625371098,59.06531055907456,36.37101455556632
494.80064994870065,140.44176285941163,58.85254989507916,36.70408261857909
495.21306992945364,140.3318476703476,58.903900119120095,36.58634280627744
491.23214139433946,160.74700886544957,60.07785435731715,38.424324859432915
492.63364776148177,163.74644105745827,60.296066598618495,38.92211880061079
490.2683015386428,161.8324327991991,59.88968934214806,41.14768780736354
493.3121222072255,161.86018755163354,60.16723660361543,42.42140193530713
495.390333742371,164.61845208692463,60.33442193176183,42.01975628757651
492.52647897905115,162.67960175318024,60.28979259121414,43.055705856432496
494.85818038054344,161.82412381589407,60.38922242983106,43.711333361864206
494.68254868514765,156.32616665133457,60.57404294952891,45.9504575298504
495.17711130584263,160.70495797959228,61.62059275696712,47.650775874311556
493.0911749485034,155.96847584430662,61.99510219039553,49.09120840660161
495.48650613079883,155.65394020748323,62.78531140783595,51.310138689037466
492.088480421834,151.18785771651216,63.95108328475001,52.94970113191707
493.37322549930445,152.91604323600998,65.31788768547315,54.31226930190579
493.1134518612674,154.885838082691,66.1272909185785,56.09826554604376
491.1957754920446,149.6235255401266,67.51174644022717,58.10039917609447
494.2112456897392,152.3889306102265,68.04721229483803,59.60917033472275
491.78130614282696,149.0867850777459,69.45572114940471,59.9219422346449
494.26567776986593,151.19574143908073,70.09369786602986,61.77418942408462
491.0700331696642,147.65964758374906,71.4446123105739,62.605562925763586
492.39358577266444,150.17039550136616,72.23357277840155,64.88368867256067
494.8082373014563,151.13760574252947,73.14248993566159,65.56004699882777
495.5285198044232,154.18069448249514,74.2334801055091,67.79003162827144
494.5176048428603,151.25798786666414,74.37298580988487,67.47327444977721
496.32114037826824,153.53326792151097,75.53858929961585,68.90977488695852
495.6019581953247,149.79999186221931,75.67049614597173,68.01783701530744
496.4681418538827,153.63917079560292,76.2910646198714,69.41821450010275
497.2276818991087,152.1447458051059,76.49747891418491,69.85799221547178
498.84538848201896,155.66662663283304,77.31507478156753,71.9709383236894
495.95511645590466,159.486848733565,77.101447691218,75.20036716910042
498.8123106237689,153.81773625368692,78.32501711916147,75.76829793940348
498.5508984716505,152.62678892100172,78.36001793707008,75.46858249735206
499.8975674759065,152.5058302868485,78.66948754574562,75.3750505469085
