254.0,0.0,52,100
252.25489366981773,-0.9685650737159435,53.001595717005145,99.31310670993189
251.9232254487119,0.6906945309229826,54.69920339945123,99.32646616276341
251.58418115828928,0.874092875261681,55.478640857249545,100.48432767721101
251.18961772773673,0.8573301342586035,56.340704730073426,101.6798709814828
250.23706464857614,2.086342514142906,57.22450961886334,102.58540212991731
249.76174386610117,2.9909671060598058,58.032908752172666,103.55548033866164
248.67671566029065,2.394767725654482,58.835869216528046,104.40681464634729
247.75663811053658,2.6109748852002497,60.15609633752061,105.5866439795995
247.15253018250473,3.4438886347456474,61.267907164287436,106.62012678324308
247.80727647357207,3.988775223585691,62.16745999230899,107.75893026571924
248.3949379707921,3.868587638973416,62.592234654118926,108.64813966345942
247.0248542420562,4.377226179022827,63.66623389870009,109.63901077671997
246.74529428938507,4.4543642474002,64.76859721224551,110.7791377161371
244.21157803243506,5.489210337995331,66.72866888630173,112.29867893338434
244.01443704011677,6.874703656954452,67.96663983578206,113.99699161187235
243.24136484189296,7.168697430088528,69.36407207402661,115.65134415349482
243.09936457776726,7.618429591604951,70.5747388620436,116.44057001600885
240.78787177882157,7.02018313216508,72.05767929391938,117.50513544465421
241.03384891958234,8.058472997695702,73.68102042255404,117.90108989328047
240.25093511074084,9.114697640397708,75.10417836250267,118.47159348873583
239.46902869543237,10.037127785298452,76.69155076343212,118.8888791950281
239.60704129212172,11.651494875105222,78.01916326536596,119.37007543533643
237.97835212809474,12.134817971180226,78.9976414469355,120.2906057568583
237.44935629562872,12.078617059195793,81.19943193999259,121.41170509059279
236.5382091697365,11.885701141403288,82.904050410527,122.3895779418028
234.81971724431935,12.974419824592815,84.40063509143945,122.88291694261125
234.7784893902961,14.72250364611368,86.18319455925155,123.43026736597577
234.81907120344118,14.449584011786406,86.6891281009301,124.25845526744281
232.38132256082247,16.07004176457764,88.30501234905816,124.2679670079541
232.8954614773941,15.557885875975991,89.21948353935245,125.31638767187614
229.65962526226133,16.814623195824026,91.75563961219609,126.51052411616445
228.6900864436075,16.462642877334474,93.43199141942561,127.57242542697168
228.65790046864805,15.149780967332816,94.59411117207887,128.9204392860375
225.70285630308481,15.469663720128636,97.14824247195537,130.22159174919585
225.61459430388453,15.110637551481261,98.06472618715281,132.11643241656873
222.08329858046483,14.773464932474383,100.42056104219532,133.76706549637936
222.15646015155863,16.047620241901285,102.15305259727336,134.4879809517443
220.82172344038457,16.980967944720476,103.70579628329335,134.84504042891842
218.89569255503844,21.95883089644471,105.12307411843875,134.45706354890746
221.33753406809,23.2956585796463,105.97059226421062,133.26998044812927
220.80430372456675,22.46693539477451,106.9597519258665,133.38619756982598
219.732493169581,23.222515021401904,107.95579002802549,134.1477433946962
217.74345549434074,24.28005746169771,109.22958071053728,134.18204205902646
216.6551599876571,26.90885270003976,110.31950180202956,134.13725065460798
213.99889810878565,27.43881482951032,111.84253581367871,134.2982126261356
214.09622669457758,28.099917070041528,112.75557517529793,134.37844344780757
213.1788614741483,29.45066476217545,114.27045087982837,134.8340220381491
212.61676750941098,28.945065137574062,115.55851820383427,135.67224765453938
211.20432890775155,30.05697111545139,117.0612823700438,135.80829898003472
210.0069158575823,31.77143237421467,118.35576667350728,135.91550927500816
209.00239769767717,31.896702676200107,119.52654615738003,135.92381876869354
207.4491312731763,35.46777700479467,120.87935586185051,134.8790822208794
207.0588310988486,34.61926632922139,121.8955519136309,135.26247442163535
207.02032719003296,36.68693433815572,122.33193473126224,135.35821750532918
205.59661578966364,39.48809467860832,123.28720665309459,134.52866293770523
203.7772750261596,41.13448055065234,124.47685253557142,133.63646492408594
202.40266331603002,41.94498116709309,125.3000505652056,133.41658673807945
200.9467786737508,43.09186852492152,126.48251076773278,133.52802442476633
201.51105640252652,43.839634266517436,127.40266136486883,133.789206808762
199.64832762986043,44.49871381558425,128.77112428129476,133.77292759344087
196.58029534271202,46.66554366502588,130.1014027227791,133.36974885158887
197.21270924465733,48.26502196771766,131.45718038763846,132.5916906837053
195.34262081667458,49.33504235194371,133.24685675532268,132.38359571603445
196.32355043081685,51.67356019788349,134.53218990985067,131.5084399069674
194.31597883591604,55.38852936238406,135.33377108793354,129.5712383943725
196.55022811557524,57.32816354315216,136.22977448174015,128.1289817515863
193.7924315088635,59.06912555551486,137.31983058578862,127.43599815654841
194.03237903178166,61.26035049970284,138.9889833915148,126.16402190098495
192.85357577246924,62.01585831575137,139.7144487968584,124.89366788998163
193.4026147762932,63.39596707454116,141.36386834780424,124.29824529427705
192.17496860494026,64.66927404499089,142.76032279988507,123.9050737361901
193.11428034007648,65.01902866389759,144.69059825539392,124.46331596322044
192.22535062793446,64.94184196194402,145.28278873436545,124.5317518671276
192.1162812146143,64.07023074700403,146.58594953366202,125.43708367200756
191.2702848387149,65.20876298205874,147.55699501983582,125.48863248314815
191.01313205709846,64.80105121807838,148.84919364947498,126.43418296423384
190.85743197960136,64.34305734003212,150.2806499568129,127.45728741954512
190.22063933592113,64.89590005925612,151.24747254886086,127.87741985219088
189.02819843232103,66.84079746088216,151.84658775449856,127.76942436534507
189.6962791842282,65.8492656545242,153.45793601630925,128.20011981399847
188.94430602273005,68.9275805691458,153.88632081586803,128.68936400819277
188.4866688881987,67.33059615868336,155.16927086618074,129.0900589033364
185.7248363468167,65.78216212213667,156.51282120285103,129.44187082408604
187.32731805396097,66.87929544962503,158.0247156987187,129.28819254801556
185.39237898496137,70.63519139974892,158.71899569218664,129.1673918587053
181.29743999505968,67.11321251601575,159.33447181652127,129.18632521210913
182.41938082564354,68.61715002983331,160.48225275300982,129.3299394422865
178.85679715947018,68.13319404446493,161.46221744863777,129.33935531927327
175.51083532855094,70.33080387896526,162.278347653445,129.27110098230386
173.73732998560075,68.85401871429048,163.59012884715787,129.93493742493467
169.5959696142387,67.20760266910824,164.81651414066323,130.24290623404914
166.7117171800019,70.3176420121658,165.84484566929308,129.5278324307465
163.94593493269744,68.8735545713478,167.1026064529645,129.30022362097628
163.67462541503352,71.63695134870832,167.45455166016734,128.96355457797398
159.40679563883606,70.44455475306498,168.43674441568726,128.79793273019817
156.88654243814398,72.46705404218746,168.96626448894642,129.5842329800782
155.62758123906139,73.40171076356424,169.30028796133038,128.46882578732465
152.28053681417327,70.66120643472692,169.64720884235658,129.30518112468678
149.50294889426857,74.7923684930262,169.23601505325976,129.21424372683822
147.77853673263672,74.62272617357041,170.15731252105468,129.09301811184355
144.69989686851312,73.86429019843696,170.4109057258644,128.8494530503917
141.8283254862323,75.15635894309239,171.41558413495724,128.5789752290496
139.29800000492878,71.89221484987263,172.3015524803768,129.54049095455161
135.98015649876461,78.85930707788583,173.45286449270515,127.15110630321271
132.15161248862498,75.02381138179895,174.97634655595317,128.35249320319897
128.78984556771832,82.55469901635173,176.276906764954,126.85083756299966
127.463464631276,80.3596994774495,177.08463689955738,125.17443039080413
124.16631556439555,77.7513628847018,177.91672800206828,126.24114019739326
120.11254060607678,86.5867600452325,180.19664119995582,124.9139738060194
116.12538754709952,86.95511061610608,180.80382085306658,122.90652071114721
113.65841813709517,86.74563811268519,182.3234530324503,122.85213808127025
112.03290119196623,87.98794910223123,183.04555625864566,121.78298241077192
107.77982606084007,92.72247869035208,183.6685278099605,119.99745594937397
103.98742836238705,92.96872797989802,184.44533980842903,117.93318002653209
101.95420396670129,97.00334208380416,185.34259914667555,115.77764810778231
97.80066281901925,95.89126403677449,186.14095341469587,114.63730224871667
96.13191293087938,98.09217877355337,186.51501324956936,113.82610998219013
94.1685533817882,100.32676012166978,186.66658586337672,113.19276271564482
90.31542794830696,100.37408311092467,186.96066632018295,111.95505033088503
88.2929675036938,104.42199525399576,186.58420049065927,111.12009030255535
84.91192146010667,100.89500102045187,186.6929112301773,111.32666666026815
81.17608708282786,101.20721638190567,188.3446336956724,112.33852744126679
78.37097422482377,103.72253428632823,189.68331400152434,112.38265969882791
75.60975141752087,98.04195990869246,190.35956820988014,113.24026841503695
76.68651453069477,108.17655794857363,191.01841991321984,112.73279108527461
73.43245369369508,103.11246437945064,191.5070103372192,112.38374433680184
68.77666445572271,104.14868899469454,192.1951146920702,112.5126500867828
65.44582694345452,105.43692237301036,192.94492448223158,112.01589524421365
63.68866926699535,106.94337259241615,193.35712801874368,111.87762859446457
62.361712342310966,109.47143670132627,193.52153991498744,110.68606336492557
58.06930443072251,111.83378243389666,193.75100905847685,109.48902082556604
56.829077124540746,112.55143746246861,194.06862187396538,108.86254865904716
52.59578706959337,113.1722632634836,194.12327571432888,107.36491561170467
53.48062262148272,113.04838997603966,195.25845080195643,106.27904402253004
51.37960830196732,113.26283890388683,195.74081391364348,105.69444548324198
47.7703865756223,113.63175668218253,195.85983109680228,105.30689068836931
47.77551005659903,113.61050055824151,196.13162759188006,105.0835948307826
46.30452046038431,114.69367829290822,196.19671469446575,105.29059141223044
41.35005279459284,114.50813065999543,196.62170227214244,105.80200650227478
41.99171083649763,114.48544114991894,196.96631587583286,105.730747338834
39.524114859030135,116.44837729972724,197.03236720576786,104.90027298843614
38.010642399389596,117.0005465788187,196.99174620708018,104.15256284822198
36.33902470213417,117.06738582446657,196.9403893164348,104.25576179833249
33.289269243015696,118.81885745078952,197.13145296904673,102.53321405349908
36.99323463861285,117.52034622915673,197.44251631847743,102.34160124285843
32.87881637232087,119.48022297437996,197.53438996043639,100.57907431491195
34.45454221942501,118.27795000313338,197.6402624849781,100.05765590193637
35.36385398584865,119.5374195987908,197.51927078806833,99.71504727702776
37.23877915703608,119.05133667006749,197.10511380506847,99.1252014157244
39.010650272161115,118.09952178786256,197.06973339122464,98.19454162935301
39.26162160566071,117.93905985424507,196.8615529312567,97.56136393408798
40.341415477807004,117.41653222006889,196.65106186665162,96.36581861650285
37.93670395486136,119.73142930767546,196.0827993656679,95.97247463660221
39.29267875745103,119.21136366932144,196.03796401830107,95.67801118674774
42.107409790080936,116.30321773807685,196.16741308585375,96.40745002189317
43.283926179692855,119.24734539231781,195.38835491600491,95.4797049673175
43.181196899536616,117.48160852088708,194.5451074216299,94.31012890549148
42.05981975386237,116.1861429045714,193.40327919344713,93.57848933734158
42.16834435644083,118.52292281849651,193.06214551563397,92.8277200368351
42.22282847931976,118.872437856341,192.90453225034486,91.64175148458364
43.64254829478912,117.89213058265887,193.45846420143738,90.8960672038229
42.757265481823225,118.70329172901094,193.04067533518167,89.85077127830624
45.521889491724764,119.54998539724521,193.88978424897235,90.17337515277521
45.330676212382414,117.5998690846228,193.46166393265705,89.70465025848878
45.83352971237147,117.05915026952965,193.27041005767893,89.14460839648757
44.363709981008725,117.5736465279173,193.21804512587318,88.24360660236852
46.0224898315349,119.43903002197774,193.61557331544583,88.66078883299764
45.711011196745616,117.61079100970898,193.00031037018064,88.49036256066017
47.94431145267866,117.78308122290709,193.13295302237705,87.2283627006702
43.4335094351695,120.06311643338998,192.82362444020788,87.11329960392317
46.19335390142699,119.92118168523274,193.48136470691165,86.71943472523766
47.71068631289579,120.14617712102407,193.55558660272405,86.165439947405
46.32276887404386,119.86032405583546,192.61431942964666,85.49575203481345
47.02234989240492,119.52598796140845,192.5953453812058,85.22100381351125
47.0704918717028,118.26003591835695,192.49246962573503,85.30558123945798
45.63483138425666,118.84896726380671,192.2737027100023,84.02640018918345
48.18276656949797,118.83898464289842,192.58817169498843,84.36356513803126
46.77827840801149,117.32157254437955,192.66503131874265,84.93702458897528
47.79693197501068,116.79519405578196,192.21927691911927,83.60410041382669
46.91342050755473,116.82400510174257,191.8298667485624,83.13095097815548
49.539362311021776,118.10320207543496,191.76035618850332,83.0869613276457
49.96040186756525,117.68671445598238,191.43732004416637,82.61305180092586
50.7609422388647,118.16527740296881,190.75188871562997,82.288250125703
48.72826641458677,116.28617094961356,190.23630774699834,82.02394105975723
50.311008272253375,116.3870998303363,190.27736700041513,81.60235673581178
51.15821755870515,115.1864678002076,190.22162030251158,81.74184101091292
51.40480865371278,115.61548384109628,190.06083557343382,81.27467806976057
51.45715500320193,115.65231167937543,190.46596953461176,80.88370061585852
51.128649960266245,115.6880994957892,191.5021910462644,80.57750584240597
51.28345113794782,116.31052856303981,191.95693195261998,80.54755249306102
51.07135880105716,114.83596505873193,192.2107064701513,80.14755840792677
51.859330184395986,114.65811334632593,192.23815725816115,80.469143180395
51.029877886918484,112.91801744730948,192.3283973023349,80.51421534952166
50.70157179663397,114.19218524415268,191.69112520556018,79.40612633786651
52.09642062812665,113.09269063006015,192.03198174179357,79.50037923792658
53.471891453755546,113.87744747875706,190.94241704366078,78.26106573584526
54.818197835514,114.18727443910018,191.10313679967513,77.23241523312777
54.65861834535555,113.74011639009554,190.60668298702328,77.2746195147308
55.63389656687167,115.10656635888827,189.59643416117854,75.69149985058284
56.72073746378055,116.10482700565979,188.52962492595452,74.0262773851648
58.79637572735771,114.30151458455806,188.3224401956752,73.456327520337
58.47028013089903,115.58002418048946,188.60408695499882,73.02656662925547
58.205312232091245,115.0902134082581,187.88963798698938,72.53011395496819
58.46816831587017,114.33811488217242,186.99527347568153,71.9796845422958
59.146057267741384,115.8779268626032,187.05667086490786,71.63229935096545
58.929999389729204,115.27605232845696,186.76930419905722,71.37993269660173
60.214830527939625,114.73976389967407,186.30047200076137,71.62188211276124
61.20076015628416,114.01006066188032,185.94354194329105,71.63216139108312
61.89053023202152,114.02420513957082,185.76444124494134,71.20189489663962
62.20889485066644,112.98422699862891,184.8384053670265,70.75115049492969
64.79622317350984,112.12027921539115,184.0231237213397,70.43427677429581
66.31641984047256,110.55698089933753,184.02853727217988,70.01351012515306
67.64786292581343,110.30525989465079,183.40105149212314,68.8477016462453
64.78819222860425,109.17633620418765,184.14709576740088,69.05250947639033
67.2047384457283,108.13636425691543,184.88013492494966,68.95355932796602
68.35759882116648,107.91196078354113,183.87943736743267,67.34911310088647
70.94965610379738,105.82413002519068,184.152140429124,66.82711226407176
69.3203787713478,106.99701129470543,185.5074358166794,66.8405416195735
63.753033010838905,103.60719385590446,189.64508754277531,66.46783274717548
63.021238576271855,104.18201923512834,191.7363314412063,66.67615318013395
57.87847806434165,101.63425346177328,197.65866276780108,66.7232838479378
51.19223638459454,102.497984317137,203.4416685882328,67.39718932471038
54.30646843628463,100.37192359948972,207.60999403563386,67.24422042797369
51.96480590153928,99.50928104535754,209.28196656606207,68.03395866123805
51.77579266091516,97.68773237908164,210.9042557426228,69.12181917738359
54.638713289360766,95.26499576233553,211.63282122401284,70.97565422728206
55.17887022153816,93.50093987520493,213.01906009403305,73.40647596248076
57.405455098559756,95.92552685264913,212.8711271563961,74.43620825759237
57.17550248612986,92.22372759079445,213.2476583578184,76.59249232817673
62.83893618451819,95.91478344754145,212.45472650791675,77.21501928655772
66.84751590896337,91.85069597204694,210.35919791840138,78.34917568285927
70.17681039351265,91.66306892430197,208.84971783602157,80.07391708303668
74.48186570482116,89.42808321708097,207.59641873684205,81.02124445450994
78.52841332574604,92.09482862921064,205.9433869715548,81.69025607165683
84.20183951607802,93.0293696569245,203.73838029401583,82.21607147716661
87.1344499377505,89.0364820613151,201.31792263426462,83.18738133635418
94.00570552233984,90.35538191273407,198.31442513696095,81.99996005148498
99.49391424623694,89.58712217518452,195.73119616572924,81.44022708517784
103.0150777860221,90.80822012624274,193.11312445725267,79.29765276509264
109.27085852646674,90.69218676786235,190.14093065214465,78.91234887638466
111.39887766280518,91.17504645863693,187.79437724274902,77.27615830342927
117.3286555156007,91.2086610494006,185.81989233793922,78.22485929768318
121.58111015790679,90.37115608916832,185.03690688145204,76.97060896424148
124.83183237699919,91.53636224756224,182.13775736514225,76.76263317089114
128.85285764446144,92.39110472650182,180.08600224037397,77.80351442394948
133.74987040623665,91.44514312056657,179.0194547441673,78.02637025300749
136.0592029019853,89.94135716829321,177.1495080143888,78.09628956966358
138.43595410702727,91.28288747028749,175.6568088269611,78.68330953208127
142.38136074052105,89.03995923119233,174.06219917325478,78.8508066352716
147.96893213088646,92.4236222458396,171.625581783149,78.78269935597706
152.45527414313614,91.02290465802997,169.96567241685275,78.49108643589318
154.43716729537493,92.67806627937156,168.07903454987513,77.70386499985062
158.94662029123376,89.86227362279772,166.1023954038606,76.43390002002958
163.06146341815514,91.0723635117026,163.74877726525222,75.79081985159478
169.21018542958728,91.2644785543749,161.16501732441918,75.71023966859394
171.207403404981,91.67076980669648,160.39961579745992,75.15788055262266
174.90740099880654,94.59504848891531,159.57478540473068,74.97329413545063
177.38538717136058,91.68934982774091,159.52051594048197,74.97563994412755
180.469963341427,96.00008758157131,158.68281501636477,74.72327454388864
183.26557252944272,93.84660688978909,157.5467968356458,74.31609408174997
183.86238448477803,94.5643680599434,158.14595856950643,73.95140304026943
191.5399479900506,94.62703744339031,156.89877223278944,73.67677228118814
195.582804030521,95.90910238724236,156.5125230424736,73.15909014739029
203.2499981249902,97.87045459993195,154.3334998437696,72.00695456966734
211.8251114881815,94.59686744369591,149.646652023637,71.64058518096755
211.1452732130221,100.90374859312332,147.98685835911203,71.3976419739096
201.46821974526648,96.49587526694548,153.4340744254827,71.02909297196842
224.77756404269886,100.7934459310653,146.34938241264916,71.64424827458814
221.65813628327948,94.57303991915481,145.3642389080504,69.59006518122165
232.95641307620238,102.75296528840843,141.82826271478274,69.28923543880813
231.60314426254558,98.42058322034327,140.63645439483074,69.30516534642283
228.2693532993754,102.09070630398335,143.41039008093668,69.49153050726767
218.58159673520203,97.27530373680419,149.3032677112366,69.7184049775635
222.40971962111317,101.50672967525688,153.55189864839866,68.35540661628312
226.99903632089874,102.81787584923671,155.55566881328065,70.36199000074532
230.46453255058574,101.5174985469492,155.3840147328129,70.0843876717266
234.76055602744032,102.93208229142688,155.47638550371315,70.27423263394311
235.36439724744815,103.85311487359269,155.11739691135372,70.56607860242399
236.79376907971684,102.47259100313956,155.3196578854882,70.35053332575214
238.3024625983898,104.89082606543613,156.23439975439226,70.53081735154962
239.17490304950195,103.79345699921859,157.2373826216992,70.08526617734408
243.83400499975494,105.29267091213212,157.40733790088072,70.07466183784513
248.44420553419278,106.02819849495356,157.83766315036445,71.38091990462414
251.40141474280432,103.6470822794898,157.16915537767258,71.64809618320791
255.68043452990915,105.87358115316931,156.59033333275983,72.06457475420824
259.3823900351887,109.43281701712932,155.50728413860702,73.63360302628823
262.674848757729,105.62806814735372,153.7602878361045,73.55438006271444
266.3572460300566,109.48737901354744,152.72892835004302,74.81085598657698
270.65070446691766,107.25837718905015,151.53544409350837,73.10910011408721
274.62787053883443,111.70429558753065,150.23473743795614,74.50946912767307
278.1381934296925,105.61439366820602,148.8309739804588,74.22677906983796
281.73176931376463,110.59500442468115,147.99114276895511,75.7098934943877
283.9276633089165,105.88770576737306,147.5187883724014,76.22825057462886
288.2208686684083,110.69230280294443,145.61679537802718,77.37458018512677
292.2401135070861,110.78677913918537,144.7566199096559,78.34132819623863
295.2662333802492,111.0650620448859,143.05301297582963,78.75198650593131
299.77575783031614,111.56672058323818,141.63671676124275,78.63963012258614
304.3988853851222,112.59410811925646,140.32048484498995,77.78035065601833
307.58968379768424,112.2353634593751,139.72856087142836,77.34348206562481
311.1525281623651,114.23916825378345,139.09878278659795,77.7671468908706
313.3353062581573,113.22904701338263,138.82300930985735,77.63464889315661
317.7190794217355,115.16399833270833,138.3382693791853,78.57855851036459
320.0348615112235,115.90641869994042,138.3213597412249,78.97497387941604
322.35153575896857,117.14688076663886,138.99443824768787,79.79620428703478
325.7883289052811,118.96910237866464,139.94122549021904,79.91210652196757
328.22612896843043,118.85395302894631,139.71226232681107,79.39374799484177
329.6964338898136,121.56751270644452,140.15467860709157,79.78788718476723
332.1439433491122,121.20336584479644,140.55574123146306,79.98099414048525
334.5523968182476,122.14539869365284,140.84509650022355,79.92294772988183
336.96057477637385,122.82250077072908,141.2219473710805,79.65581022611998
339.1346054917253,125.58949160690837,142.10856611615873,80.24417352446451
340.93122980481724,126.57764817103345,142.5910621188812,81.49277494699561
342.26260603756793,124.16120782544404,142.473292563536,81.60403698583067
346.0265450657634,128.49767346910676,143.0637311575357,82.85353001491151
346.3577292971531,125.01560048731427,143.5193131342093,83.10991230662145
350.0626402577664,127.32807300833393,143.94375024618589,83.79728415911339
353.35408103671074,131.7983636178239,144.74343704767224,84.9437085553678
352.81580153389916,127.09516432454993,145.41630952985798,84.94263643879076
357.9516866559881,130.68287338504828,146.0145038852894,85.8152224681847
358.685338713647,129.11496084507797,146.02794317817472,86.4297767961722
360.6762601584509,134.4179053481211,146.34083905809825,87.31165024125775
362.2764237355561,130.93933158873523,146.44278851521597,87.8623341369827
364.70350211866565,135.59253514150348,147.18570816501241,87.85966848652431
365.17648047554326,134.8304554839632,147.3123527696166,88.23658048715173
367.1056676595481,132.02851764960127,147.22360120434138,88.78378501329745
367.69978697193864,133.89364906875448,146.96785769674776,89.08480269256917
367.0618521479071,128.90271226227145,147.08326591902957,89.63576810241024
367.68201337313724,131.17050497848894,146.81062535333487,90.3131343301315
365.8014975557653,125.52055204504049,143.46737842362558,92.28433536304401
361.6058374248175,122.31009974705684,137.47280391013064,93.3619477226832
368.1809455920795,129.9059540233742,134.25724944084095,92.07923575207975
364.8146498632944,125.54536571689385,129.03824177731747,91.7807590447279
370.4935983845357,126.49007887803182,128.18556324069425,91.63928804471759
370.49458099733255,126.22923311390159,127.03189513424117,91.94583064719683
372.21871844766724,128.74591274085589,126.73373620036864,90.422908405007
370.71851806935547,128.83650676852284,125.00476683980474,89.1528531621731
373.22679792023513,131.7067611657841,123.8203299407797,87.73860779538498
372.78476842262114,128.31511353976506,121.90568288132026,87.30394650445423
374.6143304725159,131.52577021584352,121.34198724832748,84.70294565229733
373.8560344965736,134.8605061931886,120.5245337900559,82.81429645151344
373.6223533479633,130.01777233130306,118.88902133141714,83.92865821825323
375.19796475587157,138.12892006899867,117.93515569333493,82.45947553583079
375.2584930966013,132.8755358573959,117.55756825015676,83.28298590239567
373.91841744140953,137.19800270408564,116.67589094725905,80.97978804885999
374.77194505480537,133.01064003268326,115.93526638452987,80.53145430963349
376.6936820035192,139.48151882500764,114.81631030936782,78.90982611951598
375.8212636644836,134.61665855391712,115.74193312025157,79.1706745913845
378.1141541075277,140.02626088708678,115.67528675564772,77.48684590160772
376.1663788819885,134.78836575047077,117.15564555633546,78.91103095023034
378.4225581890375,140.06421295044905,117.40335774301874,78.07366150144564
376.3068063734342,134.3616972382535,118.6610759738347,79.00585357036799
379.4130718770929,141.20788909333564,118.35662602120486,78.16774842465685
377.5585173189496,137.61799618564362,119.36178616288198,78.909332335744
381.42969277222636,142.69136141725528,119.48708052000039,78.01968195064566
381.05874157524704,134.94373721351545,120.45859717177152,79.9390636589066
384.1174912883803,140.94314445182147,120.94327059706751,78.58682511002891
383.5100320259044,141.7406746103098,121.97990543061307,77.54535366023975
384.4755036328091,136.45027351980224,123.06098614258492,78.39675520648927
