587.0,88.0,35,62
586.7335326053901,86.78118118215062,34.56125510171987,62.47351104878471
585.2029492553473,88.32524735064212,34.37013298344595,62.44690214930169
585.2309329278977,89.70388978895477,34.29713682975138,62.17005550509828
585.6520903147627,88.82081644018464,34.139468662466705,62.26127544482604
584.3206943730713,90.10763547502445,33.75483622944329,62.038986252099534
583.9885730866835,91.03184605610664,33.70920941745335,61.38145254110704
583.9768051618104,92.34305185093771,33.6970549595823,60.95676434011676
583.4872009019181,91.20853208998943,32.98088994421072,60.81302310029456
583.106499716419,93.18295014267426,33.17207136794336,59.916204206838984
582.505330748667,92.36478442816008,32.80667553879874,59.60316429797673
581.8513478663104,93.41018153081205,32.57554828593375,59.1289777586884
581.3607788370997,94.79587772085745,32.35534662267562,58.63315910906635
581.0786707964719,94.58073884888489,32.17079866584528,58.099966394027106
580.7073421721484,95.42607487388042,32.09906382464848,57.50225088700478
579.6523667681594,96.54801674130987,31.909881331845263,56.86180648320058
580.0677976238229,96.74133116497727,31.848749234775976,56.332874169068894
579.4450051726658,97.89246628811318,31.88545657361379,55.5564370526799
579.0364929839889,97.65082520098306,31.530651727334757,54.853638294322934
578.4745425226678,98.50580162118806,31.35938663435191,54.191781157037944
577.7373218671879,98.81788092909487,31.282985660155482,53.42219102266963
577.4203582251475,99.71183145612676,31.076092631736266,53.17106365024648
576.6402294679333,100.46558108496657,31.170346728196012,52.598882385730924
576.1894251809246,100.87603225032538,30.994913676236873,52.142588819661746
576.3609387331387,100.97940635432383,30.981323827667808,52.04610062143047
576.4013876538539,100.76875499799048,30.746144370026403,51.63879005284715
575.7413313347606,101.23907577266158,30.205539234775607,51.64791656991122
575.4441718286356,101.64107962970536,30.199211274369397,51.14287430992523
574.5759854305406,102.60837649687411,30.05336666333279,50.967054379298645
574.7073317671475,102.35692588622591,29.93729569422065,50.50823990235288
573.9235645257593,102.69683288495307,29.766228492426784,50.20356323400013
574.0477703731763,103.96828509489548,29.79245974192882,50.06313989321685
574.4411411579365,104.714558689131,29.513774813033265,49.60028630826146
572.3267959469056,104.94352045390916,29.402453638415395,49.2198011331973
572.5069381480095,104.91727754390327,29.390435837770212,48.67637020516222
572.5357520277698,105.81819476571368,29.214918673952543,48.12667199201014
572.2563245993467,106.70614317541035,29.007629731970685,47.50101320972618
571.9803580033189,107.4583881181317,28.486274960159115,47.13125843170536
571.4157750765661,108.25733204256733,28.597145525578824,46.75761374689661
571.168854773958,108.15625339272218,28.057218430599658,46.26305473799314
571.1170957701919,109.2973965410917,27.801361438131792,46.00757813363691
570.0015415475746,109.4715204440998,27.771529331608583,45.87148853074573
571.3871425577662,110.66287753279792,27.479956827826932,45.35547357209948
569.6949095456276,111.26532548955487,27.468518311088506,44.7613259496012
570.4523931219259,111.69279986654217,27.12071119267174,44.72136437824378
569.149871566161,111.9957791089683,27.148880524904513,44.303775644368066
568.9615612119204,113.56011884551947,27.128787976549702,43.76883091247668
568.8121882507036,114.1336926560864,26.74491671148355,43.86303155794438
568.3747108074617,114.30572932991794,27.23473976202963,43.321082233718805
568.4737586452704,115.1271007971107,26.732933148912238,42.9096930590989
568.2387448132664,115.8655950243922,26.744281613701666,42.59464613285621
567.2665100426456,116.29671691100168,26.498641902013652,42.34443238893412
567.3209769758015,116.7542259158218,26.44331216167824,41.780778515036076
566.7246388729241,117.45910241529072,26.210573328370685,41.19109387547326
566.4148120007906,118.3819570993503,26.30076235095791,40.751787095244694
566.2066880464771,118.85505218241565,26.377883672670798,40.230111699621844
566.3370376893716,119.97619190643047,25.93102716031925,39.883385840459354
565.0472705426673,120.49039196090877,26.112764822868407,39.425618666073106
565.7064489053798,120.79171759238642,26.043568864045053,38.9264372517506
564.7496421488886,120.70317049827054,26.169279544996293,38.44766290970891
564.9005647994994,122.43204094172057,26.32358048400888,38.16883132456667
563.2812392488876,121.81059192376132,26.481283709256168,37.70929863538752
563.9864992635837,122.42758119962079,25.834038826348312,37.64469264226232
563.4473636452487,123.38458380678696,25.91277545608453,37.642079639844034
563.9607977995137,123.9547548236173,25.566975567964878,37.19323540891776
562.9416764336256,124.48023899272953,25.897271522397126,36.788339458388606
562.4596364360752,125.15187519874375,25.92271473771283,36.525343535617964
562.6191556238937,125.4377622627181,25.594292206802567,36.3577518417513
562.0101902947285,125.69103740001829,25.29057064345305,36.09708169410404
561.2427463095003,125.52614931859182,25.07751855043314,36.19368830129292
561.1885859219675,125.89351074425178,25.13141885430721,36.001720576926104
561.3588376163459,126.65797581506425,24.808089232640317,36.011143401609786
561.2141590364469,126.96133463988656,24.79618449058283,36.247046601574525
561.0693995971214,126.89907652703059,24.708918090913293,35.53934084242319
561.1203645421258,127.054937368516,24.686623821021772,35.10127638601489
560.7316606961281,127.47421261662531,24.555988605302453,34.99130254995251
560.7893362000865,127.9533778702288,24.238183984104438,34.72260827321427
561.0603203124864,127.87115393419916,24.187716613796816,34.46066454371106
560.40808135869,128.1958302808046,24.18157898183892,34.115686545324394
561.6727635446358,129.7400173139112,24.04232844051343,33.867957315536984
561.7931111935533,129.60492635808248,23.86372115537393,34.03750751332723
561.9402729900439,129.62206195070763,23.78247892225599,33.87856439204174
562.3161976007095,130.14287126354765,23.885053223873904,33.38086819067814
562.5317732020524,130.19639954608968,24.014410749215635,33.370773600691734
561.2787635694029,130.08442372226526,24.029135153674584,33.1661897869148
561.8228386499263,130.09576521360958,23.81277301753019,33.15663699221446
562.6126674007296,131.47855270618408,23.581992469048497,32.92241881858889
563.4004173530402,131.1123477994653,22.989280650364833,33.09380110517092
563.48959475662,131.447367521218,22.377644898381057,33.69104224027884
563.5930446353976,132.10373817453996,22.230452782427502,33.5320256040451
563.0953846114883,132.38967872886184,22.348789187667947,33.638840174112275
562.9013165547927,131.88965704550031,22.296091255648818,33.516103694643874
563.2352701404345,133.14197670224732,21.948153261611335,33.00510146611083
563.091888278615,133.32056629631663,22.02221709511379,32.81373953871439
563.2136723354597,133.54013402826075,21.985535272928168,32.81946644054881
563.6121729839763,134.43137999993604,21.54467411261377,32.446352548956035
563.1047925298916,134.53733604615687,21.604112755158212,32.29910720456127
563.5221284920494,135.20060459923496,21.603196324006525,31.78077474928399
563.4829969199008,135.9813364124267,21.582925837932805,31.11023366928719
562.0350969929663,137.20175076543384,21.908352156645613,30.85935399891747
562.9780345981968,137.14888367092044,21.86802748329381,30.326256095659144
562.3820141546665,138.56050869187658,21.896806956780118,30.013610912145268
562.1167393693331,138.6099783156319,21.854541586040867,29.56782413045496
562.2828404481718,139.65181418145005,21.78927668422286,29.28993853163115
562.1866110042553,140.02141320001468,21.915428504184742,29.213574661982378
562.5771612532841,140.12236116338312,21.595967410424066,29.594984094132172
562.4532684513159,140.63793543556923,21.59649196699701,29.616486001420107
562.4116763562755,142.0709354561806,21.563091379245755,29.514730039787253
562.2931780582273,142.01298893733951,21.469605492432112,29.499519561844398
561.7227297258446,143.33172270655592,21.378431234345996,29.61523348093114
561.2920779687074,143.55696595366268,21.63964472176495,29.60993741640512
561.7764149785069,145.06205075839628,21.583316588396503,29.407835128715273
560.1798236086081,145.75101313421564,22.039034423408893,29.221293738892946
561.7707400651678,146.1883780969145,21.96556943021116,29.272848603534296
561.6175315012774,146.73153854863386,21.721792771370865,29.21801421132605
561.6819425667607,147.58984157762956,21.756514341576434,29.05878120020961
561.6840235725393,148.38849449832074,21.61294803314403,28.87759016595619
562.3317881420363,148.89352325728882,21.417997202255414,28.796609796457506
562.1544365805245,148.33334534234396,21.099215523033045,28.696361683476116
562.8469304975129,147.08976007026953,20.705461514739987,28.461326111902324
563.143417447763,146.87375449135232,20.18419629343887,28.341259022666456
563.3910316180909,145.77329283470561,19.67436529165029,28.397818932639538
562.8961951890285,144.9039195721803,19.52530523961877,28.110511075365928
562.5052187094934,144.41640152262067,19.511634419392074,27.852942194016467
562.4482426540075,143.35187408051817,19.63533689657491,27.169107979100357
561.1799026426041,142.51076249815733,19.903576672799492,26.81012478395875
561.3059277117223,142.1415780263194,19.89216526747325,26.65850196738076
562.1795085615104,140.73610869017625,19.511107693873726,26.662288845233416
561.2854175478933,140.5367742231412,19.831195849037712,26.99732099951835
560.206291375639,138.94807198477076,20.234519604678937,27.042591992372564
560.5950299343388,138.64427849864074,20.099208624974864,26.810098703402094
560.9366996993457,137.24540688007377,20.019605972402363,26.392601462020416
560.5732970901711,137.43348911436635,20.171704159501687,26.06688255007591
559.949441211821,136.99076479459467,20.092740501162854,25.740134839521573
560.8518879481506,136.24412918166936,19.73521946502686,25.98683166351674
560.3527100736233,135.0821621993109,19.540597308808152,25.9958013338001
559.7158283544092,134.13751265679807,19.648886809247998,25.568556839724177
559.1511923873095,133.90421579084662,19.768370230263756,25.380655332369273
559.901295432466,133.20587320333507,19.542829972470283,25.027760124091586
559.983175681546,133.08207134276913,19.23131861981817,25.16766731202032
558.9723015540036,131.23769775002174,19.0283735765632,25.360351265093232
559.3893488237193,130.9338939009189,19.198887191428692,25.162966287517673
558.952698191974,129.99128134595924,19.15708835726292,24.870312063940876
558.6449940578304,130.76542816289438,18.956395551331344,24.535420224504215
558.0945193134392,130.55927442235614,19.458277352125645,24.296024824721307
557.4987038881155,131.21210770109707,19.614988464003314,24.30747405093087
555.9657198541775,129.9244408134568,19.500704456684232,24.30487356107468
556.1878485456456,129.50253755638724,19.324299856950947,24.050245626971606
554.454145033164,128.42327652718177,19.26815494099629,23.835133347003648
553.9992280483245,128.56990314710274,19.417330646515037,23.585398173567967
553.2314088647776,127.16746045598259,19.45724910394094,23.272325486960582
552.4000404779568,126.41041979598107,19.581106483051048,23.155608467119897
550.9935480472369,125.13360000695596,19.44297287525277,23.270290830814655
550.6370320392086,123.83013854173213,19.643118843946027,23.46836976712168
550.2424937329721,122.92634948630628,19.213567526731495,23.36073333939915
548.9452505833117,121.89727146029648,19.24232659216576,23.155919420715623
547.5004065800697,121.360417309418,19.18778547267322,23.157461279601517
547.0096533236916,119.4041139209896,19.282359612382407,23.1061550925911
545.5542187363095,118.75018065206525,19.08944613333812,22.929448266181982
545.2538881067218,117.91955535851821,19.066640900814306,22.959587708256564
543.953022914093,116.85092638746917,18.950094308532634,22.71858789888978
543.0848815502684,115.47296185906944,18.90239571293973,22.871428576782993
542.5493932353302,115.4354932079851,18.7593449380311,22.444267795455566
541.2787903933609,113.61516950942469,18.645460289938438,22.486358674021723
540.075406309502,112.95291287011955,18.50373602601556,22.346882694819506
539.3445252663619,112.43161148034416,18.655927799795847,21.917386170171063
538.1464866610348,111.48582916385955,18.937785344922425,21.768774411538715
536.8989937274458,110.32176236355478,19.210435396670896,21.638579765077946
535.8197216174283,109.44766642872145,19.74069897705757,21.298583463357886
535.0383622468622,109.30778951502933,19.520657098072462,21.637419321992112
533.8809025848637,108.92318983146893,19.606603033397512,21.213793371730105
534.2375432800656,109.04963815759747,19.200633654712647,21.20107005931677
533.5364420171019,107.75506161301706,18.969672728491478,21.071839359415097
532.7860244991765,108.26820804499775,18.996775769713373,21.231314622895134
532.8757717925448,107.96297053061683,18.779584344597993,21.136650491500717
531.7340270223503,108.60472190675392,18.6672227497328,20.954534763152317
530.3216497863214,108.00476251571183,18.90888548595101,21.15896251740446
529.6590394567659,108.15465359748852,18.946844182171404,21.420383356780786
529.7726170210974,108.80861777626194,18.791412991496554,21.45146714523003
528.8313926036705,108.0008488164179,19.123095835139466,21.418491270972794
527.367322150816,108.94541394931147,19.298070542117976,21.046397443173934
527.3104097035512,110.2187916121851,19.24557463586635,21.30346749584465
526.8177403002284,110.01680759553716,19.278551381965084,21.135703961757716
526.0968226365595,109.87643728459587,19.267101492017623,21.094354434714525
525.0050237806802,110.55258123961313,19.288948410319296,21.35608019655498
524.977793791893,110.65640100403786,19.284524720901636,21.48631603391646
524.6307226587642,111.15910917228858,19.093802180030156,21.178775673977526
524.291883548058,111.76848901483244,18.99857695905986,21.878946042600752
524.2713481672799,111.98290598575004,18.913877151768187,21.838120218441325
524.0043497116847,112.48528533164549,18.656866067353427,21.774516006630893
524.1335313123183,112.63250807561563,18.286640683468836,22.12480776234296
522.9184362048737,112.52001580034451,18.346469570232912,21.85507948329534
522.2448220673351,113.41348539111924,18.525217925876582,21.7041266298709
521.8727325773822,113.44765412833294,18.581263666036506,21.684746980150514
522.2438161060804,113.57453151818744,18.298958364010936,21.546630933351683
521.6017549673878,114.01383500767118,18.287235609658055,21.258050809852957
521.4782546617247,114.26695149922257,18.355159072546734,21.439928178312663
520.969929178819,114.45236935424371,18.40985019949085,21.54517431641491
520.4235723767524,114.39080922418776,18.268593161534113,21.320287374378392
520.802936353125,114.49368568819436,18.198082371874875,20.86970717585736
519.9437620184824,115.81921393910403,18.31985053578915,20.658897256069285
520.1610868728428,116.05854779234951,18.313423483318374,20.434769039324394
520.4197572748258,116.84321614970206,18.2177593150945,20.376205029697438
520.583104452638,116.90385106259725,18.190045672360636,20.101553856250813
520.2909441233286,118.26785923215851,18.035428953049777,20.062059855995475
520.6379890694676,118.80501603691964,18.020935008037444,19.774191864149003
520.5707024099828,119.34826611637156,17.834585475444552,19.77858831169047
520.1326045341494,119.62831841743025,17.745792518615282,19.696747564553547
520.5099726406734,120.8477212416835,17.529844147364262,19.67082948928925
521.0529363677903,120.67834097654665,17.17295111695846,19.65904222903561
520.877750058492,121.73952575608932,17.19786902364101,19.898786622586993
521.1228337199176,121.91121111757971,17.09721280918824,19.768695623727307
520.9032644624041,123.00489808221641,17.20166504491847,19.911811806758568
520.2953974568001,122.67097180280841,17.176287300755284,19.817602292820673
521.040791635653,123.50803112379013,17.35778593035411,19.826444161111137
520.5846729170122,124.17178121744827,17.576343558065417,19.874111820474546
520.7270707502687,124.75232391303317,17.74162876313444,19.749220276961005
520.3155383724763,124.59177446409717,17.764164038738713,19.74040126711816
520.4971500839695,125.96755186501231,17.715981204131253,19.61929385298319
521.6724480511601,126.43248439457189,17.57369825803129,19.37668465323904
521.6843842528277,126.70255239761136,17.405866809285918,19.540245851749958
521.5662715872616,127.14546792372934,17.32654038260582,19.579532292189754
521.5802898208158,128.42256513724675,17.17026905221619,19.72744052628777
521.8853068181347,128.05185857676804,16.904061351523467,19.75446766091705
522.4129947635107,129.4753424703016,16.63864059993166,19.822477901193665
522.455596376078,130.15986458485233,16.672188900675916,19.732234636447707
522.6393614212509,130.4796032905363,16.82515899343565,19.513518333478192
523.2958141873582,131.04587940781425,16.534470258096057,19.429634006637126
523.8372564996553,131.3546387372748,16.267892701373164,19.60815874371215
524.3936002116113,131.33110501843518,16.301582840937588,19.709913681391352
523.5258950957653,132.57678859026825,16.643369720578654,19.585711149541627
524.1529434075632,133.0223655630023,16.527586390440035,19.45015717965949
523.8943042913139,133.22159570724523,16.7179984730363,19.353042716368925
525.159925551752,133.33404244471598,16.389774140636625,19.20874616525557
525.157538335596,134.65682312544104,16.149492420604968,18.94058043368826
525.8374109555683,134.85264086671532,16.103780688960928,18.807253361784234
525.7980989804051,134.94569306886905,16.295251013799177,18.6414812939025
526.0870434532352,135.7256706806528,16.143829963646883,18.786886482932687
525.445223387648,135.61306207188994,16.22468841757513,18.590877198993528
526.156180512686,136.85593075486196,16.00059673829996,18.47991858060809
526.7066813059803,136.8446379756002,15.97079266147686,18.361940174287902
525.8753316893722,137.46795614531942,16.362793347329923,18.264214357310387
526.151240861209,137.82860040512898,16.138543057855404,18.16625500028892
527.0722022915346,138.21213632349117,16.214527912047984,18.108404049794984
527.244570139996,139.00363551803895,16.1463119905159,18.096755758355727
527.7827754704751,139.22124735939744,16.172051292936523,18.047304780716853
527.6635115483145,139.8889878810436,16.26127951567554,17.90450409631127
527.8781915793647,139.5065789226493,16.052851460411137,18.0074491493303
528.4269865164022,140.15553688666142,15.66444432559421,17.835967547477964
528.8886250230013,141.31149001324934,15.622919326556133,17.418081374868514
529.0438039398239,141.37220852241583,15.459549407949835,17.485197212980815
529.9757590314822,141.2148725225001,15.562787051781587,17.484904918378724
528.7954655528973,141.93272956760006,15.88672239762333,17.41891128716318
529.9638651496086,142.0136518951976,15.750271104591327,17.29995908802276
530.2009588943034,142.97014379679604,15.658323910611834,17.269856449376693
529.2281789174174,143.2214597968174,16.132692458133874,17.13789858263472
530.4406511077516,143.67112040855773,16.126433990551476,16.91476296706424
530.4367950259815,144.1276377524067,16.00801700370116,17.017063362374063
531.7059878385785,143.6939619464545,15.742771332120377,17.04829436880977
531.8989206986214,144.21565129557246,15.543757113499355,17.16914601725354
532.2908422972672,145.0513944106342,15.309535498239024,17.166040524434738
532.6690440242437,144.61814509110746,15.2134713997548,16.990379129308536
533.1078498535587,145.6298095739747,15.057684387120762,16.916535942382602
533.3746672750563,145.30091300073113,14.839242720395305,16.96827669018816
534.180269310228,146.06470964097352,14.704463820950284,17.30061535550415
534.2087468118532,146.4197613174687,14.715959745434185,17.292027200267707
533.217009154793,146.6330272155894,15.101351563460867,17.28070231320597
533.5470804701422,146.53006820577158,15.032364938621782,17.190920259599395
534.7426147278776,146.90587547606532,14.623802221490992,17.066075738543184
534.2117656068984,147.5189614056027,14.972815832101574,17.123457956616853
534.3601558116953,147.71724590913527,15.048677939597532,16.817831332364197
535.9557953552161,147.0151454678579,14.599319323747466,16.69793477229198
536.488534095062,148.8295547952521,14.511781449768517,17.09908437922234
536.2891999505484,147.85932487114496,14.845771546657094,17.17858994276869
535.9298009427597,149.11374089176823,14.860651105203171,17.16161733755731
537.1828320843924,148.46771323266358,14.672948196937726,17.009722002690403
537.1957450902487,149.21645025546988,14.674465935225236,17.073611177292655
537.7968466419031,149.218725458664,14.479899855842097,16.998626200591914
538.0653091296351,148.72820353888443,14.582588985602838,16.878313533803386
537.7523161506123,148.8498193491812,14.926760368453085,16.77595868322943
538.0544000448016,149.38467402064785,14.741988026851805,16.949909313440617
538.1489313771453,149.90764940331184,14.702316536480758,16.954404104753277
538.5709136418409,149.19085550729866,14.71559840601558,16.762637129933914
538.7192650881609,149.6065444822782,14.886718541939803,16.616367364789284
538.6188341446198,150.3989437737666,15.022368179266335,16.35671831794531
539.9553983745966,149.77543716652798,14.746921909254016,16.078749080030004
539.6573376968573,150.64532800372226,14.881625112877181,15.931790434205869
539.7177239352546,150.4590300198901,14.76680356381682,15.79540660450695
540.4401039001616,150.6463042967468,14.363898492401333,16.040918017834546
540.9268905286382,150.48555869231726,14.137624429784115,15.981565110482684
541.7008649559415,151.24884767503028,13.994311958234125,16.25029048978319
541.734229833995,151.43918656091063,13.952125964334355,16.108714127934622
541.799752738822,151.56494324716806,14.055878586076687,16.003231181445116
542.12571696595,151.02163797132596,14.207878507064933,15.875722775609773
542.8864889703016,151.6135144940943,14.310644038156637,15.829527713471592
