546.0,163.0,28,11
545.7546467725222,162.78879446187304,26.75228787585411,12.091409794515652
546.7682594663629,162.66735002915533,25.74624931678598,12.88297419706041
546.3951882975202,162.25602945101386,24.94737059734242,13.52955944514025
546.9038419253976,161.92719506813256,24.40400132986875,14.106516846156762
547.2377625036177,161.7507775861719,24.24336995126085,14.314591678242145
547.5975813092605,161.91968897633765,23.720624124643045,14.570099281211421
547.5703134664365,161.88591280157797,23.649381612048998,14.667291828484665
547.3013520454236,161.95108664701652,23.9551343490942,14.46505235293961
547.1711072413966,161.89866865571608,24.054247004023253,14.374835234954546
546.2196476960575,162.01227436408146,23.583485979955455,14.873766701524552
546.2675295402721,162.47503191425267,23.509717835959705,15.096513625107946
545.7424062192198,161.23461879525283,23.69142657523227,15.141693805978738
545.9560195922194,161.74005529748197,23.616403198373725,15.354926636481355
545.7197701994753,162.01092484404717,23.84595154440882,15.075776044327522
545.6625583747835,162.30641870418614,24.250254039007213,14.855241204908957
544.8199048239105,161.78179625919913,24.34754844544069,14.79105225699237
544.5290832608928,162.0853201675549,24.223838788273014,15.108549728366793
544.2967850309813,161.98471832082478,24.53286426420929,15.000122074170738
543.9363508879428,162.19025414810193,24.535974371575257,15.357872135925046
543.812913900467,162.32448562208884,24.894428241546365,15.124740914025457
543.6354802049287,162.37314811658257,25.179341714165865,14.847156220448165
543.6014953202874,162.30561350258267,25.40542305571432,14.926057845908867
543.4463159825075,161.62419941954576,25.46196703400843,15.017836512470994
543.0499626026292,162.1989329499981,25.759129360171343,15.076453558011593
543.5438266479642,162.097388434301,26.072396142548136,15.08175053618317
542.2713981755543,161.76794611436137,26.24712827047343,15.111042280554601
542.817404517665,162.23733201144643,26.534220200509992,15.082663247614969
541.5552982350084,162.00693470852502,26.432036586623852,15.18449484076246
542.1709928054798,162.2195649751784,26.675470443727928,15.454470513510373
540.8295593227328,161.59343664454212,26.834808356487535,15.238007692361077
540.9687926114434,161.352298556499,26.867910992933396,15.434280755654358
541.6987293812953,161.80240900346345,27.271028786237544,15.366419175690273
540.2101478739231,161.47548656840655,27.413932767778782,15.34314002236659
541.0886636677985,161.1656300690608,27.44020348715687,15.591354913147912
540.9197551987656,161.8927597944241,27.38695292033976,15.883799563983835
539.9104003650625,161.07952513210535,27.433578542335873,15.879897794871331
539.224413246494,160.97445700487177,27.388575850761885,16.053046744651024
540.7009512004856,161.47301321263686,27.538267887114763,15.763980288593485
539.8022807638021,161.6680296580265,27.651877681380263,15.593879953966491
539.1707733567065,161.4459435635301,27.431799233852626,15.695629657607729
540.0416336310248,161.66134618147925,27.314498851231825,15.814758808916498
539.0589968227996,160.9357919739569,27.28570813662727,15.658285131676042
540.0978227204564,161.52553247231134,27.27395905127466,15.634520077349976
539.4228445223846,161.15604774817206,27.426474346344065,15.428344872308259
538.4063426093201,162.09724984629955,28.038228782824607,15.325123110135271
539.6144455803906,161.41493246120922,28.1873609754493,15.307914313421392
538.4062809836072,161.47195100755363,28.420180342356023,15.463362694365415
538.7071226530535,161.17381390357858,28.6041262759243,15.20750219772564
538.0709106171938,161.93628134444077,28.837419183092866,15.355716424888005
539.4322751222835,161.14680429868838,28.668301928284492,15.064950057408371
538.8288827450049,161.94679614550998,28.708598035380767,15.546097345210502
538.5058741193764,161.30360009988883,28.70467479591518,15.191421931569995
538.6765956446005,162.01663499204477,28.802227106795044,15.337121861613582
537.887258504216,161.15033528442683,28.795162251821882,15.270908410638501
537.472924239839,161.9714503603556,29.132398590634356,15.375634130363053
537.7971781208587,161.5788135065621,29.19388991306767,15.344249817930457
537.9354149738907,161.60056222456956,29.394795052218647,15.168855409259342
536.7874848148311,161.6205772526318,29.57464279709563,15.128695653427837
537.4891453639606,161.5269330157398,29.59235746543824,15.167462703872012
537.7226181816984,161.0408757046631,29.396896204962577,14.903844293798759
538.4982487359,162.08973316827448,28.729797999391398,15.17274466198619
538.6833815975391,161.4582133237873,28.561978259999947,15.116951953499608
538.7219870500167,160.70510124007268,28.307979024966812,15.234221958331215
538.2003018339656,161.86670504903552,27.997948272986946,15.523242733960227
538.889303244461,160.94375223608273,28.090198442718698,15.739837751955605
538.7660763934712,161.6923083792247,28.3959249108115,15.70898065365997
538.697265077921,161.37132178486945,28.614022395427558,15.404962326257202
537.9503544663576,160.74219452070238,28.51754210488255,15.41141631748195
537.1625171220119,161.2528654834107,28.6643151212106,15.62740959714346
538.2974570025427,161.6662335305194,29.177783443645037,15.726386088375232
537.744773450318,161.35710835362391,29.38526236450077,15.630410673123272
537.7837829340524,160.84660156092585,29.367141773496858,15.530826419163938
537.7866483344785,161.35348711945252,29.422125694324254,15.721988468614473
538.3852922604975,161.3657927330234,29.54680592089958,15.727971113543077
537.7721053945259,161.23171305734647,29.529649379405328,15.727652071342238
536.9226064138932,161.10858391319667,29.513628114596493,15.712916402122264
537.1437093886052,160.9234654950417,29.679866379039623,15.730522623197828
537.9141062286841,160.91932169926386,29.691555303862277,15.621264133210586
537.5571417545907,160.78919378220917,29.737622313572395,15.605732613804307
538.4275844795887,160.71279337272873,29.841554978810738,15.609790756983955
537.813505940574,160.4870283576043,30.238916768754386,15.702327256959412
537.6367495840979,161.12921846097532,30.66978391285893,15.91941189396732
537.3400381247905,161.05111767543286,30.780189863700258,15.895117249231928
537.8316969478391,161.41688506105953,30.62222774738818,16.293022785595774
537.6027565223619,160.8769447226613,30.556663468947995,16.04683839891566
537.8216998103823,161.3017547305284,30.907999610192576,16.058447326052615
537.87337915299,160.95689694713934,31.078330194996717,15.890336659920521
536.9656476408816,161.76774597903335,31.51153003561968,16.4594726415427
538.0728905624874,161.33555919482697,31.62101880178303,16.37362037987733
537.9117774767553,161.01218128705227,31.9532242212941,16.23235892247748
537.7274877525659,161.48913202477877,32.330081562739146,16.23343638989558
538.0054744891853,160.8365178540983,32.30187145619968,16.218588742486993
538.8005425992839,160.22914766872756,31.941380011393147,16.14061976264251
538.137734397158,160.47525058284927,32.311452897578334,16.176329888988953
538.5678424434747,160.4807774156456,32.48165520094132,16.41291874048611
540.4059095927615,160.04795100370944,32.0131777627192,16.199645477932698
539.2871248055674,161.1090919270211,32.24325527167785,16.504106185020333
538.8782302621811,160.98109006397448,32.801004075247285,16.44625187888698
539.3283599569619,161.20871471698635,33.21744848207241,16.811208261339793
540.8549533633592,161.0378617201492,33.136101574062785,16.685888498178148
539.892490808058,160.04241223201385,33.25176917734108,16.70053015023011
540.7672196581684,160.32055636715052,33.17954231208104,16.802109311597434
541.6935655469052,160.68976994734737,32.92031824700993,16.838462424641197
539.9632553455006,159.86695882579318,33.24112999503398,17.14211231667538
540.6942322922507,160.76855374557854,33.28861366256878,17.66341588530777
541.1690056739368,160.699568815337,33.999543583766986,18.051805362490114
540.4770431915291,160.05763670012925,34.435005108641064,18.15771396546413
540.5132295382589,160.45690080394598,35.24650540102134,18.475396695330705
542.0770351112964,160.59161617228648,35.372335111880005,18.63722511392312
542.3658884992185,160.50697252037907,35.89575596054742,18.671525540296578
541.7018490881968,159.79765407874027,36.14681604479769,18.75738349291012
542.8350747338988,159.5688011233276,36.53026709714399,18.605027758227614
543.1724406640662,160.92105039687496,36.099149433586156,18.96594363984385
542.3605097274364,159.838806208179,36.308040908896814,18.98995960512639
543.8949157211096,160.8004855461227,36.43810434879653,19.31046689603583
543.6423251228705,159.90971043953908,36.70706423179807,19.2724370310781
544.725582760371,160.50553710249767,37.106428778574426,19.675281385824945
543.9259197717573,160.0146356456615,36.99847173578213,19.73694117205587
545.5034988968874,160.928664081923,37.07964161052211,20.249681723849317
545.9845482676753,160.6183042310969,37.12097609648518,20.28997234835311
545.4037331958325,160.05588091174582,37.227995034116155,20.08290980736772
547.0551038859671,160.9764228010812,37.6960437539446,20.78577897059147
547.7346577876323,160.4743074331798,37.5323628915324,20.687020509616957
547.6831206149183,160.30660047851887,37.423500286276756,20.825481599114596
549.233997148178,160.10068682079654,37.387627041534735,21.054073746102247
549.7979683519535,159.58871431485017,37.23823840595637,20.43441829412778
550.0926738372447,160.82895566418713,37.33937156379182,21.161043139399148
550.9095653399853,160.636270830225,37.153891780966866,21.183398586132032
552.3762380840946,160.08121410975116,37.196826505150725,21.024537722880517
552.3633297681274,159.72141265293004,37.08558869372569,20.908630382616494
553.6000585734619,160.21965124129406,37.287042582080076,21.22770496370093
554.1902447529111,160.0920652731576,37.41601928324026,21.08120453669261
554.5655954039124,159.9239847058135,37.52561613797584,20.803840280755814
555.3262439909427,161.04431090885384,37.66561962309515,21.27130249869855
555.4864528030242,160.63439250046878,37.318972140533575,21.3940262783593
556.1344938703796,160.03909158376473,37.469171438928186,21.357241637158058
557.7111206542022,161.09259720867263,38.02969350604862,22.08604581702975
557.9034413392707,160.2443394317248,38.125375927415675,22.30839450080821
558.2969538177508,160.73999561378542,38.186846453853875,22.5515410600268
559.2481925747953,160.48760916672802,38.084104962714065,22.897614918497073
559.5139523327899,161.17607254246562,37.78003295649044,23.29604827444376
561.0995487519605,160.5797007297669,38.45406259129395,23.256347136657602
562.1717502021319,159.09512561685798,38.445371360872954,22.79869377360823
563.4940903467343,159.8828787158375,38.950379792371216,22.471997390102327
562.6799517427409,159.81786843655453,38.61559852867836,22.53874737982064
563.1239967616664,159.5057838154705,38.11755365684313,22.180403194254346
565.1302786499868,159.70746136190127,38.46685969221373,22.10442542072871
566.6651162201873,159.59254593306588,39.16032999859019,21.928807364825282
566.7453622842469,160.96854137455915,39.28671073424068,22.479039687405105
567.0703976589563,160.26491638105293,39.39405575630612,22.491895753519167
568.5973620071617,160.1222563744209,39.75705058284463,22.318048286314433
569.4151910162543,160.1511312019311,39.502290086632115,22.278670213325327
569.7144473119625,161.6925400321112,39.310752287696,22.6268751970081
570.7981330121586,161.26273981698475,39.14451766708896,22.695978801089122
572.4634693180055,162.67457441384505,39.23958052902807,22.449290198188816
572.8871040000342,162.87627272754472,38.949722358818306,22.60722627342617
574.9819481912992,162.36569265422997,38.92817057296793,22.67002002601273
576.1708119350525,162.53404460743727,38.75507107618411,22.929667743133287
576.1663144611593,163.9784800838788,38.799435897017275,22.996035132535404
576.4758744813537,161.269700115223,38.921893005066075,23.32237802883135
578.0332095271727,161.5057204443741,39.03309876792004,23.308024748458834
578.4347127770169,161.51448664839722,39.27530406022393,23.659426971760247
579.6516411548155,161.4330534276538,39.650086830993956,24.134793413247127
581.0372641913278,161.11086532000627,40.19131024039123,24.420649120729664
582.1240439242341,161.00280374909252,40.42520621891465,24.604942428572745
582.5050154316107,161.4843102188682,40.42135036236455,25.11011491382613
583.4732200722417,161.94303141356664,40.51631315141499,25.325790200210484
584.9465072704247,163.40107003497778,40.445364365400664,25.021758245474157
585.5379950898563,161.5205204336716,40.55149700290462,25.990346461758335
586.1227814935847,158.78002625626138,40.425106568494634,25.472463966969446
587.3218377725802,159.59134352412838,40.223252555425525,25.196631189047956
589.2692002683036,159.4405219667654,39.863287085463114,24.552488781312956
590.306742089052,158.92949974554202,39.74938508459138,24.050103902470664
590.9046042888008,159.05349354792685,39.51549845364843,23.55698385141193
592.4140104823252,159.31260293093203,39.80749234101353,22.873787058057808
593.2975634934911,158.5801817205383,39.393688320634936,21.488615745935142
594.7663163005188,157.6224882902355,39.03792403958737,18.91657584872822
595.8088871806599,159.0347122167617,38.762879020027796,18.278582768625043
596.5136919019152,159.0337957536644,38.56309318591578,17.37611881981962
598.2537948454076,159.44727880817723,38.6549316714896,16.845127442239306
598.4862597551877,159.37238983341194,38.49164522351128,16.366594234543285
599.9126004678582,159.50771691826176,38.30692491877591,15.985954713281144
601.2266621213355,158.07941594178257,37.60941226855957,15.19153280149347
601.3318572331009,159.18814599380605,37.23909467686465,14.521130802915259
602.9464591609388,159.6811609002212,37.03345802089571,14.525991493014681
604.7149038352852,158.64923432574852,36.993265144370945,14.04581540612017
605.4326389798405,159.42136474621645,36.899965570592386,14.281454162352233
607.3333365978515,159.03813854092493,37.00259255136727,14.371637041685272
607.8474618075077,159.48393569665458,37.03469064279707,14.739114080323652
609.1550948476295,158.1909623883429,37.22094586382314,14.515185208665724
609.1948959547689,158.9499997827542,37.042886313118444,14.823358588788487
611.0745449395056,157.8684688243523,37.116229945207486,14.709603183814906
612.0335049110263,158.1485320892097,37.170645817595826,15.088349945115715
613.3774470448751,158.51320639403374,37.34080903524969,15.204979118670819
614.1122928207346,157.80607730696832,37.4366310943706,15.306577075516469
614.8671965826078,157.86316815698115,37.192074730292326,15.476254628420548
616.5606044557046,156.795648906546,37.21577381564168,15.469485573138469
617.7222230834395,157.1360359258748,37.16057244884363,15.757385240535568
618.2763474731414,156.86565349133227,37.25618872070947,15.929543542237802
620.182734619629,156.86844294344348,37.50351116845703,16.37068857600367
621.3849903647905,155.77196717539996,37.59657353067287,16.371058935332865
621.8083213834399,156.58704781452687,37.69651336104993,16.321998120946247
623.5576310300592,156.30734100304383,37.827334375428606,16.404490662369394
624.5999241218418,156.31177934220935,37.84157936862106,16.446097687651623
625.3649989538877,155.77624141960428,37.998334611755844,16.426482920068814
627.291304829018,156.1446107390056,37.659524436202176,16.351937579606
627.9877958679576,155.0304842457582,37.5685900878152,16.313077834167192
629.6359700599364,154.9998933656801,37.677339665283505,16.474593761803856
631.1329170095073,154.80951459207944,37.363308742215764,16.32426152629033
632.497947451033,155.01834226097057,37.078545100375436,16.150220385285444
632.8944125801315,154.81164955427144,37.23518454432676,16.18839217563682
634.4520371683617,155.22834335617,37.07344946698747,16.077981256410016
636.6820290577762,155.07482576711445,36.9738096212641,15.979598038525026
636.6782873810563,154.21582156360674,37.1202242491178,15.715772033919318
638.4080357513926,154.2588542885864,36.975119598288906,15.719855509741269
640.6476730022554,154.65265218261953,36.9336273841612,15.578149003901547
641.8875419232799,155.05625322488265,36.82877510119428,15.64505428021516
643.7581863899353,154.37375132982723,36.62937917325442,15.837465907240098
644.6682637071568,154.83964989665336,36.90932219506145,15.973814525540929
644.973275102356,154.58461937529157,37.17055337194815,16.19926100527624
646.3206147674013,153.79229263185817,37.0667019837521,16.154138491166478
648.9604368603225,155.2507699188662,37.30966369390575,15.928414691076185
649.8326329360692,153.31129476150932,37.259920285088114,15.462073868094661
651.9011518648708,154.17550687321307,37.417872967035784,15.324981126620763
652.1277334498333,153.6235310923337,37.64178041478657,15.65430500283259
654.1439440240463,153.5322978441358,37.74325514038399,15.8917489162206
655.7814027490009,153.96868921555293,37.70777097904895,16.142730211472273
657.5155470571165,152.38308571522745,37.54547448928272,15.953791643275544
659.1110557618904,153.61726614111467,37.594226061668444,15.943423345212096
659.5943857143195,151.89194645535875,37.57633477253293,15.74222250676295
661.598618911459,152.3121147723448,37.51685061702345,15.869216805408051
663.3337653725432,152.41908800807633,37.726260453643945,16.115895028769195
663.9114471545588,151.9724312700773,37.94229581539417,16.51667005261884
665.4953449801056,151.67486156133722,38.12950352123401,16.721527792852903
666.9632641605481,150.54005176876976,38.440544737985846,16.926122048398007
668.6723338357108,151.08780181055155,38.276738883754284,17.12828279247111
669.9341468547608,150.66617976958366,38.26961522602525,17.456832660539675
671.8391857598007,151.64084910419297,38.31113806291819,17.25345804161404
673.5785663218272,151.26124188203696,38.302355271384585,17.29162603817217
674.7292599144637,150.7840317289936,38.34883032976403,17.40204457423937
677.27632365445,150.9661718693736,38.415477080748445,17.411886913108297
678.4676874522719,150.75035214312632,38.29387314233118,17.30188513025124
679.5013325593123,150.68398469132958,38.43577329690271,17.448009621247063
681.7604291744105,149.9693996560224,38.50885814287811,17.447431156705214
682.6710263559886,149.9620223816171,38.6545827250346,17.709362829539234
684.7118373259048,149.81668094788057,38.81241696196009,17.70441428832089
686.6630169262253,149.33408124652524,38.802551962979045,17.897297712027612
687.6810330257094,149.84405019246478,38.71489928061227,18.211519671222767
689.6592129739904,149.72689116425977,38.50060481373797,18.15367006405856
691.287682113738,148.370475358575,38.44822586041455,17.83248983460781
693.2468725060726,149.2314707314718,38.274885969300215,17.537928288032962
694.8487205769516,148.19998908677073,38.39231867275713,17.484848486614794
696.5696267363898,149.21239253434118,38.53027930309936,17.29770333463795
698.2794502180229,148.86912728420052,38.73045961034078,17.651401498493478
699.5549896231896,147.2055193432458,38.888220216511286,17.261309335969305
702.2486992818987,148.33551564214798,39.10044842106587,17.234692287481373
703.3930836836441,147.3336596609193,39.11370445888359,17.671433424743416
705.4044296386515,146.84879100824438,39.2098937744548,17.533458938101067
706.7336114726395,146.5435883134077,39.08096431058027,17.520023995743205
708.909088488339,147.31284971197195,38.834075220587636,17.276301003302173
710.6709980865564,147.42859662024802,38.74265958860596,17.50951360764853
712.5622545072725,146.1804692712475,38.471659503521266,17.18761492430192
714.0647149596134,146.00999728434405,38.655665295616856,17.346147704261107
715.9259113652749,146.3885433266604,38.70149147843438,17.635022721679206
717.9591077712666,144.4808716129456,38.70199319770098,17.831889281433007
720.0226566970333,145.75742868750433,38.62357851267159,17.724896348135896
721.370790208751,144.8658564296945,38.727627346169875,18.01615853953679
723.072104125944,145.36568909808992,38.4857127075847,18.006651283800615
724.7039857990227,144.8974015537518,38.86107137070459,18.261677300211268
726.0200007869547,143.18821623038733,38.74768763507494,17.759530979166755
728.7629801082957,144.18602008487525,38.94837450020565,17.72018395134326
730.1175306969376,143.40250753570464,38.9596560133514,17.688774601442276
731.4429950685645,143.34145771367074,38.848682409257634,18.311202309474954
734.0330969006247,143.3992755399314,38.81108738771547,18.33458948410204
735.2427690253936,142.1128058267224,38.5268215683535,18.565197977902873
736.8746799539304,141.80352145634666,38.46338575864317,18.71984612539264
738.3749450578722,140.9186916257947,38.49981996726349,18.94817735632072
740.4049482820445,141.75661683899474,38.97440519372353,19.093730433338635
742.5699307256835,141.1089694709339,39.038017882129026,19.241213279811877
744.578539272717,139.72136652309467,39.32106323923403,18.887673142775473
745.4700504916564,139.5293419169293,39.602799102136544,18.797944584110162
747.8436694740212,139.48566244045395,39.474442362992775,19.319500009228843
750.1985620460941,138.78649329368162,39.95123406210857,18.933650985878945
751.3833838835042,139.06973931947877,40.586320611897904,19.532091185261194
753.5226222767114,138.26020844105352,40.569509169721684,19.16348967306872
754.7356415748226,137.68279918012934,40.60614757545252,18.96884377841321
756.7442682164517,137.3250478299266,40.60197107442081,18.793835919736612
758.6135355075068,137.1644621236764,40.52697256408797,18.725297859580785
759.7727492553963,135.7703178714039,40.09297499994965,18.35114892516096
761.7465945175422,135.71706822719716,40.02476293024755,18.768744404980655
763.557397353136,135.05064075590292,40.25554373366932,19.061773908116056
765.3617400104096,134.4020917840017,40.21234151238397,19.101730738637258
767.5209120323798,134.94722837436336,40.09132412859981,18.958959694144376
769.5471939726749,133.9124913701501,39.85388475972827,18.830565355402943
771.6377069496189,134.41766150013808,39.78319510955127,18.7787822243332
772.7083880507365,132.87636315891748,39.34288271200356,18.943425415563492
775.2613608565199,133.05100784574668,38.99128585531959,18.76909331729569
777.1187936803207,131.55168573890035,38.930060954788345,18.887496136945387
779.8221284978241,132.14799897024875,38.36273152974241,18.87509886126034
780.8829447479237,129.76715211255842,38.01939645385953,19.136273777812832
783.3344508366383,130.7948132774361,37.8253762808248,19.21107840118249
784.7580845398894,129.58885152315148,37.5198721799869,19.6379402642439
786.6616064167579,128.1374569502937,37.18504980076155,18.809039956834454
788.6502402466809,128.79422901279838,37.11262833232179,19.171299970008704
790.3071291305457,127.68564656080075,37.11036637269767,18.570242828105535
791.318515904885,127.08317348642001,36.708167775191086,18.497051769835767
794.0458091966115,126.92690917862893,36.36017909212856,18.043726503581993
795.7771030294001,125.98196130172582,35.53138811844589,17.807889835513212
798.0207155046968,126.33558033062991,35.18056911267681,17.899395979365167
800.1065229680204,125.03189139187566,35.023228783197595,17.768187431092425
801.9066067909084,125.85919946336284,35.02199912570263,17.791366698274324
802.595134839009,124.18884968465973,34.77320078096634,17.29805136310242
804.3565162476318,124.32765441751808,34.89232944321287,17.182154543870087
806.19937352995,123.25052353550079,34.52181568424071,16.448240343549212
807.8337233791278,122.13519601660067,34.00462660600213,16.42797222461116
809.4554305081639,121.98441456179604,33.77995014089873,16.268872292423545
810.5647018244929,120.56842805891843,33.3699402230846,16.05097957552251
813.1108599438916,120.33762108718251,33.486631247470726,15.89002729584983
814.7010471460035,120.0871105054791,33.338422370590806,15.907314328397264
816.6740461512456,119.83498550923609,33.22579075414929,16.07230040486765
818.1834518417675,118.73744201572346,33.308328250058835,15.65696716484214
819.5553723102493,118.6368358654147,33.45084748155235,15.79657973401436
821.2049116481679,117.27700862931486,33.35294831010945,15.600714491858554
822.952319617459,117.40835381506518,33.26921177826548,15.90472028735011
824.395129519032,117.58897422094404,33.15088781252177,17.493758711432243
825.6537777913271,115.77030630323453,33.139435384142686,17.695265384253588
826.3874620519714,114.22703665541218,32.74587362554945,17.660604118374877
828.2767226087514,113.47721332872581,32.371351840602784,16.843676675067897
830.3229199763016,113.29220625556117,32.178836561068756,16.545859400498745
831.282879768436,112.4386396800142,31.76179325853817,16.24504272249112
832.8242488846684,113.01089381995764,31.532906344432867,16.712488177955805
834.656097771596,111.80613715240642,31.126662489034445,16.374755724484046
836.5446707028368,110.76161442088502,30.75298189754914,16.297419351589326
838.7748337568822,109.60943512624573,30.225143277251235,15.698953539012441
840.5426843294907,109.03891581269649,29.778965447463833,15.628848672458597
842.313748624796,107.80519523063442,29.294736331951036,15.387801372227239
843.7431895077585,106.6923166691879,28.848543775010377,15.073610985354666
844.6860309372909,106.27575373277799,28.528984878347924,15.51927805690497
846.7951205088364,105.60620074128065,28.14285987344046,15.714966681501195
848.302972398496,103.9909062526287,27.864117458867362,15.921057672965258
849.1378433075027,104.05114658950869,27.73786318968201,16.12012655975216
850.1386011446125,102.28133210412534,27.744755108236042,16.298839392823524
851.4001760277459,100.92587939475682,27.168787043629166,15.966783690955104
853.245546999351,100.39719244461855,26.86046850129801,16.17769915617304
855.261940104294,100.03965220263565,26.70483378066985,16.272807411134956
856.6117274554464,98.62525453908799,26.559587996822074,16.258547013132606
858.1418610540331,98.43133708081616,26.406471068203356,16.36687906102392
858.894311751284,96.8406298427119,26.42801315514672,16.48927254113868
859.6368307631103,95.7714150116415,26.54228696010761,16.28121325064278
861.7053426941793,95.88612425792306,26.487980993477336,16.34132265114607
863.015285664696,93.79126568398024,26.16917384883064,16.43043860274263
863.0924450397284,92.59521627392834,26.190315914195587,16.11116504735816
866.0875792560148,92.49744267286405,25.58102129754075,16.394023040502375
867.9934624379805,91.45260467283488,24.64418626905846,16.110118107943528
868.9407862538685,90.05510884184179,24.25767157185275,15.853306181062532
870.4032990414631,89.95205982948167,23.83957348689797,16.162179779513217
871.0792053916417,87.63146518314818,23.41393113566186,16.158509758215356
872.8444925819439,87.57242148237569,23.0544764449989,16.310395377533773
874.4776531869483,86.26134095901205,22.810288108525327,15.946480069280593
875.8506083778254,85.73468878342915,22.901452006556198,15.764089535192483
876.5829778632258,84.23645276240353,22.581457908802374,15.86928807870856
877.5660621888344,83.88426113339654,22.22304682594448,15.848375316214728
878.1211417351631,82.53515898410505,21.88028275281846,15.991884485403176
879.6851033885202,81.59059119056198,21.773111399229087,16.00717974045806
880.7889533436845,80.52250426029202,21.624806325326247,16.08531679679877
882.3217204838975,79.61035624892602,21.231551402810403,16.037016078808115
883.71181121687,78.15239289956173,20.751098330420042,16.03679745282967
884.3094717235837,76.79766917910754,20.542082553809234,15.872946248718495
885.337631168535,76.32206183629896,20.38967143978529,15.885661483652083
886.57767271821,75.52845092550365,20.10525942197833,15.842138371160662
888.3602052916341,74.01494395429805,19.32829547141932,16.073642975192953
890.3069042487873,73.14168803049185,19.420989170882383,16.214663184621784
890.253462405755,71.66405929350164,18.96776848682976,16.34963867618032
892.0608152806594,70.64931653543047,18.609753716024997,16.56987431439297
893.8998458582314,69.24434215484726,18.37704320785352,16.47603736999298
894.2394261298293,68.09544915896923,18.474043858505496,16.343464475030288
895.9652134325644,67.00115258980085,18.213371962996145,16.4006489219608
895.8968578478735,65.75020964776932,18.421990175834893,16.38620027233245
896.6583754079087,65.18890323079015,18.412451454690462,16.321107112638465
898.82538737191,63.84095738770638,18.786504003738717,16.16024831052473
899.3980575305916,63.305353384406715,19.15824590073097,16.015422381577196
900.229464571552,61.99433438471193,19.13883391841944,15.979608208115204
901.3028848790702,60.457135786882894,19.22858845719155,15.92748715426155
902.5607532601132,59.82617464213132,19.650885752722765,15.799745747475644
903.2508906956173,57.830105758393586,19.751277995972494,15.849393890927677
903.8105028590179,57.93435631385968,20.127552326397897,15.910355365444708
904.8445742987326,56.19458557599723,20.114989586128615,15.836124868513355
906.3093340091575,55.223669025170004,19.905608715083453,15.673206383253747
907.3018076540651,54.101041094280625,20.274253344213534,15.636533228919223
907.9604902003842,53.58251687117808,20.09263043907528,15.784337595534463
908.9502631326397,51.74255321513925,19.888452311380696,16.00250343300275
911.1720660266401,50.75622826778938,19.918769252872263,16.0583366162767
911.30085481913,49.57368401365361,19.58547755656426,15.965119765661523
912.4240643726378,48.41239424396852,19.682777931970506,15.843416773293427
913.5942114331696,47.568992976238846,19.702637009149267,15.761862985510593
915.3752836533138,46.73273795464158,20.066617141614746,15.585976727435597
916.1206865534252,45.68252012079959,19.64318652449716,15.81003147470942
917.3020320494369,43.846484684921016,19.69642723413398,15.831879568146253
918.4816247884188,43.29696473738993,19.755332576482672,15.851833159497486
918.4345477069429,41.60752748722836,19.93917027214929,16.13450099478156
919.7204501828053,39.88166402972388,19.443148096303442,16.579376713501468
920.8046737821807,39.47724338524527,19.099423187591746,16.496486740251633
921.89299897805,38.89798819200556,19.340390593704786,16.35516192165294
923.2885323632884,37.19185274892736,19.384597565903782,16.16931116474293
924.7660560538984,36.128146006425006,19.17037965245715,16.115953775724204
925.15346028375,34.989473475438956,19.150614222539225,16.30536243632912
925.9453793763925,33.60608954326456,18.871326208152517,16.41552934852948
927.3988504310274,32.13527974727825,18.65147974097246,16.249330336986482
928.5393338137213,31.235758767347605,18.712714208494763,16.105463056125103
930.6341147775847,30.424056242040734,18.945599485357867,15.751069644824778
930.1708592346336,29.763211319158106,18.584963049287595,15.679090362172069
932.0849617987594,28.53676327228233,18.466741746719332,15.773763494497842
933.0337558662143,27.677024244950715,18.345719163567523,15.958321810391542
934.6173129552599,26.330673971306442,18.042099858523276,15.983877582289459
935.0359194166682,25.526940157224473,18.160323642249416,16.02403869189871
936.299204384462,23.79320829757166,17.92841618224799,16.141503937083247
937.9202440108678,23.159693388295864,18.047573501701958,15.892336551044991
939.2380716442703,22.142045351644217,18.116118979525652,15.597821528156878
940.1339600469175,21.852892701539577,18.252870006262693,15.241014828854437
941.4807847278379,21.230851705632993,17.916207643933543,15.21922005064808
942.5243448710614,19.434575597559004,17.516770462955154,15.255318561962069
943.3263333711255,17.905529535633946,17.196561163022356,15.440947459493831
944.8501729414005,17.39294456129175,17.550073733898113,15.347503211400873
945.362540331595,15.99913518207029,17.546235865130196,15.450410513544966
945.8950340503295,15.629494855681317,17.89759974602074,15.40989075128385
947.1940949150094,14.807047160145775,17.714082203672657,15.328704294210404
948.2151789995461,13.3694741230033,18.003197603935163,15.25022182845629
949.9842768545349,11.863277352978768,18.10660345645766,15.292888806005354
949.8930471425032,9.975256928275346,18.132416152005423,15.253805143693448
951.3454682840916,9.104216018725173,18.174885270195777,15.112891357325044
952.5372761384061,8.021967369533833,18.127901336469087,15.148375594184289
952.7016318392464,7.1154397191552174,18.759852776585404,15.054112779707143
953.3079293315905,6.284610742900987,19.750825296780096,15.256786357215605
954.0542059444643,5.7893853469010885,20.175714392809667,15.344473782516182
955.573061460807,4.799507935510442,20.51204968580786,15.515039762524038
954.2020180580463,1.9637533761036776,21.407327104122345,15.539324455068035
957.5691740342339,2.8083305179961897,21.485759292372048,15.314289128802542
957.8812605961297,1.5078836642816658,21.316229418092213,15.313467748340965
958.9562573797691,0.41599548458377367,21.81583301878211,15.259657132639093
