132.0,244.0,131,63
135.19966039195077,242.14737100269627,129.51196461648905,63.22002850241997
140.32021956787935,241.5677019777996,128.23373688963193,63.08096567330703
140.64471115518694,239.7905451193472,128.02033110759487,63.1922251909931
142.8178774561356,239.9269338234725,127.24394479476007,63.752852323758106
148.1044395115793,238.9835867708523,126.664320439732,64.01924613602975
148.60402755624412,237.59486189642686,125.97538604962112,62.91714876574004
152.65126668185343,237.26646299090933,125.97526814996499,61.33270512169696
154.2001313475783,236.06449379763347,126.08060278335901,60.19974775629554
157.0011657631149,235.91370045548027,125.52336427455144,59.9244911788832
161.28458303489373,239.97479664306678,126.20436298294692,63.7768166259758
162.61906891714852,238.99731612740402,126.27254331804671,66.74816559675445
164.16669694284903,237.5680774414486,126.58732144633318,69.01463247061844
168.8519312037204,231.59310623151583,126.23284413552797,67.48517425571833
168.42162673434694,232.02235124261944,124.61051240044674,66.747015044058
169.4157587680722,231.41065073724116,122.69616190721496,65.37968729504897
174.87871913111218,231.06465462794705,122.53809396433817,65.35473005074654
178.2593378099259,229.71333340390183,122.00543326686696,63.65859930547759
181.5323318528513,230.18554060655921,122.08883971226615,62.30302157008469
185.96007846134853,230.37088242455644,124.22565606558422,61.14654081494963
186.11967273104972,231.34538900675878,124.56375512383808,60.335680726716795
188.22726350658823,228.68733737486633,124.01638973487043,59.863850640892366
188.36763105955265,229.09095178851183,121.06652621097282,59.466350817507575
192.18938546760774,228.57136503502608,119.3548106077533,59.044892000260326
194.90791262099316,227.53081010123185,118.4241039572324,58.7059579225363
198.18377056285672,227.35172181185516,118.21949500709904,58.658800028633436
200.60480952296686,226.52111067453728,117.6964173310194,58.849380213425434
204.2487657370637,226.95552193689377,117.95635646532571,58.87045026683745
207.4120746774929,226.6711396084125,118.7034995707954,58.90131209176879
208.516147795385,225.13175852460412,118.90526544438627,58.99142679844801
210.61296315199147,225.08370579318668,118.02862081515768,58.87668631401727
212.17931191435292,224.0747359046644,116.90755048770039,58.74338097387428
215.42746368296372,225.8514744849123,116.07390564188509,58.10775049306602
217.30964247717927,224.44122268949397,115.36158052415709,57.99557586124642
221.86536924238487,224.18837711342385,114.71439090976149,57.75425773604291
221.86265375517905,223.5611660625637,113.61249156190755,57.84464785534133
227.0731609108323,222.8855670332064,113.04825825646037,57.9296410800716
227.0579670920514,224.031898211914,111.87704677292845,57.586319542968845
233.41617070250106,223.44414454887865,111.54763296023228,57.34633004286769
232.2097313801304,223.66692879784338,110.61987439794235,57.33484357618822
236.31575608672694,223.02991406355738,109.64921902771798,56.97966161897896
238.76912003348696,222.9291186555612,108.49477995255735,56.657723382236966
240.5853647442841,223.33097237172854,107.59526172236932,56.372418049511666
244.83183276836047,222.62274782340228,107.27951073281028,55.93049922624233
245.94034388107337,224.46692556735036,107.102405499572,55.76048480279931
249.19981964521259,224.2449665841325,107.08766539707483,55.63753875556312
250.12351931838046,223.44357144682797,107.30798455659844,55.814364674703434
252.68108815514404,223.9613950522638,106.17450581861816,55.63916057906612
254.32338795143596,223.33482724429197,106.05033713423745,55.92855107782232
257.46897220626266,224.47279745964644,105.7247142788809,56.122245656879
258.52602216630515,223.8293668554752,104.77391391934279,56.01958049803396
260.48249157362017,225.96808450710654,104.2307260812753,55.431659354927575
262.05566610966713,226.22029825548304,104.11257525136885,54.89680583278393
264.5728413509921,227.38401266937203,104.05188809879706,54.269908010865315
267.3709967717863,228.24318663636936,104.09290635877117,53.86033693233942
269.8616653938979,227.7076736450407,104.02431935868853,53.94558410640296
272.7196047552092,227.88406435610557,103.97903389778465,54.16204706903885
274.7413680028051,229.4625707670069,103.82460652368667,54.16741828043933
277.0982663815082,229.57658003079223,104.19451948307737,54.71152499700929
279.2041518843496,230.40968142806983,103.94594427817579,55.01929070831346
279.7205543104076,231.49751211366632,102.9667282932473,54.97970721797985
283.6804012260169,231.6147388971797,103.31299515538811,55.17054661970308
285.9634130040631,232.51338002948003,103.09655045671747,54.84979633752431
285.8117495092779,232.60449329643214,102.59607495605361,55.13274924697946
290.77411834360896,233.2914539711389,103.30176941629767,55.02985450889407
290.9930955730691,232.5715614026918,102.79298365854922,54.96417699930388
294.0955533586432,234.93621921689078,102.35195358544803,54.99423026739032
294.83304009110935,235.19666254722324,101.62527113614067,54.97963022781917
297.15087867652494,235.8130564240393,101.07104538132518,54.84544476910891
298.78910790950164,237.05960173751288,100.33508374154363,55.05367860505238
301.81396549756846,236.93192020895071,100.18969595798814,55.24925772662982
302.4088305185286,236.11836537119663,100.18923593559911,55.40395529276299
303.66224795258773,237.2456494731517,99.63903558896519,55.696445194321576
306.3639853101429,238.60227096734036,99.3288225926049,55.616533504772384
306.9659035286008,240.0003300091479,99.19105671232964,54.62339393678237
309.5435578134529,241.27103961884356,98.36542953910991,54.03876182676603
311.65117995930336,240.25598313749538,97.85150971029955,54.23931546329052
314.1237407967396,240.32078653298043,97.33360361159896,54.54348552778912
316.363573727646,239.37367320361045,96.24590552322366,55.13668679590411
318.2082568180821,241.35319078853908,95.75200443024204,55.12708399909373
316.73743086535166,242.30239633268653,95.46526278101541,55.117070127595696
321.2566802111963,242.1652647976372,95.19818742916992,55.078985785584976
321.63785542361927,243.66097215300329,94.40254232658953,54.735093047509054
322.52715660305,243.56244973893436,94.42713210640005,54.368997006506284
324.49051413867875,243.8063146430966,93.7841084413925,54.11277354583804
326.40680368650385,244.97480589760224,93.23531230472668,53.89767824385803
326.4916007910978,245.7365623257534,93.12028352522623,53.60704502622756
328.934630775683,246.06971041895986,93.19973869277464,53.153456359345896
330.55159385148204,246.15233836841864,92.14488968961399,52.93790749167836
332.72984504524015,247.583961150026,92.03036117905094,52.393540102291745
332.3055946963131,247.25308657168517,91.86485430854569,52.213278760926535
334.6822007329757,248.09544632353516,91.6060575184237,52.02367644472653
337.2982051344417,248.89371131868413,91.40694666471045,51.43434860286613
337.650071828181,248.3025009691811,90.33651405848168,51.13666676280968
339.3899009392959,249.40535637967383,89.60801550422065,50.676042611746084
340.87723595176806,249.6004919731731,89.12766920974516,50.44165521381008
342.1689515179873,249.6572152610068,87.88493631949412,50.07842226118955
342.9123191438061,249.86229604061793,87.53327186863787,49.942186483217235
343.92875557949895,248.70124873404546,86.72162092108024,49.959532561205975
345.6593531525108,248.35055510952043,86.71690770865024,49.91598572822474
346.1732331651605,248.56886696449388,86.06741306421016,49.70580244796537
347.9896502634166,248.7307876550896,85.09409424855744,49.19989319568012
348.53502695165594,247.71957883767175,84.1648093779381,48.77602176801589
350.1183884990899,247.11483849811827,83.40165073619517,48.763151372904076
350.2510852911295,246.96587121725338,82.54629133180342,49.025960202211984
350.3625027886736,246.15359621065903,81.94946341679332,48.98040523493192
352.38598186134624,245.7927374721827,81.36219155074498,48.806492829072134
352.8451078794826,245.214707910955,80.8125613406441,48.77019965660559
354.1398335774095,244.8684296983803,79.73885701510291,48.46031467550498
354.33160682160786,244.87749471909797,79.51848801694057,48.314865298132204
355.9411116060812,244.38127094566778,79.09327117260315,48.30436789870348
357.10766627417274,243.91895962085846,78.24163766649826,48.187013619611236
358.39641823126817,244.0907727334289,76.88808699937772,47.8317449384156
358.86723660995284,243.39586260696714,76.18045903107088,48.338340704034465
359.55386620876806,242.60877086528944,75.32750928168261,48.15559669715552
360.8632500515027,241.90504369701588,74.47807448195553,47.700059700694794
361.68155359301545,242.94421451414777,73.14897777490656,47.83808769533725
363.06027079500734,242.0645309747858,72.15587137385245,47.70061944691276
363.9107929854123,241.71406754769978,71.25937716394108,47.32085782452229
364.6759962599991,241.0963912180436,70.20287808547047,46.85854813031902
365.8659932214032,240.4817925186934,69.11121424078743,46.310981613003804
367.3993275024056,239.7921094084201,68.3663230225326,45.81131951323796
367.8336305668931,239.62804642339347,67.4031429189482,45.45873564442397
368.5520260137442,238.70026294052042,66.07262949106628,45.51262109161541
369.45633979401515,238.82082640637697,64.87294968443061,45.6208593942773
370.56578047725327,236.81486455232584,64.47225984627475,46.16384999691084
372.176396539718,237.61504886944303,63.72325672525154,45.991536172246754
372.28011925757994,235.20915175233336,63.19830640671516,46.70131014279421
373.5648731789495,235.47480951796499,62.4771262006948,46.56493784883564
374.7707876276412,234.89929302859076,61.72104376327224,46.9066904320763
375.83454124169697,232.77207015517865,61.139221349613905,47.35640290253333
376.6282337752642,233.2540231957081,60.28396824048724,46.98641466815408
376.7972113980089,232.05654369813612,59.517439386599335,47.11240698849337
377.2178699928161,232.34512378135975,58.55119849093035,46.951277705835224
379.49230195320143,230.6886903241428,57.66217038558927,47.23069735464407
378.99374555860857,230.62967989281935,56.57212497165003,47.3282714399472
379.3153581597077,229.3297469877738,55.87035179581895,47.36095280179617
381.3553040352729,229.55886627895728,55.3458799665635,47.06047483954639
380.4069065264495,227.89419203802464,54.71383587288225,46.294547442505426
383.1558619174647,227.54771680998107,54.422223918976954,45.71906528140503
382.4504870655666,227.5705001067743,54.49792113253864,44.50583511359984
381.59265972188325,227.60543664893848,54.34799049275697,43.9546235282949
381.80708581842634,227.00649681061617,53.91880260631133,43.62966079771295
383.0607188206906,227.58107385791035,53.74433079123594,43.686729237304306
382.98335438608484,226.80043518888328,53.33646810771309,43.56015562321002
384.01678540471727,225.95849896180795,52.73606725208887,43.4163455822435
384.6699322076702,225.09591150770356,52.356027918644,43.28319834689755
385.32710051685325,224.46919487256497,52.220676895981015,43.160456690416915
385.9011416051702,224.26399031605797,52.01834972422987,43.04570406026688
384.7445093916175,223.0108590008608,52.06583656344475,43.085841202379974
385.5196402246709,222.09531101736218,51.68751093249405,42.86963492328344
385.9365999169363,222.2875315748942,51.81368981456491,42.52799471153973
385.8932348201992,221.2032382313255,51.4886921027656,42.62642148656774
386.5760339760732,220.8707490183767,51.688813395509925,42.553790049184094
386.84566650770705,221.06084333637276,51.39353636935158,42.24644687217634
387.4559641282719,219.75719214330607,51.531980434862504,42.24242113330971
386.1497730739886,219.72918511106374,51.53968725046019,41.99878309818504
388.33534328987355,219.99752457540782,51.14105048079976,41.88791593707498
386.69370546047895,218.16298258378924,51.20887203802643,41.85741495937464
387.80454793453055,218.55737862046567,50.790577592853026,41.84154158719365
388.0398452626602,217.67168382885964,50.54169314167175,41.4562844418901
387.95629570767767,217.76595275116327,50.62349562077747,41.41995301818126
388.29558289813906,217.25775794501274,50.44397519493276,41.40895310411513
388.3538986358225,216.79340791085286,50.24999691780823,41.296774876536446
388.72639634492316,216.22824441854496,50.03863187070053,41.11185527912102
387.96664669057463,216.03352559189472,50.14167304951476,40.9903218630856
388.3249077384029,215.68486877769834,49.95270832690517,40.65119750319709
388.0019971530843,215.75569382615737,49.471027056136066,40.019282513700894
387.7743569907195,216.36135182341604,49.195640266607846,39.34351949769915
388.01649561129835,216.0531483748198,48.52741832330172,38.81122949547755
388.74053319452435,217.7576311625734,47.84371693614666,38.091396610400054
388.684027807985,216.91857749889877,47.424775804928466,38.0923951731009
389.45398336995106,215.9143417568738,47.08802019857442,38.063238483322735
388.77852191662043,214.0474481121891,46.637841420665396,38.593183609606186
388.98108585593184,212.83377410278774,46.11827262407384,39.46886536864328
388.65491449452526,213.2143883267762,45.35813976094947,39.78394612476791
390.79674514751804,212.5224041191174,44.81115753211241,39.809790760788644
388.3931655631772,211.77453365423696,43.343597462512754,39.8260089854714
390.57130362939984,211.36602837641482,43.14198441600503,39.95419202646723
389.96032403027976,212.40528127873066,42.931234874010784,40.187774234530885
389.9025940501925,211.41665009765006,42.51494129414632,40.07774106446552
389.0237715890539,210.89294149511838,42.43309341857184,40.143728215817916
389.71461169956063,210.25342596420856,42.77173485283188,40.94306872587975
388.1190212141009,209.90782255111583,43.05588762550921,41.23496830108864
387.04051661399,209.1970112676684,42.92508554643405,41.51413481329604
388.786351835421,209.18409324489008,42.85535113872833,41.469688876430794
389.1685305461921,209.37760622406108,42.773549869529894,41.14475093078407
388.9795101596475,210.5337046263518,42.77945929496289,40.934925342022964
388.6307493961994,209.20688677306742,42.575018541585514,40.78077601441202
388.2255920755506,208.80066866574916,42.67116081960199,40.69396601322827
386.86800158677966,208.9977589923787,42.626148926050064,40.551540120711394
387.8134364128638,209.12382795033105,42.721958351030274,40.58799168234571
387.349186260459,209.24086354910116,42.93636258650385,40.45060017230546
386.7358749009959,209.07858392576023,42.83458564722693,40.377683222698295
387.4415931250061,208.87921188247,42.42266091795656,40.28163055634905
386.51574719229666,207.93766789093522,42.38778662126611,40.41882315367643
386.7612768977557,207.89816785770182,41.82968009120739,40.329625588307266
385.7695460437161,208.25103731414828,41.41334626705997,40.383331865844085
385.62429031971817,207.87447655926448,41.04008513204799,40.27079175451793
385.52659892144646,207.71304529848632,40.538934725466454,40.40195810908203
385.82627671729773,207.99221256673687,40.142048005834226,40.530436927073126
385.8941421439111,207.21377752611315,39.582778944599696,40.5785179458206
384.6315867207395,206.82677835916823,39.58146156828667,40.444282637132275
385.4567408111385,207.0296780033955,38.710160345496426,40.39006110746682
383.98953509623476,206.81968237341252,37.80141686807735,40.166390868409344
385.6051019568434,206.82388127660215,37.45675775623512,40.02667592335817
384.5403599733178,205.92214509778182,37.87177944301283,39.92769771947541
384.58308344506594,206.4691774808255,37.64897288037597,39.96572829030212
383.40713338864714,205.6375780564893,36.692233466846375,39.83345594756827
384.62075459288644,205.55740452463985,36.60019613649279,39.91596792825935
383.5062941811299,205.23969203447658,35.929702897505884,39.80952584315621
382.8117820117448,204.64967238355018,35.613832216744754,39.69247652196215
382.82356239317744,204.9618608432084,35.13342330934819,39.750197991317606
382.3099124306899,204.2779248068656,35.2139306317843,39.282712397987545
383.2218986404448,203.89686095237562,35.45151216735262,39.135751972201874
382.5870341420133,203.33202832123652,35.535312819489064,38.71343054014416
381.5509661190114,202.96407007131492,35.440380384047614,38.36257030658889
381.62016159743536,202.9005944931421,35.52794157563706,38.54533811332516
382.24571759623046,203.17711907146497,35.64932713664068,39.03663099769508
380.6394467948689,202.24662179388483,34.805090785262216,39.35894452258191
381.16453360093004,201.53649470863044,34.33839800810089,39.28881173020004
380.5369399458885,200.35881288136443,34.11331493244174,38.94759640523989
380.2623603559622,200.31412847859136,34.22442479588814,39.03632434164542
381.76555725421406,200.16841319180932,33.580503533564084,38.99508279606887
380.74387044984184,200.35769086976717,33.182867620824126,39.30659091671567
378.6258113649765,199.33730786922982,33.42734760696099,39.38443577521224
379.89171996734495,198.93981741411062,33.23601502136476,39.24979022060686
378.17411903422465,198.69658200564305,33.41779891885537,38.99329533929986
377.73452161323496,198.01814004274524,33.620815782319184,38.63251263911886
376.56001854103795,198.53350828401142,33.76825332319749,38.77217105404749
377.7879883160038,198.30612937934467,33.65310356818774,38.808944854591935
376.4703172282224,197.10536284600687,33.74802521152387,38.48521241833782
375.6654199662441,197.37998780124576,33.98973196692594,38.467563460008485
374.02672312653914,195.54537349952003,33.99135355160919,38.5500611064287
374.7090037298451,196.24469649256807,34.00986424441139,38.4973776447467
373.4676487456592,194.69570424914596,34.69106054090821,37.95646137475494
373.60656674828635,195.26545821611003,34.70988591260698,38.1712930404362
371.8157353140043,194.13723805229597,35.23889070011641,38.521696991111156
369.9227210883925,192.46696264972232,35.455140708957146,38.04825243493036
371.42108911014304,193.09173574936003,34.987808351979496,38.1753999612409
368.3036319830346,192.45839894411478,35.05502851439957,38.268932092239226
366.57715662613936,190.30209000819423,35.734175517252545,37.97931607736156
364.31484637664386,190.47930285261225,36.94789818909511,37.781140388525515
366.7110422466886,189.84864816223228,36.590687113068114,37.1459501354964
364.70140819188134,189.76820640604734,36.40757790334672,37.50843276895998
366.1180588560597,188.25451823193535,35.628674157997786,36.59577615819961
361.2684162949222,187.68442633390532,37.15614531542902,36.498502678869066
357.91409354176096,188.21008640751847,39.77319231100931,37.21962821035365
357.59282996120544,187.33613545487862,40.895608388136004,37.32315145352399
355.7386297433707,185.88590067901998,41.72762027400074,36.94877969664751
353.002931702232,185.5768359097583,42.99871423225477,36.88857976739744
352.5575628205362,184.48368639724336,43.637437835490175,36.56898889984923
351.8872733372021,183.78544291817107,44.3158463920021,36.08746987654847
349.30806508439485,183.71237052732923,44.99275654996033,35.98115799319313
348.71639833503224,183.2677479655659,45.031009482279316,35.84098417140731
348.08275775193044,182.25707637263474,45.29270593168596,35.620536585785175
346.61045292668985,181.27343942198925,45.91338674915935,35.867504090591815
345.7535279698541,180.40399747541267,45.87053805443243,35.62178410190905
345.6904256558669,180.45156626855996,45.25161023611782,35.92642678905194
345.67143075137136,179.5629467214822,45.51367536249168,36.19219127383245
343.1781717378433,178.72561030997295,45.757639678610325,36.156704795093184
341.6298982777609,178.1739242349885,46.0348964376423,36.57968754076519
342.4857570188622,177.16155792342713,46.23524255407248,37.039738157051985
339.6942937590677,176.0728072815891,46.35683484514582,36.99151617412649
339.5922497249936,175.0861614746818,46.25600653145809,36.81937626938641
337.58584443516514,175.1682251496494,46.46933285818538,37.06047658058401
337.4130918480304,173.83372357910082,46.307193379134524,37.10530369629055
336.63939105399186,173.66182261897873,46.19060876115695,37.02538430305818
335.96822670971443,171.7451486912524,46.16892377783674,36.78494065460454
335.03727940223246,171.3767973958091,46.18656485276163,36.61084612635058
334.3325957872968,171.9183461188918,45.84494026134391,36.65743312842732
333.96112153750846,170.29738488806282,45.79842953240491,36.38748425219467
333.54840203119875,169.49399865893017,45.738568862407135,35.92485973780371
333.16385432301234,168.5219518363247,45.409901217256596,35.76461378340532
331.9880339717827,168.1076350330708,45.51610429764545,35.247040724874005
331.46726633104464,166.62386417644976,45.5519480508013,34.08151053870206
330.683435222525,165.59814387789373,45.47274442311405,33.208543176829735
330.6165982595363,164.51214778084503,45.21130726510705,32.272960908036495
331.3370301720871,163.73109349871694,45.01986360602112,31.47813587854266
330.27012030607244,164.18685402244438,45.033215198402,31.0217845088222
330.92687900395,163.68311681164514,44.612764208896934,30.29657765600659
329.4123326940362,162.9198849712005,44.23946730235734,29.56934870994273
331.15857564497605,162.00890579283816,43.22329975985254,29.433390806901787
332.20086026831893,161.2897004460098,42.56599186570587,28.799749498605447
332.10008472842344,160.32914044681095,42.353617774598455,28.45585484856557
331.5689146752095,159.8576038326817,41.959994746260634,28.501741797527252
331.02912494247477,159.27749036411453,41.72704369415202,28.281002548138147
332.8453303278496,158.8882546384789,40.82581883648839,28.15717602577653
333.6620417215983,158.50831411773328,40.36295879313151,28.262012511603736
331.74744721747857,156.31555607123218,40.99343259141,28.917349771598133
333.6404028639378,156.30215459175878,40.254777768218055,28.63255299909965
332.0063223511904,154.81034432870126,40.41646296363484,28.647469301581854
332.56372523170063,154.03743921303672,40.02571726120814,28.31396129560626
330.6887574434628,152.9638402442511,40.06622595780091,28.009102348411904
331.76069639234197,152.1965489465926,39.60273746433944,27.759917243533522
332.8329919177213,150.91588809289593,38.886781057135536,27.15900750561438
334.53362663482864,149.6495716428222,37.70456679870207,26.75493386279308
334.30216679721156,149.61903346234422,37.887380883115966,26.733277069452175
336.1458212111399,149.25252286540604,36.107466464439014,26.52933232094577
336.087447834078,147.462518561021,35.0959478377034,26.65277507278223
338.81670772220656,147.57013551455734,33.599372641524425,26.53966824090487
338.7103204498059,146.46906945114807,32.35811428837644,26.342836439500754
341.1736363892173,145.29487201377734,30.425729846077143,26.075493399203147
341.30549368527875,145.48397563910962,29.52810412114178,25.496877212991713
341.1656851222495,145.4842905452751,28.76662169886037,25.102547754664684
342.4123647557685,143.42398229670675,27.463982036314523,25.073536566254482
341.7724607275576,143.34067087407746,26.844086113244256,24.7657102537982
341.7859903764673,141.2434470565309,26.498491964350546,25.11443187570775
341.17418181616415,140.24103932729452,26.317575698726408,24.983100788770333
342.6756524099572,139.01179278135425,25.93928355899186,24.690426583287625
341.74117907768107,137.5473801558952,26.018648924715944,24.560223208717375
343.28968898038784,137.11496846660768,25.582990813638432,24.521840715710443
341.9837858671059,136.63933678655076,25.867473126628003,24.609258250628965
341.0040675256362,135.273676993175,26.27770784423552,24.602243181618736
340.80222805992395,134.93846205630717,26.40159399001534,24.401464864436452
339.4463878820193,133.30221955218235,27.06324840588335,24.51379362268608
340.9882099378006,131.43770986207403,27.07047801258242,24.83394612057851
339.8638375342122,131.40255094667748,27.33303965325527,24.903348424027882
339.09619517369174,129.9120612810819,27.333046053983708,24.53126226449639
332.49374111522644,129.36753525482783,30.587293465347933,25.647970872180288
329.70818625277286,129.13529426307394,32.78698137629023,27.082286229711478
328.959732929418,129.626829056832,33.98596779594919,29.368732633406314
327.5796324530472,127.02168461725923,34.74908317740163,30.21033102182921
327.79531393180804,125.40092189753688,35.44972400405971,30.84625038217235
325.65408145217174,124.14929488271332,36.007930540480714,31.85473817646788
325.4519536593054,122.34145165140498,36.401932219963435,32.09366987834239
325.40181006733235,124.71137514591793,36.995185102151716,34.10034388541023
323.6997357184205,120.433341102867,37.28501495231911,33.57628807014489
322.8361243463904,119.05079900761314,37.23191848251212,33.128939399324494
323.2479344051421,120.50942983721477,37.44203554762602,34.67641467859781
321.51998403486124,117.88049210296278,37.44006580478923,33.78530333069554
320.7526490329272,116.26581841928186,37.46468026666511,32.94601666485426
320.58603680986994,116.57796956393315,37.247306568248426,32.48014638238759
318.2680569523435,115.2066987179262,37.465663744238775,31.40934884100305
317.93468645023125,115.70080620063659,36.965656701588266,31.01476180526978
317.59285996573755,113.58006098541952,36.95117429459917,30.9509238665633
315.68911981901294,113.26203751688462,36.80017375308745,30.360759255781538
315.33913368879854,113.82442490168532,36.82688246371147,30.450919788914533
313.5856169219808,111.54404371110967,36.77413206180013,30.17862858119864
313.6376094523373,111.96800196066145,37.04301077061837,30.036736252016926
312.43948799762705,110.9277940090174,36.907606951523206,30.000025690461285
312.39942721747013,110.35680743926706,37.25768700793082,29.63598686707135
310.46841970040896,108.20914419206589,36.97558277935786,29.173027839012757
310.29385392855295,108.10198298943894,36.937064786937036,28.771185083133844
309.757720461356,107.97290930643493,36.61702825453415,28.57138567179811
308.81640054506613,107.12018224516854,36.26671215449666,28.037826122455897
307.65470454278346,105.99890859497877,36.09864908093702,27.704125253890112
307.76588380930167,106.15660133761081,35.90084193950213,27.410025779368237
306.18159341458386,104.22742855957345,35.67837811223859,27.226188413079665
305.2585733548992,103.78255216160598,35.56036030924451,27.00275914114352
304.72958744597014,103.18622478768842,35.57081625796211,26.892465890931774
303.6567138138336,102.24818280172676,35.51544505299687,26.710520688050394
303.9904968692516,101.72095457118016,35.17667532887961,26.577454260960007
302.2917383873062,100.75827722325323,34.867626435836755,26.439042477321664
301.5459763091702,100.20853794140015,34.8711058533393,26.132843245617657
301.7339438835917,99.65407522937181,34.55525218642988,25.852997612545444
300.39077094885454,98.7255177913048,34.56189529711518,25.781042969636506
299.65512795742313,98.21649882753549,33.97711285956774,25.334466029011065
299.0556869567735,97.66061153790979,34.0936736938748,25.28902167515698
298.6567604716798,97.5357775039201,34.06293627099592,24.960839401339484
297.4600021803419,96.37354425843236,34.01767111539034,25.082829390850108
297.7860712015609,95.8964341163008,33.954728324417246,24.54633464825778
296.0959799730033,95.70175913930483,33.79078999295828,24.59771005390987
295.4738424924037,94.86960875652966,33.69792963921599,24.50145173742895
295.27330749979416,94.01664680518819,33.63514006632964,24.030213469701746
293.19140810637947,93.37816875354169,33.35596094788561,24.067385332272096
293.4896001179334,93.12146005787625,33.525034078098116,23.716827198700635
292.843724749981,92.27614726611485,33.39726729691306,23.5850574575164
292.23251161400486,91.15032400116019,33.015506557146516,23.574138374632764
291.53666165151077,91.32687363940008,32.47406286641201,23.700149815926423
290.3311584876444,90.29310046697027,32.403410258597845,23.810245294086798
289.1367830207858,89.85229949013242,31.98173638762767,23.68946687666873
288.59624726596314,88.40657282340834,31.76945004815185,23.44213389419895
288.8203782307512,88.31054708103503,31.89738288175932,23.32175404349637
287.23603896581386,87.6272653081999,31.530035410657483,23.19886141240879
287.1533922321264,86.50298556646655,31.320679830180836,22.818041623414565
287.1441229496523,86.32420937689712,31.12329890050009,22.581630379506556
286.8410436159109,86.04665816447155,31.133861254506318,22.448416459142827
285.7939956023776,85.26434498005023,30.900801214678435,22.373150249860483
285.29650473805606,85.33606146301643,31.01847123677847,22.493373900138998
284.81817998079055,83.7469978668136,30.868950097012632,22.588622979751708
284.44788501676766,83.47755289987789,30.942410508456835,22.392527562060625
282.63551644524256,82.60765653075059,30.84829083998366,22.26242436525663
282.196604162798,81.83498621212411,30.774180590419594,22.131373400947105
282.06785923926265,82.28441826759807,30.334870205556715,21.851565991659335
281.61224316509737,81.00112276496645,30.463585874395093,21.829587355809274
280.97388099397176,80.35456607243036,30.307952428560434,21.681355526037724
280.50318549440135,80.03366579435513,30.16677812008399,21.523191177403017
280.10695632385966,79.82539163712806,29.916282969956498,21.370701100743858
278.97815691644513,78.47841557248024,30.029236093867524,21.17569906744185
279.55148140080445,79.21223189277173,30.07802932485592,21.067250691995607
278.2409488038461,78.21764226374381,29.966794714085133,20.912020770363952
278.05180339275574,78.22876339246562,30.282280360484634,20.676895517314836
276.38536056053334,77.75578215650468,29.946869210964522,20.682840289041412
275.6237051193111,76.66864599876706,29.509128152491066,20.698512751001044
277.0039969909539,76.72181549100988,28.933122351099996,20.53542632999197
276.2325584719666,75.6102599328277,28.75435021915273,20.440735017157095
274.84924509116007,75.34676382433553,28.623332937797052,20.324058105723473
275.90995849326833,74.5587127791151,27.895521856236734,19.983084085324503
274.3648309253303,74.12787872031664,28.330732436448788,20.123698125772954
272.92864085773414,73.67864931500061,28.683772056504388,20.397301894901123
273.63073477215545,73.2746472004942,28.868565856079737,20.3440924398319
272.8927857374697,72.80871143826155,29.20062695035363,19.943947973086264
271.72426805417723,71.83866841793704,29.366870690961974,20.01487812994624
270.7256873102783,71.50151417357509,29.06514301860347,19.91272787843576
271.60822595805496,71.52201877139845,28.80097362099944,19.83420494987888
270.0074475491044,70.70107587350918,29.050526959896633,19.942567186087103
270.77207486165025,70.28360617490868,28.360589656582334,19.636934989049816
269.84291493653586,69.29116832036247,28.426390891088424,19.506927275290685
269.33898631101886,68.44848582281529,28.026334934114665,19.54377084704521
267.97941109590954,69.03759673197229,27.76201063288792,19.703485430098382
269.1948347553278,68.5761198103887,27.591058638758504,19.46331518879291
267.12432492629233,68.04337602387113,28.401336414505145,19.470521817003835
265.86454573380644,68.03756330248942,28.40462130094184,19.741355938966493
265.817155603633,66.81530024347629,28.807888499765248,19.757987464707597
264.6419360247204,66.10681889378722,28.32998140514906,19.812447112327902
266.1416414739345,66.3821464881413,28.179142284064614,19.678730705358014
266.74755918271455,66.0260305191911,27.342695965625573,19.278810543649065
264.71060812619197,65.71674201012883,27.710016962948117,19.376772937750154
264.35206396532,64.92185823943854,27.305202818871713,18.92629542297839
263.0658702491506,64.9397908388782,27.03297812962849,18.831065905251425
261.82822852617585,64.25178062961987,27.064604654191314,18.985139607459477
263.733634173839,63.73393306283704,27.162904381814222,18.758871850400133
262.50769865198595,63.07805273765031,27.008711582746827,18.415099663859536
262.30452210408544,63.638855629605985,27.372050152180677,18.403921736393492
262.93000590779974,63.585154531575284,27.396702051588022,18.263170245931462
261.14374842504617,63.002829756273336,27.426553442876465,18.314942904445513
262.59526586063527,62.05978036580778,27.382145891034117,18.415755735669592
260.78263289334467,61.29920475689567,27.313602316338017,18.306200166384443
261.3371383615057,61.44929538722367,27.12315522278939,18.326995163052665
259.2288117257194,60.874455827759505,27.66820815256508,18.55173989477396
260.5157774495264,60.540884746744624,27.248520174189345,18.383333655924815
260.1444948296275,59.60920024346263,27.607731226975513,18.422888270398957
260.0576041288448,60.04677820889278,27.843333612427646,18.579081521667565
259.1304774072901,59.1380721446816,27.521424335810472,18.933145261418055
258.9486457360267,57.881840431009195,26.91218728771224,18.701078964641773
259.96318922277914,57.79835740653795,27.567884249754258,18.74937741104519
259.2691187396927,57.79744364096635,28.18469342881775,18.78191325517667
258.5341190644669,57.14737756880318,28.28433908053892,18.646948658780364
258.05823966718606,56.82129625181033,28.109869542581066,18.624962733195748
256.879068321729,56.05845444321129,28.08927546591697,18.77568449736649
257.8363823110731,56.0429458328873,27.155894435470895,18.783981381100396
257.2138633715112,55.55671484368685,26.85285949965334,18.93731341565364
256.20548045046417,54.82928667439656,26.023823034618594,18.767619888511565
256.28492944823347,54.7790992967652,25.432048452165844,18.538221694555535
254.98063831672744,54.850076234328206,25.964603798674034,18.60250561239828
256.2047014763981,55.146420915856986,26.016370667809305,18.823308070629782
256.6667941950015,54.25476255337963,26.246535511364172,18.433704568533717
256.59814217058204,54.303442400101304,26.564640951804723,18.548091090910678
255.0617670539483,53.94375637299035,26.843278025892445,18.632926401968525
255.91650312217018,53.80755955916123,27.220742840132267,18.80597005404083
254.59144930933525,52.7424240732845,26.375183961895917,18.75920855509115
256.1486097267898,52.566212941976346,26.444144071810975,18.571843525226996
255.34513354216332,52.502565984882665,26.455515386376455,18.482531299277642
254.65124712241126,52.42067121825433,26.522914690724363,18.465237153335103
254.65005045792796,52.165870295872104,26.35813272672219,18.45518567778704
252.93674962964243,51.73100801350744,26.278310433097968,18.444539148766363
251.86287797995885,51.679964951714766,25.630475729535394,18.214128629285305
252.27090622707166,50.86870189725883,24.577305282673095,17.290184096107346
252.35463275202045,50.36645657299269,23.97688409312706,16.858601441416965
251.50284337374538,50.22036601743224,23.112111104071737,16.677828756151143
251.45645636855306,50.20901695761025,22.85760270478839,16.25758711749434
251.04671561628027,50.576805886900146,22.638967754255845,16.040884380984856
250.93915379419573,50.105297491566176,22.239330045885865,15.77127757546139
250.63825139293098,50.63183202443115,21.809739889919307,15.745392042446305
250.5667231657916,50.575866673893515,22.314994220174643,16.30281071959579
250.9413368072036,49.090366983393196,22.547357208346686,16.40137357715892
249.7428138409078,48.60287047936537,22.476675479805515,16.337517708261444
250.2589745443637,49.30626817938745,22.40835096010073,16.747288775502444
249.97215970310964,47.59488915890246,22.817132314972103,16.90201092780055
249.21911688262492,47.5875509590592,22.225653258675962,16.607803660494888
249.9415306410102,48.12644015375588,22.10316766085071,16.21772363535934
249.37509228070795,48.11079145940968,22.04830024083021,16.05930849963766
249.78344057308195,47.68735240561017,22.29144099739078,15.796643760557
249.01517587845473,47.01748540214184,22.242483020922553,15.702257589271017
248.7058926608944,47.60384133373846,22.366176409168254,15.899098338382455
247.80999728331716,46.62534851926347,22.16723687867819,16.35564146244963
248.041964913477,46.94842460165876,21.350938031932767,16.189629983694203
248.79171022248588,46.07955103870081,20.64078457211807,15.725160007559323
248.66318901573618,46.153329770969506,20.094886616965166,15.056461490775824
247.9500805667997,45.964450158996556,19.32347167890058,14.603211803588927
248.58366986451176,45.71918010570609,19.090579582499895,14.126047137220644
248.13212241567078,45.025152171291936,18.699897014361547,13.364727090521594
248.7813090500413,45.057855173953286,18.50680176075725,13.156056314691089
247.8494386418691,45.30576317191484,18.444021275832092,12.863372948162507
248.36805181850926,44.70052145996536,18.32169284125298,12.658969897452089
247.82401616282846,44.2622069846154,18.216580253688768,12.611934755134435
247.96435796979245,44.61293167025252,17.87470126622565,12.575879213205894
247.28174315239565,44.198188658216615,17.54127291151727,12.661186465305047
247.42740744999227,43.16856232443659,17.528249370034978,12.676039871390481
246.7032295027547,43.068479306078295,17.25907978233235,12.489777075099273
246.01961441660544,43.32448651819856,17.09749754618366,12.37735600413022
246.06118486067942,42.694348879208995,17.10219006257672,12.174809321660138
245.80629911236608,42.727437354018804,17.03498859777762,12.206654832978018
245.83129119486486,42.675320047729485,17.03092575846363,12.235461436523453
245.49774008043104,42.08074232288955,17.198398012966038,12.44596774679902
245.2556555243313,42.2658503385681,17.671641832196773,12.707930975695831
244.52731890799294,41.767372735535325,17.472099397148888,12.825663311888338
245.16257685401544,41.91048763313329,17.184035897681994,12.605954207610372
244.9171132964746,41.38119787407641,17.20836068732419,12.151090732560068
243.91812532243728,41.65504125337036,17.457214015769985,12.3085240606421
244.2200499020614,41.10016868121702,17.33048430232251,12.274226236198768
244.74073759931125,40.2318627244037,17.12647310460014,12.130119918624242
244.15675308347383,40.90404085005223,16.946038205610925,12.324940608245143
243.4756548055177,40.09755369814326,16.803275655077883,12.301207606154888
243.1945512120504,39.596111228639074,16.55962804464919,12.026531357419117
242.95122310037792,39.603949755769705,16.285297939869174,11.700105249202775
242.31132246722083,39.28252132386004,16.516423669073966,11.236257401108052
242.63481346057566,39.492015832164256,16.62698715355571,11.023689282937113
242.6703744830201,38.5871075663093,16.585058986840664,10.86746043500835
242.01048331173624,39.18303657059862,16.555994893861527,10.701721658607457
241.5974314096188,38.31894832765046,16.43914368100656,10.820122601290878
240.99189628697,38.16040701689126,16.275702207554144,10.659914115631532
241.10733124631483,38.3838341514543,15.970377027634035,10.451940003976162
241.4409578855296,37.461142973595244,15.869427002378277,10.624486055983333
241.63925961860497,37.22306502139564,15.832415973971699,10.817457908868876
241.01657746915322,37.41492007915346,16.00319912663494,11.017411733782923
240.31140808613583,37.49756550044927,16.049371632904133,11.022504344560438
240.65386553555885,36.56809765176202,16.147308906909622,11.18657004681777
239.9874810097736,36.407019251146046,16.3223478559411,11.218298686428616
239.59933550543875,35.299409433103804,16.334631296251423,11.431397350833404
239.94154931328984,34.85802823065395,16.150848364387123,11.620220546748744
239.10761198368965,35.17190461667862,16.12382251089219,11.559591187785344
239.15917492917328,35.4109889775844,15.927911738333147,11.450120586090957
239.1698635488067,35.14132247781784,15.826792067425686,11.131985934256896
238.45799823055145,35.032387812708365,15.938972563555279,10.971170266917262
238.49213245521372,35.051717667098536,16.030478894504192,10.861896697052929
238.33580302728976,34.98450109064248,16.12878991099665,10.856731003529486
238.0301823936805,34.52581039283797,16.18667500756087,10.820472415007655
237.38147831736524,34.64558228577519,16.082925781041,10.61055356809805
237.37122044578143,34.72296770241516,16.00132589310512,10.325934254593498
237.85680233480394,33.83333600126768,16.215365667306195,10.279700983304476
237.0237146923804,34.02956581115723,16.387560544438426,10
236.9744933006019,33.80289730955362,16.5926203018724,10.119047452425956
235.99738957346221,34.19443051742037,16.63705297587829,10.2857719912823
235.9545839781865,33.08869760477331,16.648571301439524,10.314082756761971
235.6764377124996,32.18075373336305,16.495440767627784,10.347999521799288
236.01329226131526,32.905650046165626,16.432052714918317,10.086584276565235
235.53770744048984,32.04263597699986,16.284200444948063,10.080331683695592
234.77278565107025,32.0850887298584,16.63568785313296,10
233.98437395576212,31.370622686520484,16.75577754013588,10.085204974859426
233.96497080423623,32.10129142384879,16.5969748954338,10.181133735554365
233.50227806593855,31.349330395265945,16.398809956990057,10.373101294429052
233.5823504473758,31.95192432742286,16.22471103151794,10.868242257019519
233.0439357314288,31.235904909955973,16.215839474642376,10.747146173740395
232.2154000809634,30.516024966130075,15.84196595135443,10.596848688345318
233.0650219374348,30.711902938170248,15.882319558968288,10.64265377942122
232.3089906116314,30.631001321585913,15.860866280399321,10.863947216447318
231.03948775210515,29.980847493089612,15.632080251404926,11.15593883340085
230.98433277466222,30.41243409981222,15.833656838370871,11.650977137289622
230.5213434246622,30.034351623791082,15.783122629435328,11.977801726783067
230.65463782822738,28.958463120438115,15.224320382363619,11.839581632658927
231.64747001162638,28.702867375067928,15.00601670282143,11.381851462022345
231.467046200926,29.106403116264392,14.860730291019063,11.188442699355983
230.9295307488334,28.34543951181901,14.77112649061446,10.793343388471358
231.0023499473423,29.400661375786804,14.865279963713824,10.23076648182483
230.89617336863205,28.600239070379224,14.742523410440988,10.083709176136082
230.05460716017075,27.95783233642578,15.09447906955107,10
229.6466715440302,27.664897918701172,15.469203451246244,10
229.57431458971837,27.00349998474121,15.369669923346482,10
229.22487599952004,27.549251556396484,15.318158004622031,10
228.9987486275948,26.691267013549805,15.438064878599443,10
228.44315847998854,26.640544891357422,15.1760533403159,10
227.97663489654394,26.11822544726822,15.031154797976573,10.134604708490905
228.47850509027964,26.654704676267613,15.228063671979807,10.225994852787041
227.51231339593852,26.156510606037795,15.586430489617072,10.10477206185019
226.76874882894344,26.27398316951828,15.498204093822125,10.04115643318023
226.20830915516876,25.474600656694896,15.50910953390078,10.50715854989146
226.42512121351348,25.96507866882607,15.191551396215235,10.824408854974813
225.64194118560522,25.043188858842043,15.152641066289574,10.262884519864738
225.9405283118813,25.636262893676758,15.210641069108462,10
224.61083211837078,24.954025268554688,15.578499032301398,10
224.42331715737822,24.9778995513916,15.411422325868571,10
224.17834745897022,24.337034225463867,15.315176267362279,10
224.01915061588107,24.46469497680664,15.232977149585484,10
223.2165440359484,24.275712767092934,15.509474031374696,10.016827029290699
223.61663264861872,23.649824142456055,15.528186423953972,10
223.63211133282374,22.69470365975849,15.619509176393512,10.039833860902945
222.9425513705773,22.751946808042796,15.271837719050493,10.344949004764015
223.10565280917695,23.259628586507638,15.463605880669522,10.090423002765972
222.60968720863784,22.099355853525307,15.185197115927451,10.288264916484541
221.22184733227263,22.089524423623814,15.310291694097332,10.52390067667815
221.29957771718867,21.276184100515387,15.248149863474207,10.470004998432115
220.48526102232944,21.387455730554198,15.54153621339777,10.346388282543947
219.35693526214015,22.17862226892523,15.720875264293902,10.037889434317503
218.5128994743813,21.636625289916992,15.815112916471794,10
219.0176107370411,21.956100463867188,15.861064536659969,10
218.7932703073767,20.977798965487796,15.844794834465347,10.320021575860345
218.0167132395852,21.407564163208008,15.710641666581584,10
218.4770596673116,21.339401245117188,16.09864555795488,10
216.5420212006658,20.475551615270273,15.866225390416421,10.00781247990867
216.62171971798674,20.859121322631836,15.963324785217942,10
215.9231075675313,20.41360092163086,15.58259879926355,10
216.08364693013272,19.595211029052734,15.52338378255681,10
215.6083105125095,19.29252815246582,15.409206764287653,10
215.99480595598385,18.917837142944336,15.211865138813558,10
214.88993346415862,18.945053100585938,15.467268234036284,10
214.1788977536015,18.477571487426758,15.387645929564574,10
214.40572316930252,19.516998291015625,15.483639568377392,10
213.95254608729772,18.67411994934082,14.983102863246378,10
214.1807434754477,18.555673599243164,15.013917407014736,10
213.6867750896677,18.04730796813965,14.982879874375573,10
213.11029927030876,17.962268829345703,14.94167486636492,10
213.32663357921732,18.658876419067383,15.155589805676723,10
213.1984658520937,17.368610382080078,15.705439511632896,10
211.25109991161204,17.425228118896484,14.902818029559135,10
211.60055261053367,17.30006217956543,14.613355533327194,10
211.7041416764928,17.297794342041016,14.353649020061267,10
211.0962159305056,17.16914176940918,14.121052330883327,10
211.16286421535173,16.944555282592773,14.147156701132458,10
211.20387824513938,16.75237274169922,14.204254465531795,10
210.50430830152382,15.765680313110352,14.15578921970626,10
209.36537903462298,16.32611656188965,14.07565748861536,10
209.93458917673738,17.217077255249023,13.997593344523276,10
209.99067887421947,15.549888610839844,13.942176644871584,10
210.01572500737694,15.352025985717773,14.202493924455117,10
209.51545507287776,15.846242904663086,14.479740489010121,10
208.5523804364646,15.017454147338867,14.950498831660664,10
207.58554369080954,14.654407501220703,14.806226613742236,10
208.02696512502825,15.520511627197266,14.62177852069547,10
207.31276869472865,14.813432693481445,14.461967951118906,10
206.98156550005527,14.161996841430664,14.562541912487145,10
206.81194903551273,14.552013397216797,14.489890533710868,10
206.27039887060832,14.092361450195312,14.330097644525566,10
206.69745601808862,14.611032485961914,14.224144665482928,10
205.65632559987614,13.951675415039062,14.371026473587559,10
205.00335135425527,13.685274124145508,14.289611530991388,10
205.21486148579004,13.65626335144043,14.075236134865259,10
205.1397053461413,13.273277282714844,14.136177686623643,10
204.50727665372173,13.875675201416016,14.018615485281167,10
204.0505937482707,13.652812957763672,13.871358127237887,10
204.47171620124914,13.599935531616211,13.744094300382567,10
203.74153406095374,13.350667953491211,13.85809932804372,10
203.64931155864687,12.882780075073242,13.859713522110532,10
203.14220635599509,12.973287582397461,13.823302894699257,10
202.3187347872484,12.901884078979492,13.811730102016899,10
202.3568928591923,12.800237655639648,13.705354143675944,10
201.79117857903034,12.061408996582031,13.672636280660004,10
202.1915377801906,11.037643432617188,13.802780305097324,10
201.3490429807006,10.975452423095703,13.849002661645653,10
201.51517260531213,11.8890380859375,14.035473575996853,10
201.05704126961032,10.990156173706055,13.983699595789119,10
200.88690136350633,11.41185188293457,14.282349616737331,10
200.25928730531373,11.499397277832031,14.465258702360806,10
200.1258283824641,11.914152145385742,14.522433048304208,10
199.4742770577037,10.966730117797852,14.588978690989084,10
199.09055814320593,11.107189178466797,14.750413712367473,10
198.4741713745974,10.239418029785156,14.969626000805167,10
198.11479926848136,10.019510269165039,14.897652134423994,10
197.69764151069813,9.316883087158203,14.961818419033431,10
197.05477300185734,9.392240524291992,14.802658738716982,10
197.6462114595039,9.74702262878418,14.630260796812564,10
198.3481248267433,9.989542007446289,14.557042430253631,10
197.47044711233679,9.776826858520508,14.452534577816648,10
196.6621751304187,8.483011245727539,14.630060292141124,10
197.5797223549311,8.957151412963867,14.117036918555758,10
197.2571668912642,8.66830062866211,13.973058643008684,10
196.73653079049532,8.729190826416016,13.68709085431211,10
196.81390607778064,8.597188949584961,13.271105996294205,10
197.15480265960574,8.361902236938477,12.927321713259229,10
196.60859115612692,8.092504501342773,12.697959747072357,10
196.79021616771513,7.726741790771484,12.573067267841202,10
196.15033589706994,7.963739395141602,12.437220356739035,10
196.86278799795332,7.364955902099609,12.352182793155851,10
196.44499175259227,8.201448440551758,12.40756288153419,10
195.70045543622393,7.9908447265625,12.62312172032556,10
194.81735475330473,8.042993545532227,12.480322689435447,10
195.15911266351688,7.790676116943359,12.570885238151783,10
194.6768549250503,7.47889518737793,13.01913103124705,10
194.10090891513346,7.465883255004883,13.367975870904933,10
193.433108295783,7.337602615356445,13.72934920433245,10
193.43589092116255,6.608903884887695,13.746389849569413,10
192.81978566152551,6.568056106567383,13.863194332466557,10
192.92597633691457,6.503805160522461,13.896654961668919,10
193.16115411382637,6.248117446899414,13.918196990853144,10
192.28432073761573,5.952333450317383,14.148937412707989,10
192.27043355582614,5.792877197265625,14.173591353923905,10
192.46822842164312,6.047929763793945,14.204500035375899,10
191.17295867174633,5.844858169555664,14.252509475354977,10
192.6349423278193,5.659008026123047,13.909314563111447,10
192.60076795334098,5.963676452636719,13.510473523249692,10
192.54219979445622,5.745012283325195,13.261414162308245,10
192.48368116118968,5.445104598999023,12.953887067269077,10
192.84631002541857,5.729951858520508,12.7746727348074,10
192.07331168231082,5.763811111450195,12.642061480349074,10
191.79719821399004,5.579473495483398,12.568018122801178,10
191.15994144298097,5.620641708374023,12.488203509301762,10
191.72625471727784,5.483198165893555,12.290273158217765,10
191.23006135212592,4.693204178591987,12.437864661470817,10.099938841302354
190.83709372668838,3.9730682373046875,12.756705490959163,10
190.80837601726898,4.615789860258337,13.013416880256969,10.015326560000904
190.7730806496657,3.8248273309801473,13.66489827098107,10.0834004527858
189.72605435836007,4.232780362682493,14.179521227127509,10.14434070285767
188.77852257514562,4.050598143534274,14.376945328224384,10.196044923868952
189.3798023365763,3.162146862135673,14.602844972843542,10.420201667574357
