607.0,370.0,20,27
606.4251006910731,369.8131784339849,19.84964297820543,27.450242253123996
607.7772515429369,368.8378600109716,19.82873666021985,27.55046100833019
606.6198461161205,368.65190293273866,20.117706754575508,27.750301800538274
607.4217697777224,368.3530059355513,20.495838801488883,27.835095306631743
605.7248164065438,368.23090408959695,21.05835516298652,27.941130663579493
606.3082371137725,367.0937563119762,21.21636573827535,28.144640696360057
606.2896987939919,367.1122310927072,21.239831537992863,28.114229526011382
606.6007712950012,367.2928459282541,21.126727368493754,28.122994972105072
606.6055447341016,367.19652804440807,21.094055795468716,28.12652856694563
606.6805548375345,366.94143461618256,20.927418767313796,28.0854992979083
606.9300153156396,366.91656236329044,20.555557747627017,28.178326994610497
607.0129619958947,365.1683299495034,20.24091408194112,28.24655390714559
607.2557889311771,365.59755326655323,20.20257161274346,28.11105344003809
607.425234955159,364.8762664686757,20.375077880209314,27.894775412258042
606.6581922899853,365.1584131475814,20.51299164073257,27.808242369387884
607.2485124644353,364.9355493399625,20.438102329430098,27.893725233649235
608.125056001929,364.25225913254155,20.402720027391883,27.944494491264496
608.5232554253538,364.7623979769438,20.167768324097125,28.108527715545975
607.7302356527894,363.8583782122643,20.04058918026109,28.0780052331862
608.0184127046439,363.49002973271183,19.886293182020868,28.111882368072422
608.6598052701786,363.61307064752907,20.044662530931873,28.016015687363765
608.6822901326519,363.39305847905126,20.074018367508685,27.905861496487365
609.0418224871282,362.8588563244382,20.525203597520857,28.25122045659235
608.7477361984593,363.03671753613804,20.899028335503363,28.29437040868096
608.5289775293298,362.2177646620612,21.57806941643796,28.134539035252605
608.3359208002878,361.91604893531996,21.68795301612364,27.87806143111787
608.3691809381187,362.24393078307304,21.36226220823537,27.685340948502393
609.3313781078313,361.9419439672977,20.708390940099257,27.868751835912462
608.7278238638128,361.9850764575844,20.821238258702568,27.88362210924528
608.9459920839134,361.15440713017324,20.57910042689968,27.671089914458165
609.3471558727991,360.3543333626919,20.43196236328844,27.631520347370163
608.5661326265205,360.7016967825688,20.261152105357542,27.479457081835093
608.9737650736707,359.9842501181029,20.369928959103824,27.342466255493363
608.8714910375703,360.2715556935438,20.241530253960878,27.38102954308821
609.5060276002816,360.228764891705,20.384719091429012,27.36395001395333
609.7639267993225,359.9071089229262,20.28760660643309,27.290739734713902
610.2802103279056,359.1712694399452,20.239734983837273,27.123380614738505
610.5766603778798,358.7460735247227,20.023284468849873,27.390642562371028
609.5433741232425,359.2738658594377,20.009359236425002,27.591802277706645
610.3739099415573,357.8211686789776,19.95936395477609,27.350773298783082
610.9341982814457,358.63114647122677,20.197826581639813,27.316297450612858
610.4555587517445,358.0828301447162,20.586914112721843,27.246891590450428
610.7081309689529,357.5946680961555,21.03526851863728,26.933298695384355
609.8745500277832,357.11512889128585,21.31427732480454,26.891675200826718
609.7070195615504,356.47359237857,21.407372009711708,27.037190242860042
610.258990091472,356.12579932071645,21.09388962906761,26.923793509446014
610.8563773031859,356.45136407553105,20.953268648022654,26.712117124816757
610.5495185238074,356.39142968071405,20.735832337150814,26.630646192771167
610.5384890671282,355.07858619687676,20.579722000020773,26.360909271285518
611.0608945273688,355.4172236734783,20.560194893016376,26.528673685758235
611.5299652465545,354.6438780496144,20.437895129449565,26.68706689881811
610.5124921482986,354.6573549578549,20.501260820590122,26.391016707825276
611.1565021643705,354.8557729593982,20.471556828485618,26.23372080483634
611.1980666025362,354.8203966894856,20.468223789556482,26.461982194759273
610.8978862209082,353.4766110032726,20.66548549275393,26.277895241990038
610.5429345111494,353.76471743982404,20.75720196158789,26.183020869863583
611.9224846522221,353.7059016841041,20.603028742430656,26.285256263139487
610.4028702756528,353.8079641711867,20.786865039514534,26.19364959952116
611.3144709467097,353.37056437294234,20.694986939588414,26.03924387374426
611.8242921947702,352.73204160999353,20.50278279795955,26.13625094749343
611.7022037801976,353.1646449678807,20.377452791167254,26.212435222930047
612.3030920164111,352.3209298831887,20.35057255897469,26.153878453837535
612.5570440997452,352.6320388086233,20.19296441281427,25.9775681957417
611.5375291806397,351.6931130069216,20.253356555712763,25.732609435375643
612.3602466626305,351.82736816692113,20.131977072688297,25.842768854146023
612.0287757085983,351.9278239981634,20.12185379520557,25.740802809337307
611.6291364332529,352.0257788587573,20.20711257050587,25.72480946998544
612.2795152541305,351.31168949498624,20.32784082962963,25.575839760027492
612.276613369655,350.8721385729526,20.254939764596315,25.626877639251028
612.0770210257654,351.16843874332403,20.323970033430122,25.65353236442611
612.0126619242155,351.31860215377145,20.222082157428353,25.783579689039097
611.8210642347269,350.0790541009385,20.23493909646405,25.693347486599603
612.442188951976,350.7029148760807,20.282515101418987,25.560959493444134
612.1686404908609,350.19898601943015,20.309882409391562,25.714744635944413
612.2634493173218,349.8565772790826,19.992197739868153,25.61886143304571
611.0951692253497,349.73055782176834,20.031325978011612,25.606694415057095
610.9031440375495,349.4432025017753,20.131326365818936,25.764969813343885
611.3344511237116,348.73114911471373,20.286915928846277,25.86683385065063
611.108567333277,348.33088030560026,20.094144630320784,25.640348153447903
609.9622882565511,347.82241041498787,20.200301416585354,25.484550813090717
609.5737787372877,348.6675238640561,20.13477589944786,25.17368792862618
609.880951485378,348.9268123520128,19.840536909615228,25.167585012771323
608.2130052720908,348.2530117741179,20.13320881617016,25.466976024518146
608.6578042868279,347.8924322303277,19.679470466871617,25.433343852332914
608.7368282691473,347.2546770877269,19.319090959264123,25.11756843196809
607.205367327903,347.424546331093,19.377076623490904,25.115377247481955
606.0256433007579,346.8147929072759,19.44695863774191,25.040862488670825
604.1230864680052,346.8846114638084,19.359021155786472,25.11994485802771
601.9984247148486,347.08820364601115,19.337508785634796,25.28404955612227
600.2758405823373,345.9841019716682,19.224602099485512,25.069172460472117
597.720604940904,345.08573035253926,19.347211749051404,24.823069019042528
595.3026226404967,346.24473705519165,19.444315265881706,24.953488536101094
591.8208566100029,345.0944022818974,19.469431799525417,24.616905275072426
588.1011884077493,344.9071959788303,19.308464554130204,24.765350473979975
584.302601479943,344.7749102006886,19.268126202711702,24.656531832509422
581.6430162282485,343.78282091247155,19.167474013229544,24.527825887459276
576.1434514750983,343.16510900988493,18.999733402342454,24.71718340845282
571.4883345191146,342.4124080625247,19.08516720444663,24.896321875438872
566.1815909781467,342.7328298319501,18.920524708745646,24.841118290201432
561.166436895774,341.52376306585927,18.945599108842593,24.70441173449243
555.7390074334228,342.40816930885904,19.01641567514661,24.68559924849286
549.4914433647115,341.4961210177459,18.839500965889542,24.283018889801163
543.9638566853315,340.825983319925,18.6576137777744,24.54397909989607
537.9393498564212,340.31751012385547,18.755623407274754,24.393048294769503
531.8995602076742,339.83235622377765,18.82291175017905,24.364126663772822
525.9615402588686,339.668996717872,18.95849602034873,24.341457553025474
520.3094545740587,339.3065423072993,19.02528640852328,24.439413249170936
513.3811965855756,338.36376781442465,19.14337617699344,24.59624061626791
508.5268898141277,338.67700101045887,19.268600437662588,24.643434502519813
502.26594749833805,338.67604819625626,19.023120567288775,24.63732926666716
497.31958503062395,338.0844545712668,19.100988019806824,24.589437415083584
492.19118876606746,336.8899527448991,19.15653237997443,23.971238919381484
486.901173789058,337.5407475273077,19.07958754151283,23.686090699779125
482.8829453666783,337.2420199585108,18.86163459623318,23.51687561032208
478.68526719058656,337.3869174798971,18.9164147765417,23.568747742842604
474.21220684069516,337.19241632964,18.902750014898768,23.501512250387968
469.47893096653945,336.71976274254627,18.94880005422584,23.46818172926299
465.9863797200506,336.90472960071907,18.840442464195682,23.507549770729852
462.4862771249389,336.2012619328327,18.793581919555738,23.24863732818218
458.5718031866696,336.0645479443841,18.699907115430243,23.246094846095062
455.63288782984466,336.4105768556586,18.626718541970774,23.140981603624244
453.18762298966385,336.39859863413835,18.36152465055515,23.047864987582678
449.64858918335887,335.66937578088766,18.458650490704198,23.026726953849728
446.4932231008621,335.6733493793271,18.425907313900836,23.13732528919746
443.71001023021296,335.20879325482633,18.381119371117066,23.086930091909853
441.4469886835465,334.69496402458856,18.27969054062184,22.859850698381514
438.6353272552139,335.1821496253611,18.39787881476755,22.88237433326224
436.48420108237974,334.5050049615881,18.227093440709304,22.955497584148056
434.14680800649927,334.15830520996127,18.136323257020997,22.86142913085868
432.43083911174733,334.5217052725351,18.035637755509278,22.87112497739072
430.86461025333955,334.4304795172759,17.922985914219385,22.942484874139602
429.02129332843003,334.1262014780656,18.076004651733662,23.098182981368833
427.818790203497,333.16553360887013,17.900490271717008,23.149531231966765
426.223121265841,332.8161793615469,17.894219199275106,23.1972311206562
425.8508953829407,333.0528368531198,17.683043523669397,23.07650097637754
424.92007228248895,332.3406121705318,17.746403286584567,22.774410729737184
425.096330442579,332.2327281931333,17.90955774277169,22.82978592330368
424.7308913156591,331.6524022693302,17.914727988799022,22.93400313956222
426.1923030539285,330.7436170775969,17.957122102592116,22.636949499591253
427.837632959806,330.6734018109342,17.87643085773177,22.4222011999089
429.74608452511745,330.54032907958447,17.825251909237732,22.447852888194397
431.5611301355284,330.0822893880816,17.562287153259597,22.180498738485237
433.8202946011427,329.5062160105849,17.464017426132592,22.1954918679903
436.67749382964564,329.57687344737207,17.309753856822,22.047859855744196
440.4178318340558,328.967100071559,17.37444222788454,22.234516287546057
444.7268662820819,328.3229530047613,17.378565714644786,22.28804632202037
451.51202015602115,328.51579744269327,17.290344148406916,22.517607079945435
458.3932651725499,328.0685900936545,17.249968678337687,22.464275501167577
466.7120996507361,327.1734288270402,17.15818290067626,22.363927258029012
476.14777203553814,327.019130579529,16.970767574431527,22.542106882934107
485.17238177595317,326.820981104421,17.096482480808525,22.344831309224418
494.98769483037836,325.9239288436628,17.01643925770031,21.96313932195174
505.1203305554436,326.41887204922614,16.918007407179225,21.573945659848448
515.1720416026587,326.29551361143814,16.654383286381826,21.724379576440086
524.9070681921347,326.2072626665731,16.420475126960934,21.91203564097492
532.9080226099626,325.7643488396162,16.165651862594387,21.972805311490237
540.2331917856761,325.1204942692292,16.275704746518816,22.022072984979065
547.1690961172459,325.9422347289046,16.32185720398477,22.127661279495417
553.2160337243618,325.8332712387148,16.44243664063189,22.212333254992284
559.3696212048003,325.783740427138,16.342247153387802,22.239602275606778
564.2890296028946,325.76565205688263,16.293316831808433,22.18110585937928
570.5655102945318,325.4177214545397,16.262541727830964,22.297323814553465
575.7160113265352,325.5996037895957,16.07466069653891,22.169254029695335
579.2724730427251,325.3310617830014,15.964422811034268,22.1251765438605
584.5926953624033,326.03552264379107,15.861316428513728,21.980674377945192
588.6338395994813,325.0085595524692,15.726942077892716,22.19298679105774
593.0922921268615,324.98456624406947,15.544251805847322,22.41768544398997
597.8722916736635,324.7272963881205,15.249992153161191,22.551815915165264
601.5957546167633,324.3510409378634,15.021381391473442,22.58385257251545
605.2209885887536,324.70719963514523,15.016343440168566,22.65189253879163
608.8001046469699,323.8143929384539,15.070277156255653,22.769643993697663
612.5996941296711,324.3212438420324,14.887510544368663,22.812353929704756
615.3396672082695,324.5776235763454,14.887094721644672,22.771838723774106
619.1599503497373,324.90451387899986,14.72716503538867,22.794823560359593
621.2994337422705,324.6936664972211,14.655778816728622,22.43946449090931
623.0926806523461,324.0120292377499,14.744181236811746,22.345745906824362
625.0967983546153,323.9554322861484,14.842070710202908,22.568803091277466
625.2928597235679,323.63869128332334,14.666882176399362,22.73765496997445
625.4643711640086,323.14653159883005,14.657240948350015,22.631543125582066
625.6629588940222,323.7781032598787,14.673052243693999,22.43884200319181
624.9725402975965,323.161187987628,14.559230012717,22.32951001107213
624.7871155589088,322.3629666977221,14.397852927592595,22.184581436098846
624.4625516039298,322.12749467841735,14.402724245753742,21.793327598731715
622.545970454893,322.09472742339875,14.277131050663122,21.62000102478455
622.517694959602,322.11800872306645,14.073321323471852,21.72794892349601
621.2175713677481,321.8737083134867,14.198959132179567,21.82152258201095
619.173290457117,321.0583954709867,13.913711138988619,22.107307263593036
616.7771478705677,319.82087214933387,13.914568699782707,21.695955591468994
615.2062113265524,319.7637986720701,13.58114576730523,21.77239044882854
610.9603827766579,318.84610171236466,13.801898326078781,21.65587244196989
605.7577841146681,318.187913677069,13.996379402499672,21.607571083361993
600.9894012064111,318.3886984189274,13.774878770039166,21.30468781790689
594.4460879665379,317.3822622184427,13.771100739287544,21.198320411747453
587.6548319598922,317.17101338097007,13.580964894912846,21.426566072532523
580.7995795609463,316.5798886987869,13.483249783136621,21.338650947152793
573.7271696173356,314.82045962844336,13.591860563912853,21.17101616791797
566.845375371472,314.30126546102287,13.607207631079495,21.148987327466013
559.76727516128,314.53106292564036,13.604518280955414,21.073273013465354
552.5313950309459,312.7687688880671,13.541145179807447,21.147902287342422
545.2342861057583,312.8598427985151,13.785662102448196,21.0794019273839
538.4234210044094,312.36591817023606,13.707925599823753,21.303625085309132
532.336882084608,311.3620425867396,13.943434774875858,20.836118378766844
526.9528297436455,311.90170418919524,13.552775571302748,20.95322919485166
521.3142600610862,311.4732230407822,13.753384479878314,20.674380639626936
516.5139969991338,310.8606329808157,13.842390218041018,20.633600066200678
512.3999814410544,310.6683348208195,13.493589516572914,20.870537084435213
507.25566968523765,310.24795024565947,13.560827072395808,20.808199545302177
502.79162350631907,309.7815848611273,13.50134008452985,20.880044694249285
499.062061518497,309.50840693500925,13.191852152214976,20.928620700293962
495.01820649836003,308.87272241461136,13.316442685652977,20.595756953003832
492.1061286030546,308.69353845479196,13.269878566595914,20.55021709676374
488.9581855954741,308.82307608804604,12.977908289032296,20.703930221368868
485.5028519223745,307.7780287009513,13.031165204323264,20.484370759718434
482.48372214743364,308.1890181727773,13.033372050347532,20.453949128078214
479.61482060521706,308.0470499697559,12.838832605483828,20.583527623964795
476.96584300014524,307.5488923013822,12.990105076369654,20.524705326434837
474.84373710117114,306.8366203798427,12.937670756153857,20.731567284748188
471.76502952674133,306.6856425653041,12.708725736556422,20.524047205817595
469.8622287161217,306.2264845581509,12.64758999207299,20.48146386709658
467.9539211103622,306.62784950924777,12.599745212136881,20.54483809087947
465.81620149864256,305.84364435933065,12.736611742705122,20.585134071866072
464.7330117703105,305.4879882336382,12.781149768705188,20.334707736825138
462.4356404865713,304.97884834601757,12.839057619386693,20.303175195171843
460.7944234452505,305.2123492425255,12.8048069791279,20.237120972956866
459.29920269846446,304.1915350756733,12.810495817670642,20.22746833131943
458.42500831592304,304.2789343547143,12.845810852284835,20.372951755659322
457.4405966701366,304.57538535862244,12.85005742266631,20.136296696085186
456.30520417038065,303.85188988729607,12.917290176084371,20.025296610905897
455.3857627510003,303.8114739254852,12.764145732130261,20.14783080503548
454.2826458147337,303.8271921550524,13.033062710132182,19.860245053908923
453.47577849512703,303.10362623467057,13.045692613017376,19.44612506361786
452.6275955709454,302.3850317366204,12.857182210159927,19.621766971095088
452.3239869890607,302.6829304492003,12.944738424222404,19.438895266150176
451.45760508569305,302.2717564715131,12.892025546387291,19.26482140755978
451.4044792846261,301.58868416683873,12.670106372154018,19.493266889711204
451.13086497075875,301.8999272105193,12.749172463267634,19.321235514264107
450.2770938416772,301.0113939241286,12.95599374364753,19.1047031490573
450.7041483679892,300.2630020226899,12.70058616807437,19.274441511260907
450.6696206623292,300.7851687743677,12.499530495409989,19.29150937509273
451.7397681102951,300.3726665296436,12.621076419790766,19.141160623574116
451.230969123033,300.1353929930248,12.498144761746467,19.4520037783547
451.786251237333,299.9048675635359,12.516357083439539,19.40399854602388
451.2943145931402,299.28039270635605,12.553624689451974,19.102525591926582
452.8294797407001,299.0800388898779,12.253474142867354,19.163961679472663
452.5306872472435,298.35659623173245,12.069908311909423,19.256869792394454
451.89904804952,298.4420854323886,12.36831243977836,19.418681765838052
452.1759463461753,297.41583363934313,12.343522804475564,19.61743703039574
453.6735345988859,297.2405292898451,12.117068833234054,19.61103965639382
453.6887973606949,296.82688561121284,12.233805882858237,19.489562212632883
454.89466059070105,296.7799287943781,12.02576899804125,19.42029454137076
455.4149041676659,296.8588993906809,11.883295912715088,19.257172989878406
456.23932727188213,296.88507717098327,11.843473752134118,19.194407120435805
457.04177140791023,296.13171725255825,11.720519073827917,19.059777164805343
458.35228984297237,295.6469575294706,11.747339869719344,19.03417942348058
458.76577876221256,295.09171906845046,11.7636351940807,19.11423794952489
460.2625354098378,295.094213409398,11.844081249416183,19.207637939504863
461.86860630026445,294.42633059631015,11.744297561824611,19.164615571295744
463.47106110947607,293.7939942959989,11.794263126506886,19.222077631146668
464.78893015282455,293.73055134991563,11.735734512466147,19.27492024938745
467.1458324082342,293.4505300475256,11.784838937193742,19.335962304851094
468.55492840203834,292.8163970491485,11.85241965466355,19.756766601165886
470.9195021857069,292.3002861501337,11.806842949142888,19.85510854690066
473.9201310142643,291.5827946842315,11.578984645055408,19.60323616254286
475.1885888683651,292.8051894552607,11.822998502283445,19.447768519898588
478.00528232850957,291.91368516581656,12.011045602990581,19.184546782624643
481.02150850207835,291.41208723367316,11.982591058587492,18.84049075482167
483.1529744432846,291.89109828127465,11.56672033340141,18.931609589794423
486.2054071317813,291.60887113118713,11.537492773790813,18.960015000809314
489.5015846273628,291.1440561355163,11.388901515538093,18.69451941231707
493.04025124623337,291.16592091201954,11.121344583949249,18.88259375335354
495.8703337001937,290.39069871136246,11.05009263989572,18.826566139286847
498.7026033169063,290.32182157264964,10.994806336158149,18.586524243616708
501.52212350111444,290.4314547676975,11.092277198210573,18.57343842603078
504.6028406859561,289.9520482506311,11.247691583410099,18.719804865925305
507.4635183097349,289.0434666547697,11.53884854288362,18.53702909280434
511.7597286119564,289.2454759198094,11.43801271627276,18.040218051738663
514.9628000245508,289.2663651040788,11.367357256806594,17.775375260592465
516.3856697440916,289.09188367636466,11.340518879736733,17.862344707817524
519.6555305140275,288.5685705227097,11.517586585470365,17.938607398184118
522.967834123745,288.14801210713625,11.566235286445513,18.123279679770455
525.8583298766647,288.30691412948624,11.359683783047497,18.183851642150554
528.0962949712789,288.1062487451275,11.199900444405129,18.154850227030177
530.8274472501216,287.8268567958615,11.19523748828217,18.12184487995674
533.8168964427147,287.3899764360759,11.20530699860385,18.272209298258286
536.8462140330493,286.81876547891216,11.161678836977668,18.14828523480265
538.8336792825115,287.3708231015964,11.14774687320936,18.063884344902974
541.4010198453456,287.47746107130394,10.930397443098048,18.209941443817947
542.9689870813424,286.25302988750224,10.767306141270286,18.146749368061982
545.3603150897535,286.2696975012405,10.79933976067848,18.008014055136194
547.9181650938106,286.08171251384846,10.755237805542897,17.877994955213282
549.6939796739291,285.99318339766353,10.726771487102617,17.825866175864334
551.7850780476535,286.4304659987952,10.90484619351124,17.90935837716537
553.4280766909676,286.1996579068707,10.907102691062772,17.771548291483246
555.9855669542119,285.6848235848985,10.948929110375095,17.78019032409953
557.186207504568,285.38461824660965,10.731817778949917,17.76169307221041
558.2323486523588,285.7041749692841,10.735494193085096,17.88562207681263
560.4970391039072,285.12804842012997,10.51869721332807,17.8799962993885
561.4959052863069,284.90612913789323,10.685855137835471,18.01633211727998
563.3207215910566,284.4651448953957,10.782835077164307,18.482418491679265
564.1640201541709,283.538730062572,10.925293737068358,18.752152606789622
564.9565447063812,284.2536960005636,11.420467716143888,18.859139370943154
566.031795659035,284.1374945394025,11.678416891158635,18.53173928423208
567.4099873682078,284.47166186753014,11.707761927402721,18.07372414701974
568.4145103999211,284.1732663876917,11.663185773643983,17.899599121589283
569.6295755520878,283.4790731333492,11.59478795222083,17.865305729151302
571.9718561725806,284.00029611526077,11.387620815239208,17.93036556366794
572.9448888994613,283.51498026453135,11.007839541165264,17.856479748036918
574.2981881517464,283.4163140140989,10.809000130833372,17.770055992798373
575.6045841144439,283.21589578914904,11.069224562860109,17.71310206794211
576.7991803136731,282.6448278202024,10.878251463718339,17.673757598120567
578.1683273969401,282.5053523661093,10.58958803448897,17.67141654463682
580.0450855287846,282.779343598762,10.442631524217859,17.505331051987653
580.5803837665794,282.4758523238021,10.488295577192723,17.48122915976893
582.27652141912,282.02925794756703,10.538750222062804,17.054292332405012
583.5223855850529,282.43782960648775,10.541513467345446,16.80611874112603
584.5265703113203,282.1773813815511,10.378427523111355,16.55563762752289
585.9937851468565,281.91481193733824,10.11906956834766,16.562206569659466
586.5746898651123,281.52733931637255,10,16.91711549567286
587.5690039189775,282.07334264490817,10.206657689388816,16.91793186716614
588.3241004743505,281.13634575401113,10.33671192361349,17.064886311801935
590.0709405232918,281.20517170090693,10.444621028611586,17.056640393352122
591.5292420692015,281.0427578420527,10.340071617212361,16.919565492652367
591.3559924610045,280.49219620693964,10.502767275256623,16.994413128112868
592.2285062862256,280.7892660232278,10.606025299863221,17.071904354911585
593.2190000248048,280.4956102880651,10.683837566357182,17.19810666385996
594.3717815642354,280.0428138949194,10.67931513690996,17.18075633491705
595.844102465134,280.44918322676625,10.600655390776902,17.018446443196066
596.1701313715341,280.46175608561236,10.665402082371099,16.926162053628758
596.2461246427614,280.3015507435852,10.680487836059314,17.161863570202655
596.0901694466056,280.0340018104121,10.929581608497784,17.308186564722625
595.4020034675593,278.84222229283944,10.625527976990774,17.01424392140118
594.6509122277365,278.7316274890246,10.667684669282849,17.16819567502695
594.4084903452028,278.43870288246916,10.82462850148889,17.406403896926918
595.5059237400618,278.13245986788013,10.49907399814791,17.183635256915483
596.9885505866603,278.104523028191,10.33754268654273,16.922049829848397
596.376005002487,277.5202548132107,10.605915410065082,17.146597459760216
597.2414087519521,276.2569346915044,10.669167664552823,17.692257783739304
597.3182610156389,276.25289155003014,10.560812258273126,18.284614543982716
598.6672057828157,275.99259707590113,10.643714960247465,17.968995148734898
598.9377067375656,276.9645159823479,10.8127960585603,17.841990831935014
598.4839087643189,276.874617153914,10.92112900456525,17.736029516634822
599.7557924007873,276.7849026329356,10.75503583441171,17.483932374509624
599.2084624754651,275.6823349019893,10.911009314206392,17.26571654856044
598.6863883899131,276.3607563132038,10.921069350544878,17.2577621233482
600.0889458954002,275.9045772676213,10.689227044648842,17.255290960362878
599.9078154164822,275.54016147189645,10.81818493241642,17.161181725396577
600.0417790641711,274.85529862180647,10.78254599763435,17.129208359414406
600.1769529055874,274.98377843227706,10.62369047178403,17.174746602242795
601.2193258868593,274.9193131355322,10.20654704830274,17.065418833916052
601.5987399470146,274.76351034788166,10.121379206312618,16.89200091068197
601.4631736752265,273.7631669193967,10.138655090953403,16.499091118481914
601.6082882088461,273.610777946224,10.176440397493202,16.41815739490551
602.005216838339,274.23886063574844,10.169703957599356,16.401074352282393
600.9480030360227,273.46286807928584,10.047437226294475,16.263816148557254
600.7927683237767,273.13270113900916,10.057998966460183,16.19376901714775
599.6116978294123,273.4089141850745,10.072662995960597,15.960045622771009
599.502011834238,273.31043862569334,10.0614327219049,15.903647437334069
599.2018375396729,272.87433764119345,10,15.95950800618736
598.2855120921982,272.9128492854642,10.243779892751855,16.12967710045833
598.3654536175462,272.55047672785906,10.053375449233679,16.255663518158798
598.0195965069238,271.9927357965848,10.170371195136703,16.128561152191736
596.9294580248708,271.74502072947485,10.186990017152885,16.369196211948722
595.7157115936279,271.8687417674799,10,16.432110276075388
595.2108154296875,271.4436661980034,10,16.184605165028355
594.6916941441561,270.2767247695025,10.093418352312687,16.340917679012545
593.079537878843,270.9894093102101,10.317299822148037,16.533960615419637
592.6378635654676,269.96641530193153,10.109759471848086,16.26951238319749
591.9379997253418,270.01864522693336,10,16.279813885732867
591.3512554168701,269.74148125214793,10,16.340783223243225
591.5141201019287,268.979743470846,10,16.21064474165761
589.9678083991585,269.3113473969433,10.050970726097125,16.157738860898565
589.9141464233398,268.6578446091656,10,16.696037161063323
589.6443506551768,267.25423394174453,10.248450026316185,16.939797192194558
588.9459180845968,266.8935431629394,10.316377636958899,17.178230446582102
589.1319173512941,267.81185769648346,10.413930189990046,17.062605865578014
588.5595416855039,267.80573471550684,10.609901461756047,17.00872405043161
588.5246698261395,267.1848383438682,10.57176554181272,16.916421792488215
588.2003025274455,266.9312497054635,10.763358262980118,16.576637094199967
587.9560764634235,267.4349451304494,10.663111050203714,16.41857714632777
588.6281670344977,266.80188843368427,10.478002784032052,16.366434161684204
588.9370471589417,267.1761714936325,10.476358105212192,16.482122039590415
588.592748996544,266.4685028510662,10.246211296462981,16.215605076676187
589.0039558410645,265.88861500670015,10,16.0920288672149
589.1693286895752,266.22709863947955,10,16.048740037935403
589.1632595062256,266.1839528734822,10,15.885321486922287
588.8880252838135,265.1943553181774,10,15.850863796018253
589.7483024597168,264.96347757612375,10,15.720261644627445
589.8990831578499,265.61886674642193,10.054967839573692,15.784700741775305
590.5666675567627,265.18527145718537,10,15.444734185238692
590.006103515625,264.6761575491533,10,15.301878779867279
590.4858684539795,264.88671209516235,10,15.41137500401128
590.8650875091553,264.08720741850095,10,15.42461851871101
590.5866069793701,264.20019266863284,10,15.321969551650314
590.5509262084961,264.26634984874755,10,15.302184946059532
591.2266483306885,264.01494565869297,10,15.17692630956715
592.1288757324219,263.6076076770333,10,15.28232035149987
592.4148368835449,263.76410045403725,10,15.36408729993337
592.9797840118408,263.8486238637727,10,15.208159224358962
593.0086994171143,263.79424732388475,10,15.183188091488327
593.4602222442627,263.6795605245176,10,15.189615523230332
594.3042850494385,263.22400744256123,10,15.257433265512294
594.4177494049072,262.5348292090758,10,15.428968290832842
594.7128448486328,262.64925681478076,10,15.415052196854514
594.4037055969238,262.5953784122069,10,15.308770153125232
595.7144832611084,262.5841958589877,10,15.187717901165247
595.2544422149658,262.3660849490601,10,15.24726125422358
596.3294563293457,261.72656876186164,10,15.308672779011081
596.986946105957,261.60469069895015,10,15.180003825488336
596.9489612579346,261.5466951591236,10,15.134659913686344
597.4573917388916,261.4202171932095,10,15.103089020563438
598.3552265167236,261.050208727279,10,15.181397120637289
598.6124000549316,260.33332620460357,10,15.304458888400246
598.2533502036454,260.45621507732005,10.074701417660526,15.234584463279795
599.2259769439697,260.41005313588073,10,15.0802118739905
599.9077339172363,260.32680550200354,10,15.065444171774157
600.2004852294922,260.1578145687811,10,15.115591870738648
600.9383449554443,259.72098534504414,10,15.142986432714476
601.0213356018066,259.7841464493769,10,15.228868203541085
601.6426658630371,259.8005746242292,10,15.192231488846215
601.7930278778076,259.80052229107946,10,15.222514225214088
602.5746650695801,259.8099932994963,10,15.166195804571874
602.7711868286133,259.4670451741011,10,15.222640303653296
603.7852916717529,258.9086247283914,10,15.012843927006305
604.4802131652832,258.5867511272546,10,15.012120914436059
604.9534034729004,258.0766115664529,10,14.959333324613684
605.8635787963867,258.53346076241945,10,15.003398604555652
606.5740756988525,258.0438778463349,10,14.906274306109486
607.0600681304932,258.35986292242296,10,14.798680069460673
606.6493167877197,258.4865442005555,10,14.894648415295258
608.0725650787354,258.2553592657537,10,14.731983952623398
607.7829033515051,257.98100374875327,10.047772093376626,14.779603983206304
609.3579444885254,257.48084196314863,10,14.79654437570473
609.2576348194224,257.82430425131156,10.018269179514618,14.937252703431518
610.0271110534668,257.2527942685128,10,14.897216791343538
609.9712905883789,257.6111320455923,10,15.002375801393548
611.6448669433594,257.0762795352542,10,15.079050273974094
611.2426872253418,256.95393061459094,10,15.01789331793729
611.9719257354736,257.2119705105496,10,14.826722736225047
613.1626033782959,257.16770754348715,10,14.581619062195616
612.763313293457,257.24765812306987,10,14.658904334914915
614.0996704101562,256.98616645279236,10,14.60893540496217
613.7926254272461,256.8982917522979,10,14.55367055424206
615.3695945739746,256.7827136517846,10,14.659376620991374
615.491289138794,256.4941971103843,10,14.753697911799824
616.2231960296631,257.0105269924289,10,14.889567658208595
616.5347099304199,256.5916599154723,10,14.877394890735147
617.4325504302979,256.1337949718876,10,14.8610874243889
618.133394241333,256.60799407608647,10,14.898643500659077
618.8392601013184,256.0307251699521,10,14.899838112244225
619.6702060699463,256.3169850113802,10,14.853048562444627
620.241361618042,256.578924462511,10,14.759581952663597
620.2853088378906,256.6173733703923,10,14.642610742125642
620.9926586151123,256.6894147917668,10,14.467316046349193
621.879716873169,256.1837042534295,10,14.32743860007462
622.1545009613037,256.4909853873509,10,14.337628376909441
623.0919895172119,255.7062478381707,10,14.46640675896135
623.752836227417,255.76329877564032,10,14.51331181151235
623.8824920654297,255.82864403840767,10,14.68996381527447
625.1712760925293,255.1935825589971,10,14.570548962816382
624.7240200042725,255.25774393747577,10,14.550201211962538
626.2294597625732,255.2452358573503,10,14.382350093160692
626.9488658905029,255.56891299109876,10,14.29492090500953
627.0803050994873,255.08767410289278,10,14.260049896021087
628.0676822662354,255.48775536111594,10,14.248484486508325
628.928581237793,254.4376011211699,10,14.380569394623063
629.5904483795166,254.0987847954209,10,14.320443409646513
629.5433216094971,254.67440899751227,10,14.324891874360222
630.3096351623535,254.23366913883515,10,14.274360941079713
631.7509613037109,254.43925601073994,10,14.201840761723243
632.470911026001,253.13569114883404,10,14.184153591003815
633.3988666534424,253.78914274124037,10,14.149516794130605
633.4775371551514,253.36770909155848,10,14.294824736804927
633.5511665344238,252.47280125050696,10,14.258304511925543
631.6254558563232,252.1972336725914,10,14.186156281526172
631.1427841186523,252.49916650349593,10,14.212268799648758
630.8173160552979,251.8009173243283,10,14.111387855005486
628.9344482421875,251.49136311796718,10,14.053368429592966
627.3802852630615,250.88124459150347,10,14.138607160987203
625.2982635498047,250.7892214077661,10,13.99623751283696
621.5152168273926,250.5283296582756,10,14.11270942734529
616.7172203063965,249.17257352878963,10,14.019599036170755
612.4383354187012,248.92260593886283,10,13.998969183065354
605.6953544616699,248.85381197427202,10,14.114119062930556
597.8303489685059,247.8056068014367,10,14.05471428408949
589.4011268615723,247.06657876491684,10,13.846769533154578
579.8736772537231,246.9554253521215,10,13.895492374370285
568.7974100112915,246.3498451286612,10,13.988629902589732
557.1631498336792,245.06404587789027,10,13.73723798665112
543.6910696029663,244.7474701179598,10,13.701650187664349
529.6587314605713,244.47533387437244,10,13.6864057681008
514.4896011352539,243.3485504304664,10,13.571957366606261
498.73007583618164,242.59597747814183,10,13.631275787124546
482.0046281814575,242.48171641320656,10,13.557166538821278
463.8291687965393,242.2151597480665,10,13.548833183310384
446.64506006240845,243.17715018048037,10,13.46421541662718
428.97871446609497,242.5436610093701,10,13.412628390195323
412.2300434112549,242.87453001723662,10,13.40329515961857
395.05235719680786,242.1539608042989,10,13.464047232954943
377.313428401947,242.29663670838733,10,13.446601613742953
359.47114276885986,243.59492206872724,10,13.416017526363893
