418.0,259.0,13,11
417.3967665801576,258.6781651784495,13.16648118294652,10.886963405308052
416.9394574265095,259.2196195940724,13.236803988533815,10.787880257655907
415.64475439409205,258.7283449055376,13.435573609276897,10.757925057088862
416.0377360541577,259.5260086166064,13.456266172934598,10.782085397402387
414.6405616280842,259.55454838878615,13.581948185482036,10.81913732276946
414.9782830681166,259.72122987365077,13.597034175046113,10.72698147584301
413.48487961523443,260.1444079642795,13.742662186767472,10.703180836577769
413.36826944698356,260.5794654165353,13.795561783523132,10.717713301450866
412.3324966573156,260.58025545233846,13.901054353825934,10.775665395371863
411.5442715157441,260.6032531155489,13.901309873785266,10.903597376079903
411.5838850843848,260.01810208321604,13.786262729179573,10.948037319163593
410.9875098447205,260.8881791172642,13.72799468433838,10.936036479827118
410.6063779755082,260.9150729593431,13.958676544100728,10.813877976577473
409.8213406478174,260.8179430786961,13.895141427753904,10.97005561506873
409.80036059463635,261.07276915358335,13.855695894467601,10.993404411339105
408.98518440756186,261.87760560849495,13.868357228577421,10.973743098195616
408.71411404743174,261.9683267350769,14.049791619492002,10.820697451477022
407.8929539456298,261.78125014372927,14.051448676123224,10.98778123719962
407.1283825460405,262.2551894489365,14.134599959188506,11.054612099441481
406.8680460245798,262.2201629425953,14.097148459873523,11.143811077699953
406.17648882530557,262.765993632898,14.101829630883003,10.979903145580925
405.7362192887889,263.16762865254555,14.112724538877265,10.993119464928384
404.9051501206622,262.6198973244444,14.238913168099462,11.084866605993913
404.95743774069064,263.54155459629106,14.033530738101138,11.236276335982335
404.26985281615777,264.03365091787254,14.066106440438418,11.077271375924848
403.6101390769929,263.1611232955208,14.160791029363876,11.152187307884258
403.0027794853015,263.89302482963006,14.12537288364502,11.256854240886394
402.942165794111,263.7635517805643,14.094653244541634,11.386497360502247
402.2185627096605,265.01788428097103,14.260098244009066,11.341630882638007
401.98539498730395,265.0080487092057,14.218697482667448,11.319424279586702
400.9845997007898,265.020469892272,14.317795532502535,11.335326694948161
400.4803330160198,265.26612724946875,14.310990004337329,11.479769426843726
400.67436598990867,264.47160221779535,14.267749801188472,11.576704469438614
400.2940585450198,265.2665980778033,14.368647131151766,11.560832317293775
399.39062527081813,265.1627008587395,14.448348457387125,11.416862076466261
399.1827290803078,266.11128114854534,14.52549108865199,11.438826100126155
398.9651885758741,266.1057538610741,14.509678695419726,11.504686430683781
398.2163688469758,265.69113431619144,14.724229469134304,11.56486347821278
397.6051935454432,266.47898197020197,14.662987848078366,11.667455676295297
398.14255169160214,266.3244230686092,14.565703806737158,11.64630080492034
397.5841766749957,266.50513323377197,14.652874677352262,11.633108929184548
396.8935633343484,266.93095717616694,14.576410166019937,11.515813156210989
397.1374318691236,266.4124952212265,14.642673950961761,11.436899968924015
396.77507362752084,266.87321904715395,14.75444106282939,11.34687703020384
396.03120049894363,266.0735989182616,14.697170077552208,11.528755074853738
396.6398113220944,266.94867657675843,14.600675970313185,11.60059835405155
395.79739138144663,266.5607754906952,14.528977460495454,11.6351094800353
396.12509158860166,267.4561985644213,14.457084584027115,11.633249538637843
395.74569946713734,267.692739261405,14.519076224416748,11.624306175676315
395.03939193962606,266.9391019463972,14.547196497945112,11.612225031766094
395.56762870985125,267.54880363733366,14.603123012426368,11.535605768545608
394.7332334418271,268.18526222749784,14.619482060437596,11.60416502864692
395.25526900097327,267.7256556135912,14.551115135260478,11.636731985708199
394.55136840575517,267.4437694840889,14.538921971448648,11.670154513267597
395.5599739216931,268.517891335871,14.301309175656836,11.661696576304905
395.76663876976795,268.3883687243917,14.286703081801987,11.58983969965408
395.8795789512489,268.1645422739865,14.403157466154537,11.635026780151934
395.1603244239458,268.55882103480116,14.549266160653328,11.651267384743369
395.61760516870356,269.0299511861785,14.727089009516664,11.77002316475234
395.9828752100706,268.6392547781607,14.682549750757307,11.88048702570989
396.1064210348489,269.0680573380955,14.549071229862784,11.859139840410478
396.74093090550963,269.28834494210844,14.549002904556936,11.740914180724578
396.4158802514112,269.5178700372428,14.657794856064315,11.688022437721404
396.396564907049,269.70374217227334,14.826544868519154,11.734845825131108
397.00229911946275,269.7416580414363,14.84027328207061,11.778742175184048
396.55475790953085,269.7360778016571,14.87529787112385,11.911324468707376
397.42853232331765,270.0913165623267,14.770090657319805,12.041617668803639
397.78685232816525,269.727451243373,14.582480493815932,11.974243326242203
396.8761549432257,270.50790111812046,14.661542805198994,11.932172922450532
397.1725120889482,270.2734402925587,14.811405112875043,12.049387115077922
397.6016742095072,270.30731526321597,14.951783874686761,12.229249173275132
398.06994978646657,271.1438475966324,14.862930932438012,12.335542416598496
397.47335394600645,271.3779221347367,14.951123071121842,12.179122771542177
398.30268605932696,271.762782154515,14.957234692869568,12.026468161673183
398.6132378681846,271.6760120759584,15.051501253376863,12.243995592956296
398.78506631078824,271.40678678274827,14.993877998540722,12.35521152971828
399.18225778751355,271.57222255764253,14.989015308761916,12.218889540476633
398.7952974039744,271.88044172011445,15.074356516514042,12.162448774126556
399.6589862467271,272.5201654605756,15.131524729446095,12.29718967821402
399.8631531555767,272.2405172322469,15.036198266483343,12.346339040144944
400.7460917858785,273.11633267061666,14.95995342165119,12.391808230543989
400.54156361742065,273.3108911072589,15.061323906516124,12.257089703206791
400.1509411857979,273.7495847829089,15.201867475816345,12.373575948098136
400.8752066360522,273.9510241151878,15.197649624624118,12.407510638032534
400.44004044724556,273.1708932947519,15.107216163614304,12.472059998630943
401.21507599198895,273.7474363528652,15.137440636871666,12.506298406330146
401.117177979486,273.49088688125937,15.244842496838569,12.576686473076926
401.691659320627,274.7379417016271,15.174302360943189,12.520992359685255
400.7643193399429,274.9318688999805,15.273492972946226,12.513367912929612
401.11893783060435,274.3204324592476,15.280354777023675,12.59095423433682
401.7515882699771,275.17034998134756,15.309529453698127,12.767317005078306
402.26997824166193,274.90992066160226,15.188509550611734,12.77248960941263
402.3190126640225,275.5291121455545,15.281972840900302,12.674426465726896
402.4968407413274,276.0630704075767,15.428368993419415,12.733516472444288
402.18441924261236,276.40546671573634,15.476349655644396,12.985438028488279
402.6226790825474,276.11045227945976,15.34431773822557,12.966255933023815
403.1793833030214,275.7668595432303,15.48604006509986,12.870783782191804
403.63933006608727,276.8157745543197,15.480601952786406,12.96172786889963
404.38909730184554,276.98875459802866,15.505252661933937,13.09046870921608
404.2624865870327,277.14034379617476,15.467183808356431,13.020753600277374
404.87541680541585,276.9880580108411,15.580785651863646,12.987510839890088
405.83354982449436,277.759351094861,15.600394552671442,13.164269764623654
406.2344106851534,277.8266732275788,15.668023264702931,13.078541362225256
406.4442470651662,278.4216128263007,15.660330179970334,12.985044305894736
406.8648861576952,279.18367570202753,15.706400169961203,13.223339208737912
407.85985066171645,279.0817326468412,15.729868378715533,13.348116127215981
408.42960094346097,279.04682792649044,15.783742449015614,13.230997772507415
409.90889719556924,279.3274002373754,15.736591747777563,13.25627893198747
410.8633918612583,280.39908673234663,15.721134215715757,13.286985837064517
411.1028213654886,280.0080113248769,15.831260650370485,13.249571832668035
412.1896333709452,279.9147763163926,15.86251258550212,13.344161051296897
413.27061652993956,280.1924449182592,15.919998171810347,13.39067626455582
414.16986745040936,280.70957863571215,16.043893944396164,13.406656022032706
415.305717635141,281.4779739386619,16.05948224070439,13.439449308955593
416.71143782920103,281.6326567214911,16.111853345504205,13.454973880015764
417.72589832379026,281.67763487970706,16.03743446203866,13.439999253037007
418.42786257888116,282.51662261610784,16.14054788300912,13.415283057579233
419.3662211594551,282.1334964665175,16.104792178160118,13.543454759836102
420.10653272295576,283.0011649206223,16.247383772838475,13.541260704409721
420.77482591330585,283.3553092258011,16.37014797807583,13.445173784725949
422.5203626545004,282.946611012795,16.4244960960285,13.462845631880633
423.3638039627739,283.7056890110453,16.439906875477654,13.522471312626156
423.65051338511864,283.8246552477358,16.595640710231493,13.487808797741323
424.6486308657527,283.61429795835517,16.69499824774269,13.650352294959635
425.79541288611813,284.40340578008744,16.642702364970802,13.802330743291973
427.44219901344195,284.8007176211552,16.565003828584793,13.866822661742372
428.3067342029284,284.4783889223268,16.617057564602163,13.994184221996722
429.9023520805262,284.8261542805088,16.715754060383173,14.224469087908272
430.6413016381173,285.7952954064229,16.684224116343614,14.24279083998628
431.89270193068984,286.0383753256596,16.82918201508516,14.547585591356583
432.83933715718547,285.83226217207744,16.832548524984475,14.566093179038486
433.6779787763071,286.12072794807875,16.860404446897512,14.436797277670586
434.5673946929627,286.96342670517987,16.856909832824645,14.530101545694915
435.5962053015925,286.69816005155155,16.80128751693224,14.643844844406678
436.2908184965125,287.1312516512716,16.88699856605701,14.576752984077924
437.22169013631276,288.0029170950445,16.91848190999167,14.600672157567274
438.65210531584825,287.1809427587045,16.85587695375273,14.840697795579285
439.2124872447986,288.12503630437226,16.986318540187966,14.907550682271104
440.80536024506165,288.65039629561977,17.009900237415778,14.701793773506555
441.0148141220699,288.24049586549927,16.899555715821183,14.723380675007306
441.9815882171957,289.6690935729889,17.214535052425017,14.588551593035811
442.60818458843903,290.630812036181,17.235146020875884,14.594565655421249
442.92750196798943,290.7293054853001,17.36398257525162,14.715182822124486
443.95837722082007,290.6365408780742,17.22905854664113,14.779938721146507
444.556571151202,291.0830730046795,17.358033845057005,14.82407692154925
445.60836091199053,291.8558151114207,17.354445168206404,14.900174739316766
446.6656074975907,292.1071146345824,17.28842916985768,15.183815317016885
447.49389651099347,292.02024891474207,17.215721077134152,15.171694705916202
447.5358639423556,292.52852208949906,17.459773885308326,15.132588236773408
447.92142395917614,292.7823617633872,17.47467985264378,15.114090407551718
449.25269544109636,293.5560864657659,17.331568956674438,15.307340770860879
450.0993037039161,293.93097979413807,17.527611769413802,15.253286230815654
450.9122057168729,294.7187461128509,17.382657963226805,15.427509452765019
451.0152115833626,294.85815986079757,17.615786550071718,15.27903016243802
451.8278052925138,295.93498264216845,17.57864234465985,15.283267290126012
452.1072352941375,296.0758930054898,17.66480187266245,15.319805938483302
452.8903035518503,297.41927612201073,17.71319019854551,15.1953642293672
453.5801913430474,296.72662306653723,17.643892826600574,15.283917410626664
453.3737763645685,297.9235052887236,17.87478461217154,15.258118664496074
454.4031423444434,298.5180649746691,17.68777201277345,15.302985193484062
454.5279855955723,298.4820501926549,17.83318133571085,15.173369860051528
455.51857238246026,299.4449989314614,17.761721507052172,15.207685089958131
455.7683498716722,299.7096858762356,17.8369345950344,15.394093365936962
456.27242726103054,301.30528580403774,17.931318878817763,15.251401200762455
456.973711790427,301.28264916501274,17.807596560747548,15.572194803519437
457.42963998543814,301.97168015380015,17.980830807932293,15.466509840104738
458.1829846910064,302.24380388983064,17.950932778631703,15.67262857898125
457.69250200841543,302.49684207512894,18.024877574966002,15.836558006724545
459.1480257652805,303.353985106828,17.968650312700724,15.914363312955329
458.7738393343769,303.9205790369657,18.07752732489861,16.02680380961349
459.46327785842476,304.624653595419,18.21610633149035,15.853113616046798
459.90500290700714,304.6115213513938,18.318358748974042,15.842238211519096
461.0455658019249,305.2096266709934,18.377542102204828,15.981957442925413
461.4422441409433,306.26590383230456,18.453196349461066,16.002505537295193
461.2601324943649,306.9618538577788,18.43538534086005,16.260050066424828
462.0759750474086,306.7305306303841,18.43656614053442,16.172830798557936
462.0929853098751,308.1931089345813,18.457751914429547,16.234795772194843
462.73357279996804,307.97902451961147,18.489176116372462,16.245682497642257
463.219269548894,308.73904087461335,18.65326540660653,16.20249457523615
463.82928967706937,309.5966203796741,18.672513480333897,16.376198174977933
464.2504097680666,309.54934597291214,18.752277998046413,16.292989725318254
464.13832202522593,309.84069747326475,18.77403801741918,16.545316326663794
464.4451329271121,310.7324056824671,18.786469070092163,16.464002569391916
464.48243478755836,311.08338977811354,19.023022575762234,16.72945686345066
465.4478085406087,311.93038455745284,19.06472532600916,16.538931049889236
465.99003885504624,311.674298923165,18.902269396841106,16.706795372664175
465.5377237645048,311.5123653447633,18.93269303495527,17.007926933764498
465.20983797327773,312.28732667606033,18.917390703835167,17.103199278494607
465.3793597666346,312.85239858569895,19.153908640558917,17.227770425037637
465.9161644963177,314.24022767388715,19.23207835599737,17.174402287723726
464.75538960025364,313.20661851315907,19.346970738457618,17.232289859668168
465.37250777695584,314.3381725535266,19.3472772317328,17.382473710085485
464.7574995922856,314.19463676309067,19.46389028076075,17.23026001263702
465.3014535605092,315.8697891475428,19.46619993464569,17.25816721883045
464.1206122324412,314.9237249785416,19.455606284629326,17.449901880075036
464.8548302317182,316.1637765830527,19.436663694278447,17.357143031404384
463.6963506784182,316.73420665568995,19.61476782040978,17.481625598532183
462.97597523473564,317.14758680118103,19.69543417408345,17.59238819573364
463.3952970143981,317.38742774300056,19.645532680188076,17.55560792342272
462.90412438483924,317.7622239197543,19.759065378270776,17.58022363876279
462.36198241583725,317.2150598373367,19.758388378774768,17.86299784852
461.41324086687575,317.85454492971115,19.89061268763527,17.81179560810702
461.63190977124003,319.19957491816274,19.916119727539435,17.905533848977267
460.7603042580716,318.50712009844943,20.01507416207944,18.018173285767105
459.8793790199896,319.100388558388,20.129334001036472,18.22410004997207
459.8758902051852,319.8651209963109,20.008008102813193,18.287568828911436
458.92760209717096,319.8929228211865,20.148183256829967,18.452370757773437
458.46722675963366,320.60504403396317,20.08311697633813,18.458342260442794
457.74729672163585,321.23961286875806,20.315205751064216,18.564021485384245
457.9128212058292,321.16955421953963,20.21700590377135,18.67417052210239
456.4987522285109,322.28620447137627,20.20522381446257,18.56773922008926
456.1041511554365,322.30264664078163,20.268527217935556,18.585491172782405
455.0668973257587,323.03022359285023,20.421175136080276,18.65154698544215
454.83954760555633,323.2059548863061,20.411290225899005,18.7591221792921
453.96083554183434,323.0359934195648,20.37956793000316,18.748955085919214
453.3216113479266,324.20551266337213,20.452236288521775,19.02694388101935
451.7840423524488,324.23659488968923,20.592010509946107,18.93477301969377
450.91390539713075,324.9283127188735,20.647141903492425,19.140990376461957
449.9661143683512,325.49631012619454,20.663596458610083,19.13639662383161
448.9958111911847,325.42750349287996,20.939896172318107,19.067344851398246
449.14397779950417,326.6287308181171,20.982384366812024,19.053882510494255
446.76732216080455,327.473866667923,21.293366237472938,18.76667935336298
446.69591762821256,327.25225216618867,21.34554572502025,19.111634125874563
445.4270700764715,327.783874642307,21.45263780115849,19.05359242070829
444.3518258238819,328.38935036376523,21.354209680361215,19.193478685311284
442.94341336515316,329.6135249594166,21.370932363931928,19.06712809019996
442.16410849801554,328.8441926393473,21.37579301373451,19.562900274283997
441.50611338815116,330.0809356323601,21.486804290592165,19.461316754078645
440.5990342625098,330.9049063670337,21.541982744511625,19.31261234527839
439.11289681116045,331.21982615548416,21.707243181878262,19.332812441228928
438.23537800262375,330.5727696885585,21.75605063537752,19.689478780842038
437.5329992517019,332.14969377981726,21.777988007826707,19.852242841976803
436.4635900665142,331.1890319788829,21.85610691531143,20.097380835935418
435.17708113892144,332.8030831034046,22.006547866200123,19.999764121559952
433.93289252871386,332.69100684262855,22.0661607433535,20.200173967330837
433.057546985366,333.7939977870131,22.12004396872108,20.07893939301487
431.6920454214221,334.153428814948,22.16829258000739,20.067535833238793
430.3800505047989,335.95867475061084,22.3543780553437,19.648267106444305
429.4705179448824,336.30378543569907,22.386127806524335,19.47769905658033
428.64229447243764,336.2321461933282,22.463816511667655,19.33970465313844
427.49842042235707,338.0879700072237,22.639359106457764,19.285687945757726
427.00266209596816,337.7913334488367,22.48416250239965,19.474679446320657
424.5365077978979,338.79381345199204,22.70924148428225,19.333466083076434
424.0838410181302,339.23348386648087,22.62192978014587,19.58250507587618
423.3916931996246,339.56821308421814,22.67578871061398,19.44313697243283
421.05306204848375,340.42322814355003,22.88768083467311,19.465948345468302
421.17825773277013,340.84898503224946,22.800337256627678,19.481408445022517
418.67654513179366,341.35813138297044,22.825506232994694,19.34213643449852
418.26429864571253,341.9706117259684,22.837758604571036,19.459193875944027
416.4511415328601,342.2748212288286,23.051940567092274,19.32105074912989
415.2961729890765,343.0105070890322,23.219879363643805,19.411355054113287
415.1630694683978,344.1367953124753,22.98821500607549,19.413463055469332
413.17750523939105,344.47394749724594,22.885818988991357,19.397560175185898
411.4602302052578,345.1291303259789,23.026362709601557,19.494375303852753
411.37548012330575,345.4752267816896,23.167641743134592,19.839039997411792
411.1780680806785,345.9232946236738,22.940075081318774,19.761179765103467
409.98499106773033,347.32143208684573,23.036319744422098,19.578765922744093
409.86518115818063,347.0091818651116,22.923110584029335,19.590076668946672
409.0405517742622,348.0403340082259,22.890400662901328,19.72517533681967
409.22594220493875,348.84267241799455,22.873730519321693,19.82056413007536
408.74924395219,348.9386375906873,23.037171885659117,19.9106696123266
408.38407455770914,349.66655640070417,23.057160637999726,19.942563925886606
408.84508285357435,350.49951348877624,23.11364441248015,19.845505035386918
407.471320777337,351.0540932085401,23.451187791029156,19.64990455582018
408.13276453827257,351.8593294870753,23.490185339958785,19.51208061935526
408.4213236759487,352.19885324028587,23.529079637848668,19.766581086566894
407.88800427766085,352.5946147992649,23.597740223975148,19.83566893052293
407.82062542384216,352.30209919336085,23.52170539010867,20.189888069577183
407.89525295181954,353.43868575466973,23.758833390794454,20.258282940123433
408.19322653148913,353.7578075396762,23.73798236182647,20.301260378411236
407.96922931134543,354.944082873554,23.807261286977134,20.20049926143689
409.0898769893744,354.5580376862552,23.670229236583282,20.406313085741544
408.62364360894736,355.3124806346671,23.816875990113086,20.525272953077874
408.3885685364775,355.82178342043346,23.97860786112701,20.506064659377166
409.88295138484494,356.74903719786016,23.996693360681224,20.664214270051207
409.9909746932436,356.4030364650939,24.17838233958704,20.719466468005532
409.7787973391498,357.7880748502401,24.29254112492312,20.69087529341632
410.8143355110659,357.946057204946,24.505354551598703,20.598551025899024
410.57559403756596,358.7719403584968,24.688884556704046,20.7327725728013
411.3478565933172,359.3156921118683,24.556056832896836,20.611158043109086
410.6517666948884,359.23959543526837,24.931245968133357,20.780883744941747
412.0819156036306,360.8865446273876,24.427210357680224,20.55054584654316
412.41571879771175,360.5241433140478,24.52201699442029,20.63437252107429
412.3622667925569,360.9982543118674,24.936698409515078,20.96411225639216
414.0388414861196,361.51658740271597,24.730010509206064,21.12053842088644
413.37674767732943,361.82971386610075,25.049406867020842,21.121345430640282
413.6089920214207,362.79387786712266,24.923236049932044,21.06144089051059
412.6297257189724,362.98081982246936,25.144158791547444,21.086490390461663
412.76953307972144,362.73895733318176,25.31772247581103,21.40421500282598
411.83901577867346,364.00530432365815,25.525986081813283,21.476760890037234
410.73498173187585,364.54894812009695,25.942573157342053,21.715225555460407
411.09971284368044,364.41087511373576,25.912558565568865,21.829460557440633
410.7156766880823,364.95713088031783,25.665829851374514,21.803599414901406
409.9884826390949,365.3765830491018,25.710504204232063,21.853893380556247
410.30184027236345,365.885018927327,26.012667721874692,21.947235857504182
409.23506681419707,367.07373896155747,26.315076027367553,21.892145337383127
409.5772487806241,366.84645264427456,26.259259762970615,21.955703872827883
408.1075594561618,367.0597893562777,26.421706649199834,22.151550895598923
407.2829869373696,367.1250539057445,26.91666162330757,22.054140998325497
407.5995236761079,368.1223064337869,27.13371631965926,22.22191316392037
406.5666778887977,368.6642755320027,27.443350155021733,22.15523265791842
406.7582454508542,368.73349794172054,27.014598881006435,22.491397213482713
406.3307863180747,369.25784606966135,27.247698604085077,22.330083464925327
405.97940347418364,369.28416859631596,27.39768414049995,22.498202571772346
405.88023402220375,370.06560032632837,27.188300571315168,22.569364685477982
404.3791834759122,369.9809669416716,27.8050256873357,22.51340409883445
404.4873324562533,371.09325429885615,28.23966766805985,22.310870705266204
405.56123695272197,370.5786154628229,27.857277681470162,22.57302801600466
405.59553922823454,371.04275436629484,28.281585422925446,22.505315394607614
406.4119022908932,371.1005604375795,28.504778181885527,22.61503741951876
406.63948643878797,372.40521865821654,28.85008596031474,22.455809479221184
408.9340810552133,370.9746598043201,28.476823851487485,22.801889650393036
409.5971134439656,372.0312733669643,28.622392985115674,22.96921825020234
411.1757483299476,371.46801396409313,28.538029707292235,23.27935369412816
411.5403461208159,371.8536401216084,28.75091176227442,23.35291186493753
413.3612932707666,371.19406158188934,28.35855969870114,23.696040501992808
412.5835745030592,372.5486877215202,28.891856731186245,23.355059096754502
414.0858419194306,372.3800191792787,29.071777770025513,23.487302797448443
415.5884229330478,372.4067630029646,29.148341817009847,23.440689234549268
415.0622507186041,372.95269186615724,29.45385244462773,23.350044581894476
416.7958259554324,373.1057686612293,29.671630865014066,23.560233154836297
417.8987382532949,373.01609273166275,29.615548395754033,23.591445060356147
419.1669731536696,372.7108303236317,29.337730328403055,23.823422207961258
420.09365189419384,372.672141533734,29.360463850772447,24.100766218420656
421.7402019779873,372.75646740770964,29.42772287508014,24.189698088633516
422.666212942091,374.397513537017,29.90086574179454,23.94747704583903
424.0987074688581,373.11778939694955,30.018550333279904,24.24641202030986
425.8931719884686,372.75523323854355,29.75938661388305,24.71984587032504
427.38857916024983,374.49416453468524,29.345125615047245,24.260263307338462
428.4743111234712,374.7681032793324,29.689294317999,24.156714126149637
430.075009190031,374.2378266296195,29.820570304020105,24.514485748329356
431.5350791038091,374.1298820850504,29.88153246620994,24.91328957135431
433.26308674305545,373.8745725787053,29.94325553000239,25.276188247130438
434.93696728827973,373.956403506148,29.946660211038214,25.255264734530204
434.79338795858644,374.7313370050554,30.094254356264685,25.136222016500447
436.2108178135246,375.2950426862489,30.08415508340004,25.094755783508024
437.6846980832602,375.46113789797914,30.153102917952342,25.004211173035827
435.64979043626334,376.41791014843056,30.935412108430302,25.003348251722908
437.0603689555804,376.49298325165296,30.907620548311954,25.159888446645223
437.082193418925,376.66771670966205,30.87083807670082,25.17003304185758
436.5716454396806,376.9721095746808,31.147663710482554,25.36027380107779
438.1876173842051,376.0655318433991,31.309297397117117,25.818166507293537
437.53420689026757,377.9225583532141,31.415236426984414,25.40557375377695
437.4130616643817,378.25552098155555,31.62613954965461,25.54362646340256
438.28451252378227,378.1578081557065,31.809461585736244,25.701736746448297
438.4880685992061,378.30318673847296,31.672513924634714,25.84168941978259
438.6701430817835,378.6458925104785,31.909202666999406,25.80167124735349
438.28684932664004,378.55756066168493,31.998345719278504,26.428705733514946
438.69750810895306,378.2555575981775,32.138400530140714,26.80797278582274
438.7509853137398,379.8090527738758,32.345159194297686,26.283822400246393
439.08336348683133,380.60397307799354,32.40382203756775,26.33646836427662
437.2171886339565,380.7338217644988,33.00732652847378,26.229099482477004
438.57237422128884,379.78321382838715,32.936695344043464,26.62166362130188
437.5019433418805,380.6481005329166,33.23817111653199,26.533728285973456
438.4204715937003,380.2600310175565,33.298285633400155,27.21010535380298
439.437834978431,379.89033039490755,33.172761439622334,27.67175849119078
438.4985308475794,380.5598983775733,33.18445685952869,27.92697524802719
439.8810044941657,380.1317142368732,33.09890714936385,27.936610436165658
440.25890660863547,381.6857588566758,33.0150542143697,27.688765947537014
439.8544330472131,382.0865063249444,33.097957636042594,27.508830154066285
439.02130186214407,383.15518900295234,33.38793063850485,27.025998184280823
439.9949052996698,382.66709304133815,33.452091561304904,27.15475510995067
439.9683989449311,382.9181095117882,33.6594850691222,27.180622864851273
440.2961984595873,383.29289082830894,33.97492485816917,27.271705068235622
439.89429361944275,383.8210321264174,34.290529582403536,27.339423021335207
439.9342595075667,384.05505760857767,34.16035824316738,27.300685716682537
440.93544994660425,383.1966730484588,33.95964362485795,27.685957644537496
441.23453339330064,383.06182419532166,34.010555100605735,27.80759932053835
439.695349399245,384.7751429828869,34.45125829379513,27.452060073044507
440.8776478810048,384.40639808285897,35.004912367873175,27.49223847173323
440.79914379830973,385.1762245742429,35.23292730816573,27.319010049512265
438.75854327191195,385.2964759986136,36.090327701781625,27.476174131923273
440.74611683174066,382.9743842281205,36.16268119247573,28.31177155230386
440.0173231109019,384.3451982130617,36.026503375364214,28.273665310937176
440.71285913419433,384.49288944505435,35.94089702702151,28.407543100858092
440.2885669294988,384.17719197175404,35.832068716685924,28.281125547458764
441.10310491395705,384.14774656143095,35.9786580309726,28.543690684511102
441.0038460391698,384.3558731114408,36.02698351980491,28.498912804218026
440.6966828575162,383.513847803023,36.21105780791689,28.542025615877865
441.3167647280407,383.0903859414585,36.22954580026626,28.901354734514598
441.6197890104569,382.50218420947715,36.29265617098072,29.051375752188232
440.6769718814295,383.97176051470797,36.6485968255199,28.459528439578186
441.21893874546134,384.25855497926415,36.9836236687453,28.265517147184543
439.6363737876837,383.84004448620584,37.6045030960194,28.434813523926245
441.01552288131643,382.58317546896376,38.03227058258204,28.751026533996292
440.4705524802857,383.4487141680041,38.22227852331538,28.800939736501608
441.0739877689429,382.95384062707814,38.41137352217277,29.231726857415985
441.1926133800581,382.95531467533783,38.30934568861422,29.24483100699031
441.3293750395053,382.88362035206967,38.41402671542296,29.304448901573522
442.1157785954364,381.70847356896655,38.383730589888934,29.499911535162596
439.96160421473775,381.2085132532727,39.0887315729659,29.79006959330811
441.6901083278755,380.6344283471212,39.29645723340907,29.93221218393151
442.21455892534925,381.24442214260495,39.293515511117896,29.67806016425299
441.88755625841264,381.07809100198534,39.6249653029989,29.445750521664117
441.6546770223526,380.66169259566135,39.690211079806595,29.74807553255424
443.0215634484847,379.46288191586626,39.8016988476595,30.41251207769134
442.5182315653363,379.72837770384325,39.694867740909466,30.515279046659224
443.1662041298193,379.39705377288305,39.803967167607546,30.91898525818894
441.67266303587036,380.7446314564964,40.13656937503666,30.707792903657626
443.4137443499266,379.60521215960046,40.064974984228755,31.203626736707285
442.90229317381693,380.6970206676794,40.67370802492473,30.962163651213523
442.32785073643595,380.4662479374087,40.808432743436725,31.038134770934555
443.27879711073837,380.96768189435926,41.06320198213652,31.113574962502177
443.0866241413251,379.89806489669365,41.14771271588494,31.466615110177166
444.2958371546937,380.08310761333473,41.23954059539784,31.74864454505904
442.6567580102977,380.8721356619245,42.10531485098659,31.58172126037951
443.9305811480887,380.9723750379579,42.36092174923268,31.519090408703406
442.99615042338644,381.92047360230924,42.52955736855918,31.125151580781903
444.1310103989297,380.1079232520015,42.67524269091021,31.72779134389739
444.43741071427127,381.1662133306886,43.02162479948481,31.397359257812266
444.2083383849714,381.2816117829912,43.31265520027206,31.50719956023824
445.59860684481697,379.6624336858104,43.18908544366681,32.25724398702173
444.6664623273351,380.62792039632956,43.808943936638364,32.06871746539751
445.3541167726979,380.285954211795,44.08974771681118,32.56080107958378
446.1460593879593,378.9630356511701,43.72772527925707,33.377521379544575
446.2791442621549,379.5425427771346,43.788276722272236,33.2275555895296
444.1565834405412,379.10356622455464,44.91450188112452,33.36004055504116
445.95828265509823,379.48893677803545,45.15950738267464,33.306966074056064
445.83001155693563,379.3149793179479,45.25949440321856,33.47830628719983
447.23999158834306,378.85998727107665,45.23093143513028,33.53540036629393
447.8255546847566,379.60491815878436,45.53671869445173,33.325812028378586
446.97587790709855,379.3383276973536,45.91481370484582,33.51888980182605
447.5476906007754,378.8723427276475,46.05610042686714,33.813042358425676
448.22706781466684,378.7798363572288,46.07951762994369,33.99363005043493
448.7788885081529,378.02767596223174,46.28015175566695,34.21477823300718
448.1454872179929,377.8752126546335,46.773532094775895,34.4683895405865
449.00289383160526,377.853913169454,46.80083007360591,34.57202366719544
449.69453925728317,377.8539180684295,47.17413101912506,34.639305129010125
448.63177136979385,376.63451406267,47.52532902554896,34.97558933681822
450.85724531365014,375.963784325618,47.69617679213334,35.36136033435971
449.36672892783855,377.04538715924923,48.30237741043623,34.741398075300395
451.1367774658366,375.0911484929385,48.385998596158885,35.4767949635859
451.01984924021036,376.164425480018,48.57801544780191,35.229700828294085
451.90038198864704,375.2229435208183,49.009927856202026,35.62680964415436
451.5510555154623,373.68500237380056,49.11505968440749,36.00362577608057
453.663899622818,373.7905395849763,49.11858899899292,36.107462242400935
454.12156588502404,372.5342673304758,49.165658818330776,36.69926090179254
454.00084806004094,373.6132719859848,49.55461644095331,36.61797278218075
453.79570949279105,371.8319164533394,50.003452535413956,37.26649927715913
454.44759570540265,372.29605469647794,50.39728142855018,37.13364820592109
455.3894264707573,370.35282430234787,50.463937280653376,37.75007420414213
455.27287724944307,371.5512655396562,50.93595784242247,37.42768513772864
456.46726531163523,370.0866427527202,50.9279037639366,37.843365648124106
458.93179945064685,368.1996556893437,50.555460852124256,38.46379058054117
457.502033645372,369.0068553313455,50.97007669118952,38.246440246732874
460.31694853697917,368.8448769443477,50.62895845582678,38.321343065650346
458.38635104347475,367.08337283943627,51.67980493209345,38.68903206160602
460.75618588871674,367.05260665689497,51.51514744864073,39.04809555461822
459.6873170938778,367.26242527310905,52.25669058031074,39.09409552922139
459.9370964839841,365.46861241231164,52.66063521806694,39.340702574058376
462.83876356592316,364.99929864763817,52.096268949696686,39.58458217860066
461.8218887766946,365.1295534114267,52.99181967561468,39.6949222603986
462.5156914352965,363.95266118936075,53.21392505177029,40.17897098675697
462.97884218634016,363.1438322488285,53.80614771960489,40.396009360985516
463.81171013129494,363.443144211451,54.3272251841875,40.339240294139024
464.9196280333511,361.67930921446634,54.38928244648137,40.5197728369364
462.0783075120037,361.43669942975305,55.919015163980944,40.74397556065987
465.41765659260807,360.85651977620876,55.583716050623664,40.924430692943865
466.9129395041769,360.0137305942287,55.61080464643135,41.23810659108352
466.4484418392502,358.6292284614587,56.11156206124561,41.57904078826421
468.05202205777414,358.2054162564252,56.178418958182135,41.52230728817489
467.77041053377087,357.98891600882524,56.51649857357153,41.59053117204675
469.70901770556446,356.4328207533615,56.60598955225001,41.910256473013305
471.79189840682693,356.3645209047898,56.76656787140472,42.21906686351609
471.8951020336654,354.68282248321265,57.153529148001255,42.62312837952199
474.6301854054823,354.78701601412826,57.17793027546125,42.82511119073768
476.3842337289566,353.2491390911073,57.071490733004815,42.99647660904523
478.45637693101975,351.9815331120146,57.4647409499722,43.34449374301188
480.38664595934085,351.44517162737316,57.58374085719714,43.74270194178691
482.1683583049371,352.3987998055624,58.38074402245001,43.482601347127144
485.9453085013726,350.9537004853957,58.155990968446204,43.55460845914027
486.79006727714204,350.067882831076,58.86521609268851,43.76908434395146
489.617736740723,349.6015172766252,59.214759978026635,44.05404933957188
494.588287542274,347.28225421259395,58.49159965910444,44.961786283064015
497.40020303386626,347.89610287705545,58.209550292130785,44.77414327543008
500.51357212841435,347.3761783263597,58.11820333838615,44.70689093639193
503.9105852253298,346.4795518792575,58.25583302834431,44.884848420440065
507.577267780952,346.2110402528842,57.846051901474866,45.05480624349921
510.8838762107381,346.29394081911033,57.77971004190269,44.878598616906245
513.9414289418166,345.1155654891943,57.835319911776885,45.1926094085743
516.5919187910598,344.7108230584959,58.173759768954596,45.386661530713205
519.3719454481715,343.7847370666112,58.80041299769999,45.724612323076336
521.8357082425483,342.22072378665166,58.96944502613384,46.09464327752674
523.6988106949226,342.6766921383279,59.88943457939298,45.981321076127394
527.7534914210565,342.0275362659764,59.59014697966419,46.34114099954138
527.710264474959,341.74497413136555,61.05564445096096,46.25114441915365
529.4310567180916,340.57988391401864,61.73797659067243,46.472590722988116
534.0741233556017,339.38818543035995,61.379364067605195,47.07186903796169
534.9178300613846,339.8271961292318,61.39339718924239,47.02323911971022
537.96761526027,339.1166838042314,61.15237781686243,47.32602341326567
540.2009861886154,338.9220112302877,60.88552609689034,47.56569509923904
542.3160018469385,338.4404227314821,61.34981545895489,47.635302150561145
543.9449152657933,337.0505346652574,61.78220468569858,47.73377335136996
547.3111117516282,337.18657989955966,61.284232490395965,47.790555563429486
549.5714177438899,337.09515468475706,61.13295949513023,47.977342760612814
552.2721422483543,336.1169467741527,60.85397752721734,48.21650394314959
554.6895477648727,335.728011992666,60.25703575687578,48.33150119166996
557.9004291805228,334.95017793598953,59.78620065995048,48.97019237631198
559.8681592514785,333.95525062444966,59.87851151413289,49.55634521716512
560.9060828824462,332.91885869907975,59.8891510686038,49.7149902739596
563.9552167736006,333.2251875372721,60.18350718766224,49.83776045402016
567.3477732463496,331.3722548017954,59.341768875953306,50.32595929899704
570.5399458079676,332.54244824374877,58.44317204373273,50.144446926809074
573.6434292211503,329.78901079135886,57.99056923103921,50.440765801315465
573.0547081778291,330.5008897195198,58.67478622002553,50.88657581608734
575.6662961672217,330.88777435741036,58.95952955276357,51.059721213157744
578.2807743914723,328.4114394686606,59.02178709352035,51.546387572688545
580.5445479878297,328.66156632315295,59.06575784514151,51.652518141047636
581.6268663572129,328.97767198028265,59.69952198528124,51.8019077789367
584.1820064848032,328.3945014374791,59.92405007971008,51.69407894266873
585.1989524615061,327.27091085359615,60.51415104622599,51.96689487605969
587.3208564793209,327.0086613344204,61.22586364047923,52.55834948081736
590.2348894343341,325.25823821324474,61.475861695296615,53.0042640825437
591.2810257293125,324.81771025250896,61.801557855339674,53.423909481554304
594.4645824607423,324.64749498296777,61.70235821083952,53.38444194934766
597.3860537930407,324.8213021397508,61.22817470151635,53.36046655179721
597.9084529076837,323.35294539297473,61.76424805426153,53.78681932757594
600.8576437692333,323.23973928229196,61.788382200303005,53.986162457144566
603.994934669814,321.99668155535795,61.608481185274265,54.011660845582874
604.6721619583434,321.03963386380326,62.428220944152955,54.56265808416106
607.8476488696759,319.89557103270795,62.403052785550415,55.04232732545323
608.6059333217818,319.85403266568056,62.82209179149509,55.730796515562695
609.1780246612078,318.9024733738742,63.71817705697889,56.249927672417634
611.3926906910837,317.83133537276643,64.32865517789125,56.788855896312796
614.1191666320219,314.60729822080964,64.40919633800695,57.54154140628106
616.571814426746,316.07413429716235,64.46502135402758,57.59409056705228
620.0041506107092,312.477739946305,64.28642991871833,58.20062133419665
620.9495259567708,313.99205721369333,64.89261220999364,58.76456187266212
624.4923044403793,311.28889070644385,64.61349750351893,59.13715770454393
627.9444063997109,311.2942077803032,63.99750159266789,59.537793698426796
628.3916307963393,310.165446827183,65.05729169101268,59.91439519451092
631.5962972527714,307.38217196152067,65.35102274299253,60.56921702056219
632.7945288683344,308.75861244662786,65.91859454604614,60.85886229546493
634.4571285897591,307.7791418447315,67.26490389225899,61.10724746898427
634.7939139139614,305.8118719809196,69.81145653487005,61.453560878248766
639.0371110816443,305.85239837250515,70.81502191630125,61.35148148374942
641.6126874901015,305.3976051377781,72.6317951247774,61.497396078203536
642.2113255687578,304.9783605395185,75.22178093035532,61.784951436832124
647.4294689535893,304.0820263584281,76.2153342485831,62.493910082216075
650.8565276004982,302.3290564514174,77.9200243278122,62.93615971069059
654.1416965565962,301.6492268028154,79.36982801717865,63.71940299226955
656.4198969873819,298.23794222709705,81.79603213607602,64.62568186050322
659.3304213038646,299.4622772714264,84.34107237029814,65.12635259215702
663.1906629297551,298.9288430744569,86.53150830797017,65.4435261618772
666.3957072983317,300.70601369982853,89.6515099028484,65.18032260644644
670.1747060602682,298.6291702134911,91.4593876231158,66.12703936427755
675.5751061673511,297.33558337719,92.85960669605949,67.2841288083641
680.8612061148378,297.56770635562145,94.08977496514854,67.45333622064183
685.7560201979865,295.3088413183226,95.14639924025757,68.68786317023961
691.2278939839726,294.11643694212313,95.37425201008207,69.6717930163885
696.136163860038,294.7926064020384,96.55246323451378,70.06811132312045
701.7759118280035,290.2113412843365,97.08262916381737,71.61870308196177
707.1216627873673,288.2390116216077,96.89628471579269,72.73490171405996
712.4365111002992,288.4046079518673,97.06627070711644,73.19219171955643
716.9657501460823,287.451649287817,97.77128138508148,74.28533438945381
722.6962855592107,288.0383249131257,98.28939757054354,74.85490306071154
727.7456611573607,281.3755141412143,98.19269105197773,78.19038178226864
732.9859743090565,284.31369754283173,98.80184746343004,77.54814583840876
741.8008002235824,279.1320402974259,97.84742756797186,80.63280432336116
748.1368827139067,279.0541856012778,97.67156996037018,80.70214896956352
