193.0,369.0,104,47
192.41136913219833,367.23994145426576,104.64094581763456,47.25012807779658
193.0913885937345,368.78696314991885,104.98549673831225,47.03196969625607
193.4671385099074,368.6074541557086,104.68614534346645,47.34472303623912
195.07478811791168,368.6439482953654,104.33873553175476,47.22550062606607
195.80952061826605,369.00054411979556,104.3818132556554,47.229594133455755
196.6549953594198,369.6567859095591,104.38294141006666,47.5693627511943
196.8591141810369,369.91261389663424,105.17535684300438,47.777982655950254
196.839707306186,369.44499597869697,104.42294134465924,48.01378611877797
195.32131985197813,369.0091353606311,104.46432440737188,47.459451446706545
200.83266484327365,369.2013332068254,103.96665883884333,47.031324064864904
201.0353819510073,368.918551355358,103.02136866634478,47.01879328537777
206.71409991148874,370.7767102301445,101.94002527467873,46.89353998892981
214.29838874069475,371.2072042756437,101.7225889736886,47.53166688816582
208.36974077840998,370.3566310544389,102.07060755450816,47.98476645557534
217.29601152886104,369.92145674282744,102.25602992079355,48.27424349676697
214.94871442327803,369.1743492809339,100.81884922961584,48.53161149672594
222.51486217803188,370.5134213925105,102.34155249940497,48.416669177869565
224.25888295448618,370.9856587397032,102.9314528410276,48.3656576182499
226.6656999492609,371.69606286008377,101.84676172257193,48.076471691941826
229.68428599332833,371.75445590013237,101.60045267154645,47.73788385403213
231.6784863693731,371.5475178975176,102.02184195851943,48.21929525965233
233.26064113308843,369.0886886026005,99.4910773529638,49.74544383972095
233.1078145086891,369.4485413483187,98.07685145137178,50.817944158831324
236.6091537384744,369.7231973094783,96.13966371445744,51.596970859559114
240.1946315224934,370.16005022592435,94.7645455487632,51.20965418682323
244.54198755533417,371.84531285246555,97.64801951823787,50.68080373842824
249.49863578505247,371.74815591860727,100.28800675020757,50.94085246942606
252.68763731738184,368.2752599928035,101.35876467187694,53.1149158054086
253.13127231379633,369.5195693464348,101.60253715951674,53.270126443849065
253.37234593442753,368.6380418041023,102.00576589481685,53.79685340351423
254.9186464637338,368.9499091735548,103.7437007248761,53.833396984921755
256.32394243147917,371.3992921720153,104.78448818391662,51.933288214563184
258.01882100783695,370.99277904467186,104.11601399018548,52.351874771984406
259.93245189595496,370.31553195867633,105.22194923543378,51.7537627428036
259.3954144514523,373.1251109777303,106.5794103549079,50.64025045664877
261.4870430875924,371.7391253969535,107.67880689122146,50.94826287796802
260.55021136535527,373.1318258898924,108.81263268921128,49.57368952880894
263.15593393589984,375.67659009596287,109.6566379875753,48.18630955416806
263.7758917782096,374.299189389172,110.28436756662771,47.94794690524972
264.40797709226166,375.4464369233573,111.05227091313289,47.75245086031663
266.03115715712954,375.05397319047023,112.02704115449095,48.41472817960644
268.2701098393138,373.94576690125547,112.31976567293485,48.81165223264536
270.29676293870875,375.54766275892564,112.19517041164505,48.923076581758146
273.9520015341865,375.05269328564793,112.31261070115823,48.662008448235355
275.11708101635145,375.9341956408273,111.73684626807832,48.199510329673586
279.14227639359814,375.1368707444119,111.30120160733496,48.42700314008247
281.48372646189534,375.68283406050006,110.25090034769374,47.94759481845303
285.48544046762953,375.4493970665336,108.62161784403781,47.669046443104605
288.0618117989102,376.8869932553432,107.18197942952338,46.96472198540728
289.49688415543324,379.3451108502707,106.19373168913359,46.08333786977109
290.94109171508495,379.3879370878758,105.787952067877,45.11404891995147
291.58877931125005,377.859875294524,105.46282223687484,45.31043129571764
292.9667705037454,377.7974898257207,105.35475855305609,45.17159139348052
294.66423002750975,379.14203730260164,106.20446841177738,45.331220804953006
294.88015321528553,379.4911688738491,106.57410519052266,45.66616078745798
295.29221423027116,379.0292152629247,106.87855371719212,46.35221400540059
295.5870073841595,379.3506642483962,107.40731457738417,46.54809166922324
297.1177607513615,378.71773802442374,108.44492893673007,46.56891848240255
299.7986992978073,377.82395155150067,110.25129525204176,46.70619235598302
300.5345439388745,376.9439546796667,112.49856959295411,46.82989459574475
300.37720028661226,376.5675918070323,114.16478887990053,46.85691233320112
302.55435763066754,376.58009625501984,115.2100713597587,46.688837030975996
303.49277774329477,377.02765779195266,115.32105462083237,46.5516790450009
304.0833185133481,376.28856034171855,115.41801873502254,46.52972135757856
309.2287523926743,375.91329174933054,114.25730844707321,46.33329809313577
312.97510000910574,376.0355582959263,112.42943865366357,46.12410435541304
316.3037822486466,375.786070501959,109.70533223122249,45.7973047968633
315.264112418381,376.9451270865294,108.83868800503485,44.83331760428499
318.78242657434527,375.0677323315118,107.68993811107508,44.735201840882624
317.78672355650644,375.8854463369102,106.4098597717527,44.654461330085795
319.44681986883484,376.9269814512046,105.0914982017834,44.551768298762696
319.52028104735473,375.36922635170055,102.99325138185304,45.08442327316136
321.2809862493971,375.5917316958478,100.63794815550276,45.669258776273125
322.18275871719436,376.08204530268097,99.25792616912693,45.96261837901312
322.66383868282975,374.2526648787274,98.10127771246546,45.53007063317018
324.07737951628064,376.63327511037966,97.62996997134498,45.633870921818854
325.12408125385616,376.45724017875926,96.73715853720961,45.425668568262736
325.13102462065734,375.2849159057396,96.06265778993529,45.12313083500517
326.9640954737373,377.2388142358359,95.66891598611916,45.091646430672
327.5013056937599,376.4328453953331,95.27821136638647,45.09802380894311
327.57364705748097,377.70249296904456,94.66062824831936,45.23646303652031
329.6505636554673,378.61675227175857,94.81258118515913,45.347641696717204
329.1257018695009,376.9511193099766,94.40420539185757,45.592207180828034
331.91267118018726,377.8822017454873,93.87473088181302,45.913452954337885
331.3771500807977,377.81283642025255,93.59537024856077,45.76782081183859
332.5202807219444,379.2320552122071,92.92306160298617,45.801667163476345
334.1281387482736,379.9425950548786,92.7253814389997,45.80154695078966
334.8606858832841,380.4718101155685,93.10507476663493,46.20359656573802
335.0233846360464,382.01404721300617,93.19645582556345,46.447918757581434
335.0609377809799,382.79373396176527,93.35917302202463,46.52129672490702
335.084570841894,383.07177706560213,93.33302506425889,47.06021173793635
336.35914768489977,383.93496182680144,93.97765799934115,47.41453069210019
335.996565973031,383.95068987705275,93.84250037815674,47.619952033003884
337.4817069415443,384.65379141820995,93.49737102902073,48.18918230029883
337.16420577849647,385.7453236914627,93.531665347304,48.570937089730776
337.8982666271116,385.5253769166462,93.30130610124556,48.97616267061386
337.86310323194175,386.03902388916686,93.72536213963207,48.831253979478845
337.8050223499559,389.3555450635654,93.91607834696325,48.991302450994205
338.07400474097375,388.3415577550496,94.78619461961496,48.7819418629476
338.91773197796925,389.8496181194131,95.28636221593652,49.215314542423755
337.5839308172772,390.89299578772165,95.89500457638314,50.06450280932229
338.88708461544,392.8929561570564,96.59878609138558,51.147406777684026
340.211855616707,393.87033179724364,97.39150483103909,51.91460984301271
339.81015646215485,394.00787513841556,98.1523311186591,52.408444059106415
339.3547953567183,395.11898249579826,98.88028355414158,53.20219003770039
340.36991612870725,397.6708827447627,100.07483449063233,53.889405164771475
339.95460041739557,398.548893223552,101.30368979020886,54.2692179474272
339.35422468955056,400.36741323450883,102.1135110701176,55.244421577857366
339.8131638304007,401.99461461447294,103.49269089388612,54.98324391558541
338.9140497247262,404.65734112432307,104.21953849000063,55.23814367908821
339.51446033924105,404.4235875837714,105.40265891136168,56.165947391050985
339.17342806775207,408.7465117215441,106.86038873754276,56.585162592068016
339.7180099025084,412.5132862560411,108.86698922818627,57.61402197033961
336.7321251578648,414.5796128296744,109.73881364911416,58.41358928205756
339.1649255698801,416.91185053851524,110.80961419227106,58.8924244112508
338.0089493981313,418.7466812050555,112.47410559826868,59.30107118363901
337.7665733406297,421.41860307298987,113.61300200038121,60.34373257472337
338.73133735158876,422.6720273829642,115.56161728901002,61.08425944305601
337.77534362103506,424.05705148533946,117.38434083410175,61.9349692949461
339.30871802492607,425.8437232491513,119.88189256342906,63.0629197126349
340.61018674412804,429.5050255017734,121.04531254690016,64.40218044176567
340.0640506035037,430.0565798547554,121.56080260158643,65.5458979076767
340.8422939285712,431.23848574929946,122.47544632254505,66.21742547405736
341.993742337046,434.4551047036565,122.87890936887678,67.82920099307768
346.4960591762889,428.34730985598105,122.299324518516,67.30248111811603
342.535296358389,435.035991549536,121.4251348222845,67.36414360991245
345.07939799874816,429.28215329697696,121.37068398297241,65.69756474393677
345.8366782855077,435.6935045460627,123.33805700320335,65.45381122037467
348.2180344662972,442.3376591620083,124.79934366506185,66.27618924434279
345.30172502318584,441.0939064571016,124.7390487329252,66.16002644126563
350.9791198126827,437.41796905643685,124.88486950549398,64.93594299064198
354.04276026605527,433.3067961932725,124.22621652843634,59.89522719353321
354.0556051408262,439.99266739734077,123.52477604647265,55.98088224633413
356.27064854756463,441.9837590723707,124.50374685018319,54.082744306430484
356.29094078159875,445.12534285009764,124.88879104422435,53.52549838183602
357.29047755471197,446.86011889712466,125.54660836713856,54.3853530260632
360.8625072463183,441.60111479778755,125.20085831009786,51.587565326299874
363.07877663128164,445.712478002548,125.58896773353047,51.04434331131033
362.24313124426317,447.82891523082935,125.13528902514551,53.29306675513817
365.88161386687227,441.84636467704087,124.18934794984916,51.19081556779324
366.09816931616416,447.0661497081811,123.09827806689039,51.80486489027842
367.6070632591893,447.9840826139368,122.32945258318385,53.86472051431394
370.75638802181555,452.3603224653242,121.17209944465012,60.98864462013279
374.44688814393356,445.9962676488015,120.31810725705479,65.47337656763136
432.1856529189585,386.92982595488473,112.01660309762985,63.202603949605574
439.7025927054174,391.72331395406803,106.23644666924335,61.0053069063171
442.30619197975216,385.6175245941469,103.14744270065196,60.44662195428431
440.04334042068785,391.51152951904163,98.41673712737428,58.36573490722929
445.1649117886267,392.8902286248502,94.01688662782475,56.615203150690306
448.0131726165672,393.7834862260907,90.71825315553748,54.94261006734981
447.2971976285687,394.35160115620374,88.90011157880004,53.752913410248766
447.5241717926974,395.0442059809432,87.08083732280832,52.768124903347925
449.47153151712445,394.9454604820468,85.20613740520425,51.68952337184388
449.0443161300162,395.07890266770846,84.27559503488945,50.759095299348694
447.310440338125,395.78260426590424,83.66863958742198,49.62064351897279
447.5975098793844,394.53738685553384,82.84355445998116,48.35976608385421
448.9373080792749,395.61087245359795,82.0338921422315,47.76909981936658
448.4475163074055,396.1638192160354,81.02757480706398,47.40283031792917
445.8467796712238,394.7272575017098,80.11636192220078,46.40571448876789
444.07651575882517,394.42376564299434,80.01335031828721,45.13832381655044
441.8203207927976,395.48372241115345,79.76956044077204,44.21210534859155
440.8435785657051,395.22613795549535,78.54032089593352,43.37072213588425
436.75646263621167,394.6408476303962,78.07162367777201,43.05727873823102
435.6497463763982,395.0953670158116,76.40160282825833,42.29992758947055
432.10026751871936,395.07262368479894,75.47880151041284,41.96330365579274
428.9912262663638,394.3339929392933,74.22863755516303,41.76643184602282
426.8794854895261,394.1919458008115,72.73693966547907,41.76330993646302
423.85244202757,394.9865020743455,71.40754270267243,41.6706115739653
421.0547893088866,395.04907394413067,69.71126793984396,41.79014251701214
417.64637842096715,393.6580233531614,68.15717907115169,41.01117802512247
415.61287310105314,394.0358663558045,66.91510767972967,39.8148639680785
411.65776787264616,393.86170228594455,67.21507338556702,38.87776119959531
407.83307847753,393.5013510431131,67.49129848927593,37.63952508662527
405.5539648817924,394.44268067398207,67.82880729696201,36.85641416473119
403.2166008039849,393.4278717456903,68.34939116546781,35.62124625471314
398.75589110940797,394.89326448838943,68.94833130657469,35.03529414333836
394.9214005276591,394.8081025397472,69.30462936460363,34.75571264511499
391.3646235094599,394.45086950247673,69.72960002697867,34.051233407155905
388.4890381077109,395.07886818659046,70.41384578164858,33.96845381236592
385.1156745728422,395.2491174881296,71.07858737775317,33.74315906670954
381.598287542577,395.8123972308901,71.53155907011944,33.529746553844845
380.258164341548,394.1328634897403,71.64860356788054,33.32761103321469
377.1514858240728,394.3386033217606,71.87662429912002,33.22593056351003
374.80314979486593,394.9604701170835,72.14960556163533,33.138309643762646
373.318456903579,394.212649489297,72.43143030905293,32.76615304777312
371.1285963847214,394.1986770693292,72.6600740762604,32.57437132520877
368.75213310367457,394.35436183820264,72.84947829948683,32.080613481797904
366.71107876493545,395.438001706812,72.75173163028529,31.613635868602557
365.14855533418506,394.23788978263195,72.95520866756735,31.703541723798573
363.0526471331539,394.99744285989834,73.11731620732496,31.27154799602357
362.8909890710421,394.2859519772795,73.06139038818921,31.123194922394127
360.6010518601826,394.8308997356851,73.18463028842382,30.75874801398136
360.50188684671616,393.8351318703148,73.15586375773955,30.74836113730007
358.9364618426265,393.2046569168407,73.50972096806734,30.79648145440452
358.79160266209067,392.56056636258205,73.7379311504281,30.79340279729685
355.9907301210352,393.15087046693196,74.08390841027338,30.850343416722026
355.8795560324286,393.25471186444855,74.35944872615843,30.80293894200136
354.5513699152396,392.5001435420248,74.27038333846608,30.654482813411406
356.0989823555611,391.12153057404726,74.14793677813563,30.76426307065549
354.10326856286747,391.72160454916184,73.91910374340566,30.65340955402012
355.15129695391636,389.7985874001677,74.17018441247974,30.70613940864896
352.0812138952779,391.68429783307266,74.59504901608477,30.35708182408909
352.316744866123,395.1379964386128,74.77364527751965,30.4005207946494
355.40013103530737,390.70849570424264,74.74865760711967,30.35192948995219
343.8380121872147,337.5694466977074,62.25718790584404,36.211845129975806
349.6488689444611,332.75206670570714,52.38278884447614,40.73600941085131
352.28031150461027,331.6707427304034,45.27375809429505,43.44248060364636
353.392810113052,330.6224907429414,40.47391651706,45.441847127398454
356.45010989201666,331.07660653254334,37.484377994287016,47.05262799936651
357.2240710465916,329.2099160286734,35.171029049395,48.04754465163757
359.1815577896854,330.53237826897947,33.847089498754194,48.96077141614265
360.3548393277626,327.91925140909893,32.89260100756077,49.74058348551311
360.03356367988243,327.6700476016767,32.128902303321034,49.91262086109976
360.0352220334693,327.93469519534864,30.86997036177224,49.818964101490224
361.4125854398695,328.6215853125689,30.578134173971968,49.470986479354316
360.4568093723167,328.91259789377324,29.520860015132264,49.64723158061763
362.15706506267867,329.08072166509993,29.542437257455184,49.272776030151704
362.2648794073716,329.92648246927735,29.529857274123977,49.094499050703085
362.06941823185196,329.6893836183735,30.06262532828827,48.9491899165733
360.8282355733111,328.90209017532413,30.148780928573125,49.20155695403923
359.1349832670457,329.3946489272985,30.510184833096066,49.109078610246854
361.26575226239447,329.39923495028313,30.615819083609523,49.44765436701189
360.8611243860394,329.30738926744755,30.48215796620242,49.59454153346431
359.8453468361956,329.0855231835709,30.063548270968226,49.879521259811284
360.7729646765403,328.7169422268897,30.823333342231873,50.36090009211898
358.6532325662635,329.33220810297667,30.950294511027643,50.77636443369505
356.9874739800933,330.35423621393545,31.230938880633747,50.82332688853536
355.3003042568519,330.6952656543356,30.375511481413387,50.6300527977741
353.5763488959427,330.5488177959868,28.899472007919254,50.56895986701073
360.0722191965436,330.0284451077628,31.461594932108184,50.60073307549001
357.4713570673684,331.22020357332974,33.39368112893507,50.17983211115307
351.16107761918545,332.7467575137056,30.639194248933777,49.39947508489355
355.9577709727068,330.5426322370507,31.428574265523885,49.70143291359389
354.62599289941096,331.6244461511183,32.431501139654664,50.004739289560284
348.91641280157,335.7237010823938,28.896941242563088,48.532486751228035
348.0366496603254,337.2190192505805,25.82838830141951,46.99848493633899
349.05878336355704,338.93986771412006,23.64787516741721,44.96416715965054
349.0252581800706,340.6433756448629,21.97473693575732,43.378760795235216
349.2865728613942,341.18547219324745,20.45592227037568,42.19208967112227
348.16056348378487,342.9596283571851,18.984247177938098,40.397103759262535
347.960523719055,342.10279978534464,18.20338798669466,39.720189308705216
347.9466728086181,344.65211572886494,17.637149072705228,38.507162280063035
348.48040745714576,343.4316622697537,16.839943447524856,38.464518172894905
347.27675612018044,344.277393944405,15.50151858239302,38.36244080992053
347.23338925609295,343.2738273829224,14.97754979591955,38.17338405251463
347.0492875121862,344.51451323438897,14.473759265178344,37.72901491305803
346.0415033176239,345.55582588178396,14.441010698736577,37.40311874424455
345.54628066075446,347.80729635407044,14.692732257592693,36.22696002623407
346.6030377570261,345.60790208704276,14.883608018662652,36.548149988512165
345.47220287060424,344.0438100917339,15.32829170752198,37.22851903772363
344.04988153429275,344.25895182620906,15.925520744891024,37.50057474113659
344.2945091307296,345.028979584992,16.07633360621661,37.302026181578526
343.0338969138553,344.81524071331893,16.499489802660452,37.40147047765897
342.0345114656542,344.34879741174353,16.78731556966813,38.12647133862235
341.26706396835147,344.9002553232806,17.053259148257993,37.9057195170131
340.4367574880718,346.3562964974517,17.2833377460244,37.64838417794819
338.8178756999829,346.63935775103926,17.247091617612355,37.46719514245271
340.04012239124665,351.7378423004447,17.14834713645204,35.56398062127853
338.14162939069547,351.8676830527831,17.3711983108942,34.05986094521508
336.86555103180615,351.54177776209224,17.135002062364244,33.53727882640143
336.2594154600825,352.91470358523185,16.823118542725602,32.74931292230977
336.1126415394814,354.95122155061324,16.880277223771603,31.997375319183732
336.0081488295531,356.0895080912129,16.680517831616474,31.43131249189061
336.55080910211086,357.3872724852524,16.520040120973544,30.808539135940507
335.2196646795408,356.29493025263673,16.39510515019576,30.465841704199164
336.734482079128,357.6670109295899,16.21989387397062,29.69538945673818
336.6944152637881,356.81392541173807,16.070764198986314,29.810793585703582
336.67649578804907,357.00492704793925,15.770276551343255,29.89098666339885
336.19524656902195,356.5589560689197,15.50448824623349,30.07240310874259
335.7487507964834,355.7565439380451,15.497508783009774,29.65465199207376
336.46246445220555,358.07964003282973,14.773076771858474,29.58328890406716
335.41097246339126,358.60579015029884,14.281547810033835,29.709379172058558
335.11616360842095,357.11929395421913,13.855448967240164,29.588331647225807
335.5067941641814,358.23453396429426,14.000190358160651,29.530306461059944
335.7075741816886,358.6291573448862,14.079991712306411,29.00695935807913
336.97566693585696,357.7771628881653,14.219022878774306,28.03293923831777
336.16155068598033,358.9511771583825,14.192645698351859,27.535847587531872
336.68117069085747,357.6562320985551,13.874383471800696,27.178166906405455
338.0521965186844,359.8944476618188,13.471931425521799,25.467063233491285
337.98019723202816,360.6326487538716,12.722726263482727,24.350562477608406
337.9195194842668,361.6917476163544,12.126041292696826,23.21754083906848
337.26998882713065,361.72790608038224,11.668129340367578,22.586386020387852
337.18424955608805,361.897455605544,11.4775091886051,22.467143232271372
336.1485889879871,361.1302445781985,11.775400454201565,22.586663553563827
334.39714532724525,361.89743981182033,12.248632319142295,22.80297499061718
333.00349735303456,362.1463171209958,13.234612959946507,22.643820530957694
332.1194882595214,363.0958269190202,14.07250877148449,22.358211884615752
331.7554218096403,363.2427284990306,14.740331307477204,21.813584749985747
330.671730677825,362.85057634367394,15.133513131654697,21.809894675933386
330.02981853158025,364.1295416499416,15.491846091136406,21.620059461347267
329.9918771529929,364.45314212473903,15.389414639326692,21.888584219760165
329.1776747050495,365.3281353726338,15.450307023006367,21.89200043393155
329.9402691889793,365.07933033614654,15.42497309665081,22.1175005215546
324.21871459425006,357.9330736086457,14.859819651831922,24.491404357415647
323.1661313198375,357.4108856324405,14.24094903024684,26.51126706519711
326.13829414100945,358.66653962794766,14.39656845626237,28.912571989221846
327.2966534563887,357.7888693306338,14.302834139468679,31.651898484728477
326.46130457200644,356.955217299038,14.107458299834763,33.74789822663104
325.7876512035137,355.5723268863328,14.368537619828144,34.90721848075235
325.65559418421685,356.9975384882806,14.42777189767952,37.01463524267706
326.0275441058839,354.92021063665385,14.562129805810294,39.09883348743452
325.76843873452356,355.48706289175817,14.822207613960725,40.57401569597583
326.0968166510113,354.4915049109902,15.124626890848496,41.57910870829299
325.68755904711685,353.94193028371683,15.630893868656978,42.17831136860155
324.768961007331,352.27841854248544,15.88750828318961,42.55208778075176
325.1874853319368,353.60132094542195,16.120161782415508,43.104899002710816
324.5981376140611,353.2998580229176,16.473547464748915,43.14939131500464
324.69686448367423,353.5346331775203,16.7974712889992,43.004784548279744
324.2817241269896,354.65432646813247,16.89661949504425,43.37355989332492
324.36394916413155,355.2777450022989,17.252059252303276,43.53624583524593
323.3020875446098,354.7955120735668,17.26348543324138,43.72498537435075
323.72803062685756,355.39174007243685,17.765236964058367,43.89147713051699
321.9624482733958,355.2581133533363,17.881606749106787,44.00821024401102
322.27725914414026,353.6235863567401,18.30690138945384,44.136082291402694
321.6651041801753,354.45394740595594,18.591697157227454,44.06170968027561
320.32801214363855,354.4117641808443,18.433682133621392,43.902172016729395
320.57275921122107,354.59010240572877,18.601834177655462,43.613954124089375
322.2142794105415,353.9599816886936,19.168159013389687,43.63479278716367
320.31448034144034,355.2565312687328,19.468367503154504,43.586111962046196
320.38513786098264,356.4374349598957,20.077227940144105,43.23808326624376
321.95169138764396,355.4553025482168,20.46162271787613,43.644967413332026
320.4674227949695,354.28800320727703,20.459945059475046,43.84295415673503
319.85071860113857,355.5417638596216,20.736444267449397,43.82157787157713
319.66391152432965,355.8825001514821,21.166271799973508,43.8123464987937
318.6974655651398,355.9621165937687,21.594998068939134,43.49718404879066
318.31846050871957,356.1398169836895,22.24354162904527,43.48705914785535
317.6672647346569,356.22311868268764,22.223347117600255,43.398122986187204
317.62413966838653,356.0724170271594,22.156139608539405,43.171053396853054
316.25056009955614,356.4697252415072,21.56314219102442,43.30046345741532
316.1814069464989,357.80539366037954,21.12863355573265,42.99240786967062
317.5642998084545,358.1305329668013,21.890206840610503,42.34971287499119
315.74038133205386,359.07459087990435,21.961086090775147,42.162829958941295
314.2748355596425,363.1150776662587,20.846004539894732,39.98101104931851
314.2966241603838,366.46587216130797,20.172269867709055,37.792865052384
313.80642901884164,367.48784276289194,19.113925714758153,35.84053761874735
313.85430350346365,368.2797141183495,18.478328417877343,34.565411546015824
312.7792076966919,369.62660251948284,17.645205517260738,33.64231803232342
312.54455940242667,371.44473109742614,17.462188873369275,32.68706063229614
313.3122772529516,370.51073080495075,17.362200865190477,31.96567523091879
312.08064569105477,372.781001229983,16.82798931857409,31.527978619135506
312.3069300831311,372.1528354853441,16.440278017331536,31.167481189956337
311.10973887500234,372.4353823063336,16.214108370600844,31.00193131018435
310.58718015427365,372.5902848042806,15.625261273483888,30.701594392903637
310.70656969625736,373.4191851583124,15.125404308657139,30.53807163894154
309.4485259118444,374.3769696490193,15.08942125980727,30.761182161922346
310.7012821896167,374.4659231319391,15.340569165688494,30.14043461991083
308.69647967918206,373.63703547007583,15.8701555708351,30.004119672641277
307.94324840964737,374.8978538422803,16.269318305217038,30.285064715341743
308.40416464620523,374.958103863437,16.931660941964523,30.006323401055738
307.71969065622335,375.4418178947825,17.103267002982992,30.048104017563936
306.3854774822231,375.420536945345,17.37689507217487,29.932066062923184
306.0650896652505,375.7307389297954,17.548073843327067,29.634248153592843
305.3619727212492,374.4711793935077,17.723793204962604,29.24485892538685
305.2875687758101,374.0986196161938,18.093075339004823,29.45015304056161
304.60500724725426,375.3168264657188,17.885764924436813,29.80506014229285
304.8188795515949,375.2726573813459,17.98586760579458,30.47246935596055
303.5967087370204,374.5527202607656,17.746874884357652,31.139600372023427
303.4682259983466,374.41709885046174,17.74789706336535,31.671722709232753
303.08882717000085,375.48819832199564,17.691493914392787,31.738241112356388
302.64648467053536,374.91562463322913,17.74329317113634,32.13400647084642
302.64462686374054,376.35440909069496,17.959723933651734,32.0981505075749
302.0219468673931,376.96064428680256,17.84237488093646,32.559691345828455
301.7434453677071,378.18024207972996,17.847528515073996,32.69809433175095
300.92157727617786,376.86975002301926,17.511398670300515,32.6005039212466
300.80900702865245,376.5541461208366,17.21657303986308,32.40851531447912
300.95184744651664,376.0227787093154,16.620307182162,31.97891767902545
300.9296293295029,375.28145592985635,16.16262244450977,32.194847234525625
300.91011213315215,375.50418959820433,15.909275550590278,32.13905122351315
301.16744548384474,375.04566079092183,15.50183235994727,31.53806532001179
301.0930358239253,375.7000555854659,14.977243171485346,31.900479344204882
301.1245670319955,375.5954801110273,14.604068755833183,31.19092149181256
300.6372150835462,375.0668365154489,14.277854073630227,30.062699954941998
300.3260141121873,376.36067560073235,14.03225980052774,29.55785412080089
300.2107048156442,376.1727604045827,13.811561560117845,28.9129020423971
299.3515146467807,377.0886753845814,13.377216678118277,29.104799499391856
298.71485931817983,375.7526110127683,13.709456778679453,28.636249837256393
300.1633503078755,377.95134456060487,13.450688910616247,27.243627407110626
300.505773234683,378.7045759084301,13.130528115594942,26.890553688510913
299.9040335122216,378.18586807018164,12.84653502633805,25.86940613258596
300.1353636003472,379.1302720902673,12.897287325672789,24.99621546302008
300.2108051209057,378.66459440516684,12.651494616587053,23.895725740447553
299.52421514108715,379.22830657443114,12.283799332083504,23.063185129946273
299.7606613055128,380.71634389035125,12.477693197079786,22.151258447324793
300.28258597643924,381.50129245644155,12.639349226320803,21.806146166218422
299.44387023635875,381.1571172576629,12.480797430114484,21.185292462213262
300.17211160200725,382.08776523305676,12.301772889735556,21.107222524609174
299.9258653876468,380.83237509376755,11.72766833359307,21.387556941371137
299.0160945642556,380.7648550781876,11.286872150785735,22.088141100948935
299.0819984300025,382.85515346815345,11.259098843119986,22.588788217501673
300.0665854622152,383.5826920094571,11.28722397303055,23.00321034143736
298.4619053922051,382.69854010550176,12.262773688246035,23.023215504328473
291.64592978671465,382.323924464525,13.414057784969096,23.806252633449937
290.3901928074593,381.0158318743092,13.295381902171258,24.547208932045734
287.40325111802264,382.4890372480423,12.445130454384358,25.58540206641544
286.95140038026835,380.4415415422486,11.614289083213336,26.473438521948097
286.4635916935696,380.4361377145591,11.297052147528852,27.555207175862297
285.0247820540346,381.0818828213905,10.983829751794184,28.485945966105753
284.86082287150373,379.1968204900368,11.107089608555011,29.151776805570876
285.49529319175264,381.50454738370206,11.080107586221304,29.41002602117008
284.15607193133764,382.2208261483841,11.35157531457077,29.018651963485716
283.13419423409454,383.5792013817543,11.837850850658635,28.074682868815643
282.08821335728135,383.16869648505275,12.464678937292824,26.416948155382745
282.84720284359855,384.63868003288775,12.929037916318537,25.43648423354088
283.6640810088636,385.23435748034325,13.090333160495428,24.748318425543964
283.14177340203986,385.13314875462163,12.926406504025696,25.012595007846624
283.769378121855,387.5150911583406,13.16727555560631,26.73715166769375
283.28973401746464,387.60725429303903,13.322204328352026,28.49915260776956
283.92087572023667,385.9487910042518,13.590858117632092,29.79524330887924
283.70657432858445,386.0899385300051,13.798017724667082,30.744096023485856
284.5208414866901,385.55613712818916,14.076618418221443,31.695907506316967
285.2721679512836,384.6528685615672,14.196737705831179,32.827517881748506
286.36060681304184,385.41173361224514,14.541039181533481,33.64537432824409
287.12008092320195,385.73993609225573,15.056209613557051,34.11566309380889
287.51404936935535,384.11214653630594,15.324440323789311,34.63097731313025
287.6256734752582,382.38731933545375,15.641589756026478,35.87685821629949
289.3584084592456,382.49477190467076,16.19804666793457,36.41070948655687
290.62662483120636,381.5083934745976,16.729347688661484,37.50472794338293
292.5914897621428,382.709988197368,17.62331777796041,38.08365519706088
292.84340234966754,381.49025253043425,18.178452563848488,37.93966858415103
294.7715111547483,382.7295465210643,19.095779265210435,38.316541723496385
296.44028654302247,382.6690960183181,20.279270358779282,39.5187034101411
296.5743858962406,381.1568072869834,20.51961657421807,39.941764149177736
298.50478264228974,381.95571896604656,21.393709251553286,40.07888036624675
299.80891980854454,382.6688123886136,20.97790928427813,40.20160556945249
301.3200208870516,382.34176912160603,20.40361362140458,40.36092586811609
302.80187158930306,384.22807271192545,20.00116099619857,39.44995961765306
305.07536979575616,383.17312621180884,19.32268722733535,39.336273211148
307.2826395335993,384.77501796571306,18.61403459246941,38.74601509396446
309.75242844115587,384.7023734789752,18.522959890149227,38.060951284237156
314.34324502360664,386.10279103293686,18.36511517739608,37.17263753861844
316.0057747150733,386.64164391011184,17.965028328642514,38.10969466268651
319.4075113106689,387.0250269435113,17.987292136962942,37.48924512420781
322.98164151310584,385.78439994782644,18.29742101431561,37.23439224301897
324.9760089227937,387.0948153634661,18.041657386346195,37.22072388732551
327.09300336137454,386.9820294187288,18.126004996000905,36.77081207318687
329.34758115482464,388.48133070221775,18.272099958417115,36.58951602476374
331.89502006261006,386.6763259223943,18.67301071706501,36.062082041930125
333.84353260185634,386.414893567528,18.700241009666218,35.01540482051046
335.5643704418527,387.6319055279888,18.844144248130494,34.44202237908095
337.1820839000528,388.2841005042568,18.927214035831827,35.09930997781453
338.1844524193236,389.1254364553029,19.426726570044302,35.17413777054647
339.9143785804988,389.5392265207635,19.5447856246469,35.879608176734635
324.100649493637,389.6479704273026,27.018976891632313,31.47258331531664
320.12283924611194,392.60410991649024,33.24871390279566,28.767083816921804
320.5410162470589,394.18528132321705,37.906302161643936,27.51826181645655
321.1095568755138,396.0960271292161,41.21222932758563,27.997002138052117
321.4454229333867,394.5320199466111,43.84814491691805,26.998215966152802
322.89089017760875,393.30015276327794,45.76053989624728,25.960638076959746
325.4545592669297,396.2000781254862,46.59786236213667,27.407369383793267
327.4543766281061,395.12456957594213,46.557807107557345,26.80702845065477
327.6838587934059,393.1982991836001,47.04394165391087,26.633385153307557
328.5185901866306,394.0179339379828,46.92992930691454,25.94417362794067
331.5106113294351,394.60973628276713,45.940912656071184,25.236109099504787
331.08338118725175,393.5590845049211,46.032708145516,24.51465874894687
333.92122504084927,394.6845098304288,45.53922563851635,24.387755241486133
334.10810348433796,395.56077667061663,45.320940553296765,24.287199100172998
333.9031384399493,393.47054221930523,45.14902249754275,23.46046585435825
334.9838772683242,394.66549583299894,44.88523466012897,23.22535904200998
335.1355154399286,394.28836688560335,44.94008209621703,22.78866845047299
334.806654286169,394.3702066120547,45.00301680607988,22.583958113781225
335.8751195428237,394.23631701824684,44.83564500859089,22.757621090459395
336.2897543198899,393.6893214594191,44.864789150747626,23.1680947520603
336.40221468973255,393.20074764742026,44.86188379192161,23.430993718831346
335.6842221783336,393.28470684693923,45.03598221803985,23.340971437957467
335.5863934269348,393.29740906237737,45.26388154212643,23.22969054223748
335.6775342065268,394.2029653042042,45.28405359622374,23.9917439521385
336.49552565067415,393.1051847371463,45.076705351483696,22.311679475902686
334.76554429972504,393.64682580758245,45.56233333658506,21.697208370186686
334.34048603411037,393.1494521247672,45.82373526820504,20.583679368629646
334.4847402213073,395.52880334157936,46.06136519947533,20.725855841255374
333.9092113893521,393.4972387679238,46.14810706748716,20.717817996378976
335.13870295304736,394.54331643727994,46.54096109829983,20.677039000440075
334.115115036791,395.10199685652805,46.66432406460158,21.424042785967302
334.18025759354845,393.11183732512876,46.54676478116486,21.07593167298465
333.48988433669615,394.2610953893523,46.95618255951791,21.46786049082664
333.35041292239157,393.060537238048,46.70721706293175,21.31404515281016
333.664012138903,394.92675466913784,46.479646315455724,21.695700256450863
334.9507507298815,393.33529691660885,45.71995087177988,21.079177284946404
334.6581837399926,395.0384791189874,45.51831116991717,21.87406104913449
335.2256349117572,393.3466791606017,45.22409180978644,21.865418534265352
335.7429199445362,392.62064497322575,44.867454483486256,22.095502045735998
335.4953193484814,393.33463900867815,44.942550695127046,22.288149961159334
335.60331371645754,393.10763243727394,44.725875313667004,22.74014894381146
334.1362260642549,393.3796513771154,45.15107845010346,22.937596659831726
333.90969459928573,393.4223899324958,45.30577101871369,23.434257610594337
335.3072515192923,391.59916887189274,44.91300092870046,22.455776025745813
334.38670269936824,391.0943131431176,44.615014706244,22.330904963764883
335.0717046038607,390.68940155433125,43.9292607751887,22.188335563212448
334.6015323917114,391.2259764283648,43.66413034597181,22.00962551241102
335.87805373793765,390.4630136494521,43.10516724336294,21.662900923752137
335.2146829399378,390.0457666722658,43.11231350244866,21.669071513866797
334.8542068814247,391.0307757248545,43.2031539251388,21.762209536619185
335.01149841447307,389.3318438666843,43.011495663729654,21.413117381377482
333.3725106995904,390.9423621274201,43.559421960194136,22.135348682171582
336.3336542844006,389.1095174131615,43.19037270561279,21.423009241059802
335.6280911777578,388.2092051776115,43.10491688764837,21.080231612550428
334.1716377243122,389.25092391032115,43.09433136289914,21.146284503576464
336.0138532326838,387.4780150632219,42.6270939496715,20.85413527882965
335.82429891232863,387.0743518621377,42.495338332569254,20.033669322599593
336.06487429683995,386.8903458236378,42.477719057687246,19.515954470888502
336.52468027691936,387.0086533196695,42.348878581903435,19.52709643683289
337.30979999191976,386.7308792103748,42.14384300932459,20.255992128566866
337.92799547211285,384.6522788972247,41.84724086729769,19.94700623142957
338.25796685654694,385.90105680334375,41.74744824491391,20.61596958423042
337.7535360858308,384.04300067694874,41.69692257931502,20.41295341905175
338.56337965094264,382.474413647156,41.83862613512645,20.18043753723095
338.48671448862194,383.20917549760304,41.886235939748275,21.072653948641534
339.72705623350356,382.1161435194438,41.67065865115697,21.47363794890536
339.76889494969464,381.6764525340563,41.48885194631384,22.36821767358662
341.4570102590998,380.095704095944,40.929058095081714,21.47916218164717
340.99347141894094,379.9325905584241,40.82690756495014,22.403030247897796
342.61964755601133,378.85219946483886,40.53874291287966,22.303756893076187
343.5692826829902,379.6691760180018,40.34957092552349,23.950229812140897
343.25173431781207,376.83308984161437,40.77804839318448,24.426692936400215
343.2106235271861,375.214102368895,40.573130081858295,23.877436436526374
344.59716618849313,375.08511413751495,40.36019490572863,24.024023739130307
344.1208453427704,375.489298080355,40.37542814990846,24.94853549212199
345.83242399957453,375.34074993278847,40.3249057239955,25.7969623536613
343.2413621694576,374.16562020447236,41.00973018989338,26.24048352904352
346.37866521465435,373.2096961797394,41.02621601844527,26.560702550189102
345.41595373918983,373.59867485254307,41.36710527796797,27.07781966747244
328.6303436660412,388.4159062506387,34.735269088816025,31.396680235538962
331.1306850461245,384.3971433079779,30.229657739782244,35.37079059351691
332.72817595076384,382.46194459011735,27.484566067222293,37.406623820253515
333.6037974117604,381.9350152533314,25.548951196986994,38.123705760426965
