721.0,230.0,27,11
722.1913104653748,229.55930189862175,26.337151408117506,11.446978478147116
722.6970214363323,229.66498443102748,25.790710545304158,11.686770029546633
722.8950568416662,229.600309358392,25.76510024489015,11.660839107923021
723.2300143123238,230.46012236914726,25.650284790879763,11.883305981920312
724.517069110912,230.5616658957702,25.58722255698474,11.982144587854135
725.8267128497578,230.08280867152772,25.106050008492264,11.86570132149536
725.436329421731,230.4261146826079,25.434126740034205,11.65700983156154
726.3227827254809,230.50850740148874,25.69256931466306,11.521132169678776
726.8483507397001,231.3500625150086,25.854674863373265,11.708718964123438
727.1113699174618,231.84176305386148,25.02930484281073,11.594611099308295
727.4395175481071,231.07629912806124,23.98747338767246,11.595418101299423
728.9743723582541,231.7533167389118,23.265595493452846,11.765346807820972
728.1288697150196,232.39173795753277,23.443478221327965,11.922548254856318
729.0450836198776,232.55219763538014,23.003262325674573,11.983525871817825
730.2883690054362,232.31462668846984,22.274252284537834,12.203487406751716
728.6185488980584,233.0983208690642,23.46029752859019,12.601049607086452
728.3098753089079,232.34321912384337,24.176277519391398,12.5968411712586
728.0364169441011,233.21728644720818,24.93741238865318,12.580701153435227
727.6717114917406,232.27503390061608,25.51095476310093,12.465412240271727
727.9016154312746,233.2626202047358,26.03124179370066,12.710843574903377
728.7332952979013,233.59193859027224,26.448158549705177,12.78480415490474
729.298566262243,233.60124293831737,26.77117649651016,12.518987817212906
728.1164102700806,233.45343331666098,27.685293168335026,12.50853101072102
728.1543114358011,233.8672446583929,28.253465141093052,12.609703188097027
729.1921152638907,233.94181771874392,28.19559582719892,12.583207213879344
730.0638879828967,234.21104155062545,28.035065831081404,12.470662870428786
729.8631625950707,235.028246914511,28.287339055464116,12.518388678302234
730.6261742863314,234.02977964498996,28.289758055755044,12.68770175738334
732.5276569098555,234.2311349140724,28.266082054312427,13.247256233866878
732.0564784200932,234.5724081067267,28.057598274559616,13.601552194749747
732.471919920481,234.49595395750396,28.104141421245096,13.920033613312391
733.6647605343171,234.6637202432402,28.351570239959507,14.072263493011786
733.6693727055264,233.80915096869612,28.459685985431534,14.525542667099938
735.3153832911607,234.3943779509396,28.842606830764545,14.899560443335659
735.1819224542371,234.93795346152203,29.06106659054923,15.159600279104378
734.8460405338412,234.18612283560122,29.366695787786263,15.386161921571002
736.2598180036906,235.3716238173671,28.81592002289225,15.981781356965056
737.6483315466271,234.94494282814276,28.463651848151926,16.04225087935902
737.1178671610683,235.07929647193725,28.570814750129063,16.1923668339575
737.5773448971304,234.71973618633015,28.4577903693134,16.161693398824077
739.508158835668,235.947586461649,28.529954606495853,16.307135731487183
739.6973409629901,234.8824340532714,28.32731819609016,16.142144832910336
739.5968706145203,235.64249523372547,28.346000287072677,16.124929271318607
738.9362301094549,235.92593605440925,29.010817674156684,15.844600059150277
740.3433208749432,236.4917902787241,29.334529819937973,16.008347543137724
741.814986625464,237.61754905741344,29.443314712939188,16.12438369669653
741.3141960570763,236.5052345730419,30.008677587995905,15.908422760654513
742.5449241855864,237.23179068096357,30.238001970624126,16.09967394813147
743.3376387953874,237.87610049588483,30.42278301713521,16.12553033147253
744.3844240728109,237.70152628134008,30.26014355359679,15.966645008120647
743.8200067177114,237.60631487802874,31.1330502242452,15.682420292770653
745.3273669196083,238.28241967582187,31.76405888539293,15.742144596110169
747.3044004198268,238.59728383455646,32.204309511908924,15.926663409988656
746.395273692466,238.75777603311133,32.88790415315393,16.035084225281224
747.1730105447334,239.25232871870168,33.83394869813074,16.191486666600536
748.3345433875487,238.5582562485339,33.87092939921909,16.745296279787652
749.3485400861275,239.27376713314453,34.569521390244915,16.996945103828097
748.7546406521802,238.87879092944365,35.413493964194316,17.05875572656189
750.3735280296087,239.6664157624155,35.98484701695443,17.231377459543957
752.1311935499517,238.50068194515814,36.162684616405215,17.888879639957143
748.9625974169537,238.3469473950847,37.8915394800575,18.04407365465481
750.3136062481769,238.84754537543807,39.25108340208365,18.44822742539339
752.0198783694892,239.39069645871774,39.5646210076037,18.87066091557233
752.2524919238404,237.973416973146,39.6266232079833,19.547581336911133
753.7564193596804,239.44059249570182,39.82133639050241,19.96679932256122
754.1454393014415,237.77707466660206,39.253951719382684,20.5846217239248
754.2805394625115,238.78770310311006,40.29637346755512,20.690005170732995
755.3971762768689,239.36022284458434,40.3683061376685,20.807157460245364
754.901429738937,240.8168106306542,41.21496278775098,20.725547745039275
754.2305080679572,240.63486351594094,40.087972206370694,20.42386885434861
756.7846577543228,240.5915101351717,39.830975934225606,20.182595574383207
755.0031553467534,241.9273050028217,40.43281436752847,19.92113157150503
758.8787103505425,241.07209596160027,40.268130141200125,19.741214570940066
756.568288551042,242.59114460790173,41.12520268307226,19.536788848161383
758.407304332797,243.28023347249479,41.42384043108565,19.695438206377638
760.4899498013443,242.1005658773022,41.31622771664722,19.48722273758313
757.1674396755318,244.7890694604365,42.238622235850556,19.063104060084026
758.6555681742875,244.12352888053942,42.41502942290947,18.659459267729716
760.2105031672196,244.43432489290745,42.87126051126386,18.725107843579597
761.4329810689773,243.92270134717677,43.68278206370561,18.576945328107392
763.1322330317554,244.86677328766186,43.786109192836825,18.70435015319189
760.5619137964691,246.6913515661696,43.14375053206196,18.53520458250454
763.7265424575749,245.6403526792983,43.716714889537855,18.190554712204168
760.8971194494482,246.51748103178986,43.71485533938488,18.06576883241638
762.5083999924263,244.1792864100138,44.69831842335043,17.762772699991984
763.374836638502,247.68852535280666,44.732649415867215,17.87867896967965
768.1489479028271,244.1036619472285,45.07145081299821,18.943379535718826
769.0589954474123,246.24868766222505,46.48933179804654,19.37595383814755
781.9687355334405,238.6333302700681,48.22864374024791,20.202341229883334
787.2488818569392,236.0392095660481,46.47085658641468,20.025180416243625
789.5782505714016,238.16626931796839,45.392136247333674,20.55821606377023
781.5084285534147,240.07964571679912,46.23896412119801,21.458834481929113
778.2248970271562,237.65571475264355,47.820873975472864,22.726313109458992
774.7413490026565,239.1245230075684,49.719549614315895,23.91641266406243
775.3660984669023,239.32650739299254,50.966892116488516,25.099098556300078
777.8098178643261,236.63150708136615,50.72364887828138,24.973687802599727
775.8101740405025,238.0510121424118,50.35811413823319,25.283542426602192
776.8759202964366,238.60642715277172,51.34271049355276,26.349348148069833
776.007121187786,236.67991660445068,52.939836298744495,26.56389573396976
776.6568883625738,236.5556766114187,54.514493233348404,27.081342394838394
774.2176240936923,234.8923338444826,56.06448478380688,27.16872433984335
771.2318830619349,235.65640443368383,56.99598881997785,27.464237336245592
772.0095167658213,236.27944902297733,58.93937863876754,28.011818811955468
767.7648364444342,235.68036430462047,58.00829860771366,28.899136197887984
764.2270818441852,235.109551938191,55.85327802305528,29.371785100668752
762.002544378324,236.49340013648614,54.37649541083229,29.464135090797235
760.5425161991491,233.8583600071533,52.454739635393274,28.487557024267655
759.3980074534171,234.48427592673116,51.55009257607603,28.018745204643153
761.7130220652039,236.87435938754544,51.171680784142985,27.914695226373976
759.310770364289,234.47396051778097,50.317309674253856,26.91425395223103
757.1020114779747,236.29898880508972,49.767130303328145,26.75885680144163
754.9557432757763,234.00252709662993,48.445195272177926,25.34276227402529
752.7661365108168,236.06295717989735,47.854331287448545,24.586693977607624
751.8044292790216,237.4283794091407,47.48348000396845,24.11627127205068
752.2691179817537,236.61244600937488,46.79043072350433,24.027282358691647
748.87461018,236.1989702802032,46.54056693248046,23.743928030902172
749.4647423730855,237.83923738903334,45.6808897045125,23.478362685312216
745.4450471727835,236.47893842587024,45.77566950941343,23.343629190739982
742.4103749675036,236.4149595469674,46.48408252348895,23.428206211241015
744.1545185780757,237.25891501405613,45.6469030904306,23.43994127315725
742.639944094899,234.19464781288121,44.897106133932624,24.019632291718054
739.7081708368866,235.5449490009218,44.23797808941055,24.275054085558757
736.4785225156816,236.9196720772234,44.776269482797126,23.971530784518038
733.1163322336826,238.64993528993946,46.257135032146564,23.61363497432029
734.5405134113677,235.6903444873384,46.06876108009678,24.391794851006797
731.2316550835052,237.48451493847315,47.43756110984511,24.656206634284178
731.8790605079375,237.58767325774366,49.55862855687893,25.053207256485322
728.1048149103066,238.59450729348086,51.39801330682835,25.089252319776563
725.1871722061495,238.64278934419715,51.64005225518147,25.01531700252366
722.1449667449019,240.7938520133032,51.48836393451267,24.80289808521004
719.3614472311592,240.97956755765858,50.78884717586523,25.835412919350816
717.8171503757493,240.71404612263765,49.93209786910683,26.54020762044733
715.5068403601981,242.34659684861683,49.33885071270933,27.293508268098392
715.363243572192,240.43612016003857,49.14821530922938,27.58575986302835
712.7926060812704,240.96481069281458,49.09474236626788,27.964948011343466
701.4498605227227,258.9355744928995,53.20248995308971,26.310529786173703
699.2717334559843,258.436130664385,56.309125556293,26.050338463710467
699.4787578650369,260.9455781688546,58.39353560049277,24.704249240904062
697.4887502867281,259.61736651828704,59.91169772976646,24.957489558640784
697.0771449929265,262.44070435652526,61.143721793932244,23.911796548179915
696.8452771048738,265.3584018465793,62.37955229659988,22.644104815142214
695.4387092174304,264.6254441238575,62.862884604689995,22.12761364437487
694.5877654537394,266.80188971749993,63.684828284415815,21.69838273541027
693.4165111909958,267.0508985068607,63.946556780606016,21.69381913618099
690.7377034201163,268.149235157116,63.90228633603702,21.92436141184227
691.9549748729254,268.85706380213185,63.63012746362182,21.597495015365247
690.9069226823399,269.370765581244,63.89772537506636,21.911659450304988
690.2536899323488,269.3456421402774,63.85110249614209,22.32315816329288
688.7301946068796,271.1678034460256,64.05029956797897,22.340807597694933
689.1104324046474,270.87694422428586,64.2341293923653,22.640360513830622
687.8670440687285,272.6079470019482,64.38155059545318,22.78411362549813
687.4439460415641,272.43973995753663,64.82105414489905,22.800932377407218
687.1345501402889,274.0718942449181,65.01186743182451,22.987246361238064
686.0258529493246,272.84586612103726,65.29608005105786,23.583116695913727
684.9614811556705,274.91916499936684,65.64305483953774,23.760768206832758
684.547653025642,275.8555859738024,65.97463260838383,24.165239490383495
682.6199176165127,275.79631442215083,66.54880765027534,24.826461426694436
682.322885802471,275.25748640170974,67.07011737210892,25.47623050468598
682.6814076184775,277.03850160599865,67.29928650865051,25.895157127358214
679.5131284705816,277.2600068124141,67.8902698532704,26.325269883472583
679.2934516397672,278.4644671418814,68.56230478931315,26.34921055266296
677.8547921203343,278.23360171688057,68.98530864263223,26.47741479133649
677.6710060610001,280.3822674261641,69.49054555622256,26.42990026730065
677.4825659504447,281.79489652509943,69.86428246678634,26.37180820712539
675.3527362942016,282.8034527006955,70.5619300605226,26.628087579565943
674.891245328704,282.16474914889255,71.28892810479906,26.95119475641407
674.0139518362873,283.9501775883649,72.16465461599964,27.380917711453797
671.5659588492083,284.87744570716995,73.16372896906381,27.745879154507804
671.3410113962796,285.5744599806712,73.68820883585892,27.982633688560014
670.5632690040694,286.3680252183359,74.16331031949794,28.315180947605533
669.0913776275403,288.2398334066001,74.24269793095456,28.785752193147466
668.7608789700516,288.6793303324287,74.25907244319754,28.999714884458996
667.359632437569,289.7260053111128,74.37456904820192,29.24511004427834
665.3946623238724,292.29075363717925,74.50929748360288,29.598142078668815
665.2761857185125,291.93001872631004,74.87204415135399,29.714188926774458
663.6927763877285,294.5268387014289,75.30656300823433,30.28002468454452
662.1642424071018,295.8670896536076,76.00988646265182,30.543492506749658
661.1692808094881,296.8933851214254,76.60588875944174,30.731166463692137
659.1035340619159,297.2699098486485,76.9710248327113,31.24128534420682
658.8899896908465,299.3892984456419,77.80358537660783,31.942129121899818
659.0686701217635,299.8217609093124,78.31480056457855,32.256189790261914
657.2062469946384,300.77744502838846,78.89975424070377,32.39784584410198
656.4161773248857,302.1839063097009,79.3265122325528,32.39089251975838
656.6040385207472,306.2109491160256,79.64489689649396,32.4342495340621
654.935026670845,307.0404954232426,80.25380987852478,32.580210630565645
653.2898579067225,308.3664995894793,80.71963873977754,32.97669472973283
652.1179039528411,309.87717553445106,81.1882872481264,33.29205853803149
650.6826488349117,311.8872008408418,81.71063769394613,33.62581346724224
649.0154899103093,313.19710239491945,82.38161020623694,33.73930198506339
646.6389820779337,313.8342015591692,83.10841127137866,33.93983510187644
646.1770215855578,316.7427576967384,83.38761790066184,34.38090153767554
644.2204002711513,317.9617757867585,84.08941948943556,34.89270971798688
642.5622322071608,320.6098659355997,84.50887451390099,35.49486010878108
640.5317703559379,321.06541878500735,85.37003014994066,35.715590347465714
639.5863032836185,323.04206198917154,85.84868707289978,36.28244554069987
637.7944356826596,324.4495690573134,86.58736001895812,37.077599861447474
635.9557776784453,326.22390807733336,87.4309815693789,37.96839020519653
634.7190588107211,327.7937836391522,88.3390506524835,38.58617692335574
631.9794250588035,329.4862815503101,88.94772794635784,39.62317817135252
630.77322612374,331.11058069583186,89.92419747175835,40.2350535131214
629.0114067625267,332.98221807734654,90.72289112582554,40.85841693368584
626.4613713136273,335.64396807715565,91.4351141232338,41.278416689926985
624.6273764703567,337.0438848077033,92.09022539180623,42.275915992503485
622.8515933320105,340.3394585640197,92.84021696146728,42.24552897791763
620.673354275966,341.77997891820013,93.71048901886878,42.70579686330679
617.6109585317661,344.0569338847032,94.31495580023741,42.945954313113084
616.1034266233016,346.3958944159612,94.71222176560383,43.35509990098769
614.3022259613633,349.0565706713605,95.01890775744907,43.60018415776733
611.2973907839798,351.48931354997717,95.4733718133879,43.78871451381525
609.7244788564045,353.3166388625951,95.80068370564793,44.3055116424856
608.3452801439937,355.7258222914447,96.20159822031349,45.08818848595828
605.934241971653,358.1245671161587,96.98360498491657,45.743701766217725
603.9545878706447,360.7116612241413,97.47642148771465,46.6147711186119
601.3047196277197,363.4790452643258,98.4054609520802,46.97850157339914
599.0081298645811,367.0740453897641,99.38044589827926,47.76063877369451
596.4326722326294,368.5645586777576,100.34074836921386,48.31766761762931
593.4991267457281,372.4874944247804,101.46571287817277,48.348993389208744
590.8118364721593,373.4792906592797,102.23940231202917,48.814894328413246
588.1652342644304,375.60625897817727,103.00816214740868,49.981123706243125
585.0759010025321,377.5274669993211,103.5398560149554,50.77484657997108
582.8192892223658,380.3344403758216,103.88620945810038,51.796489426579484
580.0668656319812,381.79344959537383,104.37649975410412,52.78639945427187
577.4179023115893,384.3027447819069,104.87263806480965,53.84813134683079
574.4354873325799,387.3934190430932,105.25574194860965,54.83069273656747
571.5248309782874,389.2627263395341,105.84133688375732,55.74021046790449
568.7172154335252,392.47451954871553,106.4477483932034,56.790287379619656
566.2014688202465,394.76927022707685,107.0947201353859,57.9307054564909
562.6527264316511,396.6897967705486,107.9421438774204,58.982474635172345
559.0347112608149,400.57430540085267,108.46088906284297,60.24965122222043
556.0932910865231,399.6591907322575,108.92521134502029,61.77092059847325
552.0408262355259,403.0793391620411,109.39510076381154,63.29320308460923
548.7269633524554,406.23472501991,110.02426085612436,64.0813693571526
545.9342610460643,409.51117586580153,110.57756097671894,64.91005946224465
542.5422728719088,413.5097599582931,111.3799394246393,65.5689581717927
537.7541880125382,416.1699326456835,112.10707960236499,66.22496167396501
535.3062659169543,418.9308591092805,112.7113588521265,67.10594077802106
530.38555010071,421.91895387375615,113.55535396117753,67.61577419828852
526.3470154225323,424.7586180517989,114.34287253628294,68.40791190665611
522.3086705069228,427.0244921886253,114.91867735773639,69.34872833026898
519.2563210973136,430.1078191172293,115.10769624531419,69.7989567972796
515.191795127993,432.22792625604825,115.8645558011429,70.50173568370431
511.1181455365151,436.4429533176127,116.34873852902062,70.91436344534101
506.1442478349927,438.9554293186493,116.89489208636223,71.10086774209589
502.7962910365033,441.8137087004924,117.08009401341913,71.06262318739411
498.0849857936792,445.35703218117266,117.32631289750486,71.1814510795492
494.1047462603359,448.21758262080226,117.61372677864465,70.9863206592744
489.7893328002632,450.9754284302518,117.85594285894624,71.07713538803159
485.0287273339219,454.39810065497954,117.9232963697539,71.37333146591979
480.8141120308192,456.18770789813,118.42860729822485,71.03471756555645
475.2775524467165,458.7704056464751,118.53404458166455,70.94781327980363
469.84064301131696,461.9477625532393,118.76058562043247,70.75285898775974
465.5661575745833,464.05203664192027,118.9880232907748,69.95465016586647
459.31253484603855,464.0376565484685,119.84094135528619,69.32926606566073
455.39674303066295,468.09680050134256,119.75592952705297,69.32593787670942
449.76483330912254,469.49157442893767,120.0977518998213,68.96467371292549
443.1848058628631,471.8352986617197,120.76775552280895,68.42520498368951
436.464161958796,472.10978743452426,122.25469762781816,67.14099794589293
429.83179371515985,473.69774519062,123.09835257212174,66.03685977745131
423.3856553895455,475.76688687352,123.89443781710045,64.634538325714
417.93878370953485,475.86369501430005,124.13568483923103,63.588901780481926
412.318637267547,476.50006476292475,124.53280755719122,62.30346697073249
403.89646149750837,477.2870776627664,124.84603116758095,61.579569344877356
396.9527040958385,477.82280989293776,125.29720563888935,61.467699611097146
389.61801166049247,478.2863380609876,125.24637566583141,60.784844935153714
383.27184332089473,477.98689679250253,124.9959938391676,60.93606511860818
375.1576716122795,479.73489488132617,124.94595590874174,60.3295342729922
368.4338210241358,478.3676386379066,125.20948350104487,60.226980109440625
360.53624253239946,477.9344367347076,125.29065122670497,60.31536877911995
353.5736558359864,476.01516510027454,125.33359195351548,60.10242889368915
343.6333457973318,473.85618184786733,125.47303161090277,60.246323132878594
336.12157397112765,471.69876648751114,125.66433039026418,60.77416654890353
327.9934402520947,467.20835447108874,125.93909148067397,61.63462925362335
318.30534542592864,463.25450990636534,125.79834387714658,61.8177395256482
309.36262535985463,459.60263514604594,125.66178083546646,62.12985086269329
299.20987076538603,454.1631676995228,125.60852537596625,62.23540929089588
290.05022133691193,450.3081111815456,125.78094312939876,62.382350940131424
279.95746940575987,445.6742758308167,126.24540817334355,62.110898106432906
269.91450733276224,439.7335842743675,126.58969413574508,62.48565890487827
260.2773350112772,434.00266659006724,126.7438605560588,63.324722056681885
250.1398441308143,427.3163571652493,125.92780838143777,63.849471033270945
240.79105815799753,420.9550350452164,125.68604927238384,64.2929099510711
230.55836186234896,414.32584811827826,125.48145895352472,64.85185143190046
219.00618392207497,406.50346034395375,125.67477357430712,65.47221291804956
208.9990746565971,397.6262509514126,125.66619547440345,66.31436974024119
199.17873294162632,389.2598247228202,124.87880883598564,66.94117361344162
188.8356295158893,380.2692201460665,123.47236432027219,67.76738398765215
179.26062084835948,370.1512930579886,123.45984503423806,68.80197473607353
170.601370806218,358.1274525856461,122.59987832164603,70.20076041708674
163.8476329981486,347.40041150653497,120.30660320536293,71.49789067101206
155.37944413919467,335.1324953055548,118.79193111858329,73.2447826432849
146.99517458365295,322.3415916590082,117.54322779802611,74.82378231919061
138.89178810243743,308.84093119912666,115.96814040889466,76.16989083661001
131.77774488361416,294.3441864207745,114.79748417075997,78.45802761011116
125.32067101997869,277.9732364542903,113.94689190779653,81.29029009190768
118.94022611604606,262.71774754733946,113.48948947933366,83.2442305522937
113.10440600120728,247.41008402227865,113.57821344924558,85.15292308093099
107.41834516571582,233.3579858208074,113.60316715147852,86.46079380027977
103.64008562114144,214.929707820996,112.3280517191429,88.41708124521506
100.74883848745588,198.7383934533188,110.74171053729525,89.80047292002257
99.17802748786944,181.97934201386025,108.72418336654627,91.2837247247209
98.2425387095003,167.42103544962924,106.60736795453457,92.48651949380789
97.80805038338066,149.5252919636783,104.62774231185196,93.84914294031917
99.23343099032627,131.86501383124948,102.58224843194512,95.12029124619247
100.49918077822778,117.3792211016806,100.18081477411083,97.02916308228333
103.53675178734693,99.88666394272624,97.40416518751317,98.59994024198892
108.0227539578233,84.42946423373905,95.21490620788856,99.64675543144767
112.29310794901085,66.64135199194709,92.94424827434159,101.33171404589099
118.28131333285106,51.89156153576061,91.02875059259866,102.33086771217019
124.98123881233684,35.56031575195229,89.24446970198647,103.7862975122087
132.69020435334292,20.758345020000974,87.20636039731806,104.71018526517383
142.28155988970593,6.798038088048479,84.43661319177956,104.76202471501632
152.50513097991092,-1.100800115372742,82.40826373597895,101.80722919803064
161.95935235554026,-7.197500810958374,80.35370282065776,96.49260446615503
181.14483844897055,-13.08667241432164,77.64493156153158,92.28248331741281
185.26508751820185,-17.142847573687177,77.50746076681894,88.53515346036264
188.32147448556213,-19.103606041939003,77.89331354108275,86.75836717421004
97.35915902241342,-9.846036801857082,78.77320569784894,80.3660314284212
100.85571373356633,-10.71887894202657,82.52292464468374,72.33739319899455
114.52123487878201,-11.186860172784684,82.95466921948676,64.17606562144827
128.36901502454631,-9.958421421648957,81.02973881077064,57.50965442777057
129.59987586065722,-4.658385718564659,83.16707719714256,57.464148451289475
125.82765070817511,-7.674701278339992,85.72663370327868,55.38514627005889
120.15760554602163,-8.580010614974842,88.3571903361794,55.129145070281716
115.66623572500556,-7.144391204703382,89.54549638446153,55.43438940403567
111.02743552912337,-6.999057901005749,89.7290721180228,55.506332659921654
110.79341585403063,-1.942944306990423,89.7293685482864,55.51059106759413
33.8015867585367,98.75888308378896,94.760817266618,50.7109707098635
43.018916281317566,88.56494496452143,97.12639015465003,47.719299829257935
