367.0,28.0,15,16
367.20711192125196,28.450681280790104,15.412092990992187,15.67387852728698
367.60257849613,29.811750035572658,15.713162709888486,15.704884328268744
368.61780852702395,30.465701491738752,16.01325379556148,15.679650483319373
368.99092012794176,31.361176929238546,16.2547777861087,15.779385643476036
369.11170954043865,32.29065611405773,16.604660142755513,15.949075650302508
369.594867722208,32.61357127041615,16.935378996501946,15.952552588562222
369.7352417767032,34.079104026708215,17.158689725402148,16.032198745899976
370.9949175561952,34.90034897476292,17.25390878409394,16.15318236053276
370.9992959706792,35.919874665570575,17.451824623582922,16.224932675694788
372.3775030153678,36.555578925382925,17.582205578151154,16.245035691714616
372.4589859165082,37.746591113544525,17.64825894090935,16.442883446739067
373.80660666754926,38.02683039547057,17.55715104478425,16.70406778571902
373.8168758173184,39.74237184447188,17.59364246936708,16.744260217306238
374.3780703658508,40.50972867449053,17.549797989001526,16.638387194475968
375.6966735579422,41.410750162699536,17.46103826009221,16.487200236124366
376.49424297754854,42.698421872553006,17.293931342266205,16.531615422374458
376.9786642087332,43.734393561013064,17.38496436817812,16.729874682173097
377.61200966415413,44.44236665134974,17.478892048644838,16.754426853550523
379.0561641308362,45.15614167310238,17.53549888676517,16.759310892076478
379.41581965170064,46.51035276676837,17.785677896305764,16.74395053335779
379.78214593793984,47.39189609557631,17.935196954686766,17.034056014413796
380.60657966723727,49.14661654032619,17.85261367577939,16.988680676671827
381.13203908028777,49.71991142805204,17.868597010322894,17.041889485204507
381.46211540454647,50.55076610200451,17.908677821278168,17.27402474179176
382.8287088465985,51.33460909993628,17.88144644254524,17.41436181721728
382.84764171889606,52.7764333702077,18.067137216504808,17.237805561830694
383.40090773529505,53.64790006199241,18.18069795714428,17.43617161673784
384.2528267730339,53.9289938759904,18.232154681471226,17.66047538278483
384.79102800196756,55.4195174728734,18.599050563447697,17.770080654839138
385.6919107802393,56.580868307933756,18.551290439033117,17.898955217628576
386.37472556339713,56.97330022565884,18.639808211584686,17.91523884311592
387.4683455240855,58.80779684215354,18.710869071457836,18.01304553688432
388.041984513285,59.634404868093746,18.752288908000317,18.2124143238711
388.43447721639984,60.66781660007523,18.822001682922938,18.31664951469329
389.16110242586547,61.4465574868219,18.75983402766363,18.38050563182494
389.8298540801814,62.39812519569485,18.638807159461415,18.276633214567322
390.60534623569214,63.68183481650418,18.45282834160397,18.433632613085393
392.17322520223115,65.22000679301571,18.392212315264253,18.542911829007632
392.35515605997006,66.17923681060208,18.51219917156376,18.66740528504583
392.5877129818151,66.85621660057667,18.719906372795542,18.71717800490135
394.12125855202964,68.446152804,18.664106736272707,18.747953181062503
394.979746389844,69.89721861301788,18.737124346776753,18.71443575980409
395.4868364602831,70.85135143909218,18.703123038906458,18.868082644276555
396.47426243799777,71.2849721667119,18.76258047068412,19.055894899974632
397.3014915459778,73.53825259085727,18.703543092126388,19.01875543840265
397.9311413861084,74.30467853799951,18.833807926025425,18.87091330974316
398.28392431496275,75.7615073909243,18.877486758258115,19.06825566492876
399.0614994816064,76.40354070694417,18.957941283369237,18.992852973318694
399.7780145992588,78.74559902459663,19.142106177458963,19.02455665051376
400.72134430259155,79.77958034996553,19.312560418254417,19.157292852315038
401.6912652238147,80.2414319743306,19.26820350012448,19.4067539712607
401.8077306109818,81.64751266099003,19.49094594356371,19.55518677518789
402.26714641483596,82.7614049159384,19.576058732828102,19.61572471402163
403.21224092124834,83.86469365774974,19.980448272249397,19.536397901785676
403.33352276411017,85.40093921851177,20.350036686135155,19.749574199695225
404.3680589087444,86.79795633379958,20.44981815663234,19.899318960818825
405.24763489164894,87.86368940810209,20.464271537502945,19.73488619844425
406.41646448134435,88.38169513833972,20.459589653033966,19.890136029472895
406.41764975052234,90.18993784195104,20.73727892913111,20.074996447445592
408.20118441570185,90.69973617538864,20.97074670814709,20.27642334014068
408.11928231272526,92.09503150119872,21.273520335486978,20.29524278373536
409.23219332282497,93.41298905337315,21.644957836771912,20.24723356317557
409.794279481905,94.50644412404779,21.56492919536972,20.372586910595828
410.78566821055256,96.76642627475236,21.449613896277697,20.45130119805387
412.55954803600906,97.09537428737744,21.05454131811861,20.54384004829201
413.9573016417815,99.39353248976902,20.30532927258934,20.25605635835259
414.0755654052345,100.51264872372684,20.383079394609076,20.59459848760492
415.69682524923684,101.30141981932978,20.262729201233398,20.816357443859978
416.92100902452484,102.16978909889794,20.159339983176945,20.913389636676772
418.24762372551487,103.12932197463009,19.89308110121633,21.107208406696856
418.6938039184719,105.02384548468748,19.882236218232023,21.119720834824257
418.67597513009105,105.3259963968399,20.278451351145986,21.401931766867087
420.1526760169973,106.96709464423195,20.583357987977998,21.46021226182907
421.1539166557584,108.404489010156,20.909512879889437,21.487759650586447
421.38438812889893,110.74279868841661,21.07318846388178,21.28794693469022
422.4288096116682,111.92936283828948,21.28485209014018,21.435105195003068
423.0717954630905,112.75263942197219,21.521181107510444,21.615738612110306
423.86876649775206,113.76783963925591,21.857536889749838,21.515101971488168
426.3207272580527,115.62153031342682,21.25657862598439,21.326290569435436
427.83905594049213,117.19605330371081,20.73743072155486,21.29242555810573
429.31566868598327,118.77894712315221,20.3387248838928,21.17655704764089
430.13461649429547,120.32334188871658,19.972954511409107,21.043875609773863
431.5026262107333,122.85387371256034,19.99263423624827,20.67685035319963
432.2251350009415,123.47805204048895,20.346620256906014,20.72700901716663
433.89562408475877,124.79699960327613,20.35029235782626,20.776575744619613
433.5517697027162,126.7111762864651,20.767798485192692,20.831469753729937
435.2797845652698,127.40003136616764,20.85855983674563,21.05977766073113
436.6788742257206,130.51018275631583,20.699861106664265,20.838864528872225
436.55556348629807,131.21889682135648,20.81813328131007,21.016361325548765
438.78215823069445,132.35670651165188,20.999160101111144,21.131237245250933
439.6853377575274,133.05030631478687,21.04805617439827,21.34672165997705
440.7584204789809,135.32128607203543,21.09285447660851,21.23647906442521
442.07816660157584,135.89884254735827,21.096001391574855,21.458227686045173
443.09380798892613,137.68488230195075,21.079428089530502,21.56736155576649
444.495398278792,139.2129808632567,20.92396784671294,21.556078678760077
445.50905106777327,140.35296990612486,20.858248267285497,21.742592292242495
447.4526782706807,142.1035573503677,20.85128103188081,21.538887496530215
447.8619757908137,143.02398147461338,20.889665361732,21.82757873778497
448.91704147338794,145.88771659370752,20.91759552002103,21.736415262292013
450.004146646099,146.80930027660725,21.01900468143476,21.86407309180506
451.18455541693794,148.3943828476545,21.164290655381894,21.869033071780848
452.312700886281,149.72975839709557,21.054590903219225,22.093652456297153
453.20826256432264,150.53494652365606,21.212579485612522,22.296912982961288
454.77244801500655,152.31946843256486,21.42812643092441,22.63735402842498
455.68581241591295,153.2395074060526,21.63000022920928,22.760807575590118
456.1437842392651,154.39084059170085,21.610334963852715,22.957080718453792
457.6891658731739,156.42158780577907,21.831522379628737,23.1911871814106
458.15366702089005,157.8232880696104,21.833725833708193,23.44802072357215
459.7928181667025,159.21128139573298,21.858966632903623,23.323775099159036
461.179562867273,162.04491106656843,21.72981774689939,23.011076609538936
461.62650628453076,162.87510175485204,21.992356388458056,23.21785221539355
462.44582772100887,164.55880390180164,22.415008071165822,23.578986434677976
463.2190323867177,165.61976309202566,23.187858383302885,24.068777648956477
463.0365474218976,165.9471402960761,24.012697697708717,24.69099315052361
464.2338888428449,166.81156810095536,24.170024438333552,25.289186796136153
466.41187916526604,169.44403068036064,24.156985077671028,25.680267496700623
467.3824747940134,170.3516892233718,24.48198339537164,25.97356247122516
468.1448149258284,172.17261999679644,24.580311859768962,26.2196785244735
469.0804479131957,173.7464241279433,24.870979783960188,26.187808177218866
470.76685949044924,175.11634148128772,24.458232007871096,26.011785726389384
472.0661899526209,176.6417644704903,24.41109238479725,26.21715007513268
473.3812408117646,179.12553868518697,24.289466923834134,25.92264394310264
474.90455524974516,180.4465131564019,23.9227773178925,25.817659417176667
476.6154672948987,182.5680668164096,24.261039287155793,25.74982217772767
477.9717431717144,183.71958061845544,24.02851377864151,25.97255140957351
479.7604626776568,185.46437212032134,23.94580285513569,25.92499263679874
481.3599639659627,187.1921108191801,23.682194565633136,25.864618693671027
481.80573101285967,188.22575859803985,23.820399851722037,25.942304520228916
484.04099697608837,190.75034562717067,23.926634893038063,25.576563994682076
484.3876231561776,193.17861386411764,24.021941492820563,25.29719884647174
486.2276117573501,194.70313457317937,24.224601314401433,25.220409320438122
487.25071737186107,196.0171767239005,24.44197040764499,25.522447394484168
488.0618375064536,197.72218422014996,24.757771825471636,25.589513700813377
489.6552221548708,199.57730193988556,24.9781604265866,25.51626404015076
490.5446289193531,200.56439149662515,25.685598728676652,25.70138668448409
491.2997359223738,202.33370976717828,26.642219744607832,25.851447958319245
490.52372521408466,203.98336481229023,27.514851207572818,26.066504017997662
491.7460490920851,205.06176314381597,27.995198873935287,26.563088702602435
493.198511547575,206.3724257147673,28.879855261783582,27.278280894684137
494.025747092731,208.31670444456586,29.434772904381745,27.954626694364364
494.909847804802,209.62381987965767,29.810477119888215,28.508273021446364
495.9090580183038,210.6497733625108,30.088996084974408,28.9127945835721
496.7680936424972,211.41853402990415,30.569357758950908,29.685644647711214
497.2919871008063,211.97691217083104,31.208872478074856,30.64467877113087
498.28040700206157,212.95705158602445,31.99771871072064,31.789067604318294
499.7433863860692,215.80426556389196,32.52140593879914,31.832768310692625
501.92036798989983,218.04632423005827,32.38460581707532,31.560717628750652
503.19665191631873,219.8254077510173,32.334692993534425,31.8098320809732
506.5285648419507,221.84921727668055,31.853026566098656,31.473272599959195
506.75547541496564,222.65581510576442,31.88277933364291,31.701767005268042
508.26546871721837,223.92991792884573,31.77439856409837,32.18510127609763
509.7109288692349,226.6914561651487,31.48110399248716,32.0774911120854
511.0245320056833,229.42667460313882,31.33926454087954,32.02790689723798
512.4522385412367,231.44462950652257,31.294108427780365,32.1510852252361
514.2244731584211,231.96799388824056,31.210042635794487,32.13798683289387
515.1105436760955,234.37695796284532,31.17297850474249,32.14581857137969
517.4515531100955,236.06906652765403,30.8110432549067,32.33017443980913
518.9013542177048,238.63013553388524,31.11166686976626,32.37325859531546
520.3342095384066,239.78549590153742,31.467468069182793,32.596214007472064
520.6138020773793,240.88117144497227,31.74467825490938,33.03927759345389
521.9289676745126,243.6159573261627,32.11471327158033,33.11169801857308
523.5440308144415,245.56764495100816,31.99913472121461,33.197626357749286
524.6567228833011,247.7673641693798,31.87805966552669,33.114945123154456
526.3528032341487,249.36675428430542,32.075605384729855,33.070156592521975
528.4018957577574,251.08783781201478,32.14693022520783,33.21043277440794
529.5022823013774,252.8147856712422,32.44399038992102,33.511206245406235
531.0304439845045,255.401407834093,32.51751931858862,33.799265630642125
531.8195125601599,257.3100525639687,32.75027999442642,33.75680222069542
532.9468763122771,258.81965483765254,33.087257812457445,33.78850099364029
534.5244158637493,260.5748177927278,33.08949682474749,33.93102237352876
535.3580073316053,261.4344256417374,33.42248173571515,34.344527622775175
536.9182237028471,264.05865418667753,33.38092167389563,34.2278454352387
538.3123694614851,265.148270423273,33.7897431937289,34.3159164288446
540.6877562182104,268.07188896271305,33.54223506113767,34.316778104847366
540.8479248031904,268.8896060589833,33.869526675357505,34.56984794062717
542.4333762972159,270.8587503169274,34.37034609941587,35.1272717050124
542.8087359634756,271.820083905373,34.82961822197458,35.74484195487901
544.2251205678651,273.2153913458201,35.17253871046111,36.33032570679737
545.8264426075433,274.59545964014046,35.6239015891127,36.8691698310472
546.1952634305596,275.5853774581688,36.504225641322186,37.881933682295234
547.0033783109337,275.4487763632174,37.76070706221457,39.27088904602615
549.1359448190457,276.6089575913144,37.895934153412455,40.63010727830873
550.7617561143306,278.3349233731858,38.53394474155351,41.86918523605027
552.8721173740386,280.6012075893802,38.863866143036226,42.070381452099056
554.2328226252183,283.2993547239138,39.1403651865751,42.0914760990475
555.021920652605,284.91287484289705,39.49832635836425,42.30892438647154
556.4388117490918,286.0925106966429,39.712334692734345,42.45210934401892
558.2260022512859,287.9443868479869,39.60970966979155,42.80203746125279
560.1691725113242,290.08331667732006,39.63573792412896,43.105705512547374
562.0420777304952,291.4501036123703,40.120503047310336,43.20263701354067
561.4756905020337,292.8026590213103,40.96961661556158,43.594724681988765
563.5482394921563,294.65200327799,41.31832356695684,43.779657384449756
564.8355057565233,295.9355938004145,41.646439964004216,44.173551168702225
565.4055981258639,296.96729188749066,41.71745212473704,44.63041866642499
566.8793115912995,299.4093277946099,41.00679582374862,44.096673390272315
568.3020093672374,301.79012470107915,41.39096875331824,44.19556846893542
569.28624808026,302.69876786953284,41.92041613196057,44.9067092560515
570.226751861203,304.116555140953,42.14635742261358,45.596189644851854
572.425078122333,306.4647961468117,42.46216827925971,46.16214354622033
573.1500050480992,306.505732687394,43.032913792961835,47.44997566525102
574.3394008661426,308.7411170120073,43.32141952015623,48.129628158602564
575.5650043061867,310.08567837222984,43.331241692802436,48.51383917839186
576.7471115532205,311.24759536230596,43.55986167139095,49.25160492968497
578.8914633381368,312.9183729086125,42.93801295995685,49.59463540836088
580.3255742604479,315.1896354803135,43.02419785361598,49.720689366521434
582.4484421455057,318.1681968391091,42.21898332373458,49.195451414555215
583.1435922758435,319.75919012883975,42.66620747712149,49.34560289661741
584.5143853173671,320.9975073569149,43.02217083255088,49.57566399710766
585.9297938510549,323.4786267465872,43.10582825248005,49.7392491923724
588.0093362285847,325.39444464952305,43.472591886092125,49.75015794216488
586.8176663888046,327.56032017353385,44.48727922190257,50.05477469199482
588.9529885589799,329.98721131123136,44.818212640341,49.84831602499826
591.0427737465703,332.0824949379575,45.12289519484753,49.94266088092088
591.8086328216385,333.9988384731288,45.72791105350021,49.81666936721898
593.6384319673825,336.06591082077256,46.405257342090444,49.78742884673612
594.8104204070596,337.93599811552883,46.50802728890804,49.93177574159855
596.5074606851684,339.0153063832937,46.975854691674776,50.26009768263135
597.764528090731,341.11574124285573,47.08079947039343,50.4122095308901
600.8723402837919,343.0050660159487,47.06021292606851,50.63070659114941
601.3085708600831,344.8298923115859,46.98645782817357,50.75392692467975
603.244046466448,345.6137670640864,46.591947045131334,51.223515676514694
605.2633237273367,347.7118653292726,45.97865497452584,51.36707134340793
607.4842742751418,349.9991205280303,45.46956943067326,51.31987417831443
607.5654755916967,351.1060218371094,45.16786931221219,51.658348171484356
609.0459438325478,353.929471934481,44.49228744476766,51.05917746892858
610.846622336298,355.4984295409207,43.9352114431268,50.70159672870551
613.4333231354912,357.6594925390327,43.313460845716875,50.58016958502053
613.7322044060879,359.8462232135604,43.41033941780451,50.58884934924641
615.0291333922146,361.536505922955,43.25097546410599,50.753709345496304
617.9122017978483,363.0283707160266,43.10707681201826,50.81128530134531
617.7152907977487,365.03570165851403,43.16577002803771,51.154823489612546
619.178215266971,365.4679654812621,43.35379743236645,51.40391278747573
618.4314776452075,366.61499732162065,43.31394748058117,51.504380356758745
617.6257886605558,367.905077724945,43.3815937604312,51.85779804132096
618.0038954752189,368.48253922886835,43.30006274829279,52.14689053640398
616.3030217783313,368.9898098485486,43.3191197123803,52.92672185563717
615.6763179298666,369.50383936569017,43.095842838997314,53.64475657135408
613.3811984709175,368.2687846040533,43.21392904693445,53.85597022060439
610.4968867880134,367.1003072628127,43.457497481102145,54.031715796640206
607.6260259167173,365.7388391023279,43.77737474127242,54.290433977961385
604.596142946884,363.7797678216736,43.57549822488422,53.33958850216062
601.4725466269376,361.06652264578673,43.5351389848942,52.49958410295773
598.5534081041932,360.29482505927865,43.38338001964093,51.59249404648178
595.0113805603224,357.8858776802257,43.13448833003873,50.007419444236156
590.5206345312519,355.00938358224596,42.533140422359665,49.23527641460964
584.7716901861905,346.45197984416365,42.628181822443196,48.24568325600866
578.951160391848,338.53061278231536,42.865966874995316,48.074852316228615
574.3862151486019,329.970013240461,43.134163025550166,48.38880042337488
570.3783695160599,321.59770581037645,43.268231976181,48.19959265170806
565.6322187903237,314.4857298717035,43.702870463786255,47.931799533936776
560.7116150432081,305.4151606303224,44.30762776270496,48.19564919833957
554.5579422963052,296.4436021471519,44.76917857877634,48.61194121350866
550.7259167610586,289.72252897783085,44.94310208579302,48.29421511562731
545.8756481914943,280.7320209305177,45.47791351691378,48.560967294238054
541.3202105239276,272.8125798433811,45.318693026851946,48.885689312261235
537.7320558620787,266.1581751667162,45.019828400354264,48.36292517926288
534.3352175807415,257.74804501366964,44.7906167794349,48.43527593945759
528.6978345954606,248.36704958472896,44.85400274511409,48.76220820358897
524.5865503887866,240.4354034809052,45.22357433229021,48.6921813194396
521.9846868756326,233.51744416327512,44.67252535762153,48.39157956895757
517.6085685129304,224.0100208183132,45.22473461720553,48.25829393466269
513.4764009870555,215.9462886922965,45.927042691416254,48.064255501149184
510.7808950024854,208.2752885042662,45.84942673086903,48.18968788404571
506.31136067414553,199.32825485682508,46.587964381689424,48.442733450412334
501.11995826163707,190.31452685920198,47.92989091080787,48.76141869370541
501.34455101562537,182.4322701823764,48.530372761229785,49.53420231102844
498.1690341110974,173.53439456031583,48.68136384567629,50.83355462936832
496.82652668248477,164.86441318482946,49.51504508473751,52.01522270260672
497.6421571827841,157.45409220723798,49.23043325406068,52.398929232985004
499.01261790879056,151.2529284736442,47.99122078642279,52.09616331638347
496.3114114917535,142.82950394867515,47.54168965077036,52.794925818469984
499.6873851675099,137.57772202654684,46.55913622015596,52.12890348108604
496.99271911703653,130.51603792044637,46.800870054501196,51.49186519914631
497.4876456413554,124.56968591615579,47.54046341699625,50.44546703487592
505.7522337729413,119.785160025392,54.885219038590066,49.51525123827848
505.1931434163557,110.67890107566333,63.22234811601905,51.11525082718897
498.83285631595646,104.13301096248873,69.23779841545034,52.587631029124125
497.53658014856205,94.3325375534045,74.41613566234858,55.02334042053472
493.9926561987232,78.40402719761317,78.44596964601071,60.21301799246897
491.90675638177186,68.0847790193679,82.55282787366333,64.68049384114701
490.2851075656369,61.81076201099525,84.80131349421447,67.02882082664232
487.34396476826635,54.46228980698257,85.08041915731502,68.84463120146455
486.4774008602111,48.583882872995645,85.45627768631601,70.2345017100634
483.70926070991004,46.61386798655691,83.87961243027763,69.81671287942524
485.25186304427416,43.50051940644079,81.78552714631495,69.72440979551686
484.49367301716194,38.0795359988096,79.95629562827376,69.6780099115605
486.790244572617,35.358706738414746,77.60924626736367,69.24006027805332
489.34412081303867,31.14285285460395,74.500944470114,68.37266526247178
490.84982207939584,27.597367555202432,71.27735321669667,67.74317687689982
490.784909581109,24.635285461186456,68.16575365272347,67.75669653368178
490.4239962717942,19.823462651156177,64.58612763463435,67.95611730022671
489.6947310566686,15.45741291714647,61.45109117035417,68.2608180866055
489.8695198122443,10.601889528858486,59.81040648146849,69.26211754872834
487.6213824933602,8.976445722377903,57.98853536728343,70.721135044502
486.5100143064354,6.473297499313773,56.50016639445344,72.17500229141152
486.29384340653513,6.070477898894012,55.054578506754005,72.99455750787604
484.1682635131839,5.150349655709448,52.64878638915961,73.37332717783892
484.1452648915046,5.351823227266912,51.74297088837747,74.28481790093493
483.9678124729903,4.7056306063996445,51.42043126739833,75.79340492489602
481.0385493357069,4.075552093540622,51.70847719528549,77.43567254631719
476.8169019405539,4.355920896950181,52.92940565258357,78.37438562309183
476.7145967216927,2.296717791777901,54.84104734030599,78.63073128656139
474.93110766342636,6.498701567218561,56.03384943144807,81.68263531771132
473.54368657269225,5.74355000687067,58.21039449377567,84.49790059661022
475.1078985873125,5.851906074357828,58.49716211492577,86.84683177218278
471.8462720996605,3.8089616965188995,60.25884892812041,89.00016437551689
474.4370455976028,4.1846303110118654,60.40512175645459,91.48256127739033
470.4071111232633,4.008665358563299,62.22179612505543,92.95210592838121
473.0024574132682,6.033135642720794,62.30954592785812,95.65160896358185
467.23767688723416,4.047558016299973,63.61803764398872,97.94298516368912
471.77631753406143,6.675629120626219,63.9963837917404,100.4031210312085
466.7083039349669,4.359162539357413,65.4547071325076,101.89951854921486
463.4309612857065,4.17515593766791,68.22078769470029,103.56397950650012
469.13266199509826,8.665853618908713,67.4147983852917,106.95715689792476
463.74708002033765,0.7237198936172291,69.3851505672348,106.49968850866398
454.96287087363464,-6.071111844663697,74.11573927079709,99.74020037389771
455.09573337447256,-7.585305101156749,75.34037071443377,92.22860885954006
448.8278638231848,-8.208495282113034,76.75397846935296,83.37101583278076
443.7026330247019,-8.043343782209377,76.33058142374072,76.28583002047344
448.36460477213666,-2.866062227504962,75.30259740152748,73.13399518254899
444.7411777673162,-6.261553809010998,74.5437751416372,67.81801423423293
442.5700851727872,-3.5729987213931977,71.58688806507014,65.11100903946608
439.7380236984266,-2.247929673453484,69.27301418761947,63.33254452757103
444.6678068219851,-4.770027985708754,68.11385687604938,61.85385296848782
446.1110078695976,0.4845244155536612,66.3339306109025,59.52480187690049
444.5525856954994,-0.7230484524609189,65.16979961730208,58.52507639710934
446.19073418434397,2.104384526674796,63.08333723433945,57.378434926142596
445.15960166599575,0.8880786226014834,62.027224585488966,56.53438962979703
443.60771453803636,-0.05902920389074495,61.15571807968903,56.143479550359615
444.2346479997328,2.0380773573294526,58.895854452194584,55.45079230682547
445.2361688685083,3.0219514262970684,57.80620382792479,54.635006449163676
444.8117643919182,3.5984858201323746,56.47337215610504,53.87155558141494
445.13400547436754,2.9018692959496413,54.75558676855007,53.60240459657728
443.8244635868626,3.0119131816437275,53.61315015781783,53.25478386620473
447.24916002210176,5.527679189301175,52.45697933323791,52.53993275909296
443.81109940563135,4.988278486694153,51.10894895485056,52.36473636157263
443.0579002802286,4.895529297184524,49.64388114120304,52.083285277701265
441.91335453379196,4.929901871420917,48.448292458294965,51.72225802473629
445.4213497824206,7.129089924210497,46.60342928037372,51.188414389860256
443.54977438438624,7.775365656922098,45.54938464187204,50.72815357385112
438.6541800247864,6.200965856334271,44.886090328845135,50.60981755490958
437.5652486045391,6.02779295599256,43.992252119535074,50.21241945910863
440.22170608072355,8.973896545655968,42.75148072185365,49.492285644039626
432.9978580179925,7.883787955912066,41.9732399576674,49.36758644169149
431.34011371664,8.172994940009108,40.9428118123254,49.02745372349741
431.8625634774461,8.690905949661875,39.58373382391643,48.93567772469969
429.44016036530843,10.13955056707918,39.07502442319179,48.576825379513515
427.5976327262142,8.992748247909546,39.03974278731765,48.68219759597778
427.65973867997786,10.106124982551318,38.61676378994666,48.36413553294424
425.4285950178636,9.443854484589046,38.37508688077672,48.37382667535316
424.3556223493436,9.410892157194159,38.17503917582446,48.55339879108043
422.85905839222687,9.354776135692724,38.405319189667324,48.88419772861455
425.3181132894809,10.32222005217827,38.02454765199522,48.67433125794815
422.7330278821113,10.637591754509945,38.18486128900011,48.49874227223011
421.8467084369608,10.124064121431417,38.37168474961356,48.88721721612154
421.23568773984186,9.442100300853749,38.0567083215858,49.01841780649563
420.5042463554356,9.23545853228778,38.148329493718606,49.33604399499475
417.9109253185291,10.519281205870293,38.637461801906575,48.94836080603285
416.11761459761135,9.754678196341953,39.67601805819526,49.39297209852703
417.98478156518297,10.828780633593823,39.879809733403604,49.039338146874854
417.1433173544002,10.109476691163923,39.559488032898805,49.23000596825809
415.74351185065893,10.941335312274461,40.186522136084506,49.07994534224795
418.15208289277024,11.492360867645473,40.118571336041526,48.961399480529366
416.43446802138425,11.159378320208532,39.75863506318851,48.8215174074345
413.74815605093363,10.673114534445052,39.98601059100381,49.0492787436099
413.99330105261237,8.923254631596617,40.5167929753417,49.550448134267704
414.7618225157039,6.5185492140426895,40.423994433924285,49.78487727992243
412.5766797088994,4.509614587133882,40.7764882994864,49.735958814013486
416.4054292773502,3.4944255248704543,39.78596609129572,49.01243068854034
414.57538105138707,1.1780751248207295,38.53264091236263,48.005757709342916
412.40828911795023,-0.6477629207354134,38.63740888568157,46.300881676431764
411.28315888322015,-0.9102054292633461,38.9985397164698,44.55005563391732
410.9232612059379,-2.3200359026279855,39.927380481190625,41.98960488631066
411.67566839139306,-2.7383857706027577,40.09779804387407,39.8292343097602
412.96303871868247,-3.939580567392209,39.43968336585767,37.00202490431567
416.2778233604338,-3.204011814424888,37.96801203157385,34.6624486776779
416.59330317395245,-3.413883160800987,37.23375040258344,31.581977747383224
415.9093517147653,-3.585599357161348,36.23512194888734,28.46950804049457
417.9790442053176,-3.870632076144757,35.99913357422801,25.572463798285607
420.018132584558,-1.3333132528285923,35.842625822095016,24.137085490032185
414.9953222581493,0.1297874373245449,35.39113801543961,24.691062942733723
409.73440926571834,1.5478250004332725,34.69213880498908,25.571387963000642
405.06177929354794,-0.25731186945873574,35.01101630304085,25.829908467921378
408.5088884043066,2.8498801731019476,33.80547300828127,26.73759469530001
409.25034945138754,0.8082792876197136,34.5926619981038,27.159038043412917
410.5549419880952,-2.048500929399184,35.1522086141416,26.51687795743118
408.73216399429333,1.8668730842679135,34.08713990692115,26.943469407636048
405.8649079366805,-0.4763655791201842,34.98175486638513,26.689654376013806
410.7905057821831,-0.7126934206058273,34.52290841854389,26.65521472207103
409.2620972489835,-1.0137045965104008,33.70609877595882,26.223164197903614
414.4888609950972,-2.2763927024642783,34.40827196732518,25.19507361293637
418.47493373088304,-1.9994473907310155,34.28000619546048,25.066002935758906
422.5818683789962,-1.1647740133749753,33.75780254864827,25.088436271378857
430.47756238029496,-0.10079133105485383,34.030547236480366,25.24285005712924
429.9207523461143,-2.7223836321953527,35.04403150161913,24.5686915197618
429.43735372324136,-1.2894656600573366,35.881876720997745,24.257962692184986
425.349156388731,-0.7191998921326839,36.0409526644326,24.300803653894274
429.3740084200876,0.4791961742828619,36.04447125796933,24.333050522528026
423.75202667553447,14.584281901914803,33.98591399512246,25.268463173709456
417.6861440096481,2.2251421824635305,34.71978351390695,25.62943517852997
421.97258907415574,-1.4375183761045793,36.844479444461996,24.638502633556815
421.3113191690511,-1.494591348112122,39.011120206819726,24.267617449642213
432.3917233658873,-0.00840294684063636,40.057129440100454,24.68440080334924
431.56197832788104,-2.092273634494255,42.896078134277026,23.438621365668197
436.19543221997196,-0.47759654088554626,45.78629010107168,22.752083340560155
445.10291251661323,0.5071063599022843,47.90773087497668,22.94469536125012
448.717447893196,1.199041711794358,50.006052699936205,23.336001659419097
454.7226192142897,0.5241703899182273,51.59519736243626,23.674803751413545
461.65225722417784,6.108391172534054,51.72063203601931,25.49371265004908
471.58459399618073,1.8786849617898422,52.70265343830256,25.964721751225003
470.9372382032403,-0.45535359650458496,55.15538504371471,25.579011636368545
472.3199523410246,0.14869620642912196,57.26311045466953,25.40983720139957
479.2461820446223,-0.5879907941141305,59.464621384388295,25.10798842416576
486.8335643933146,-0.26946988081045475,61.74902416747235,24.83465509365216
483.0731524905163,1.6904694884991134,62.01737604924081,24.884563952689273
484.8795846836907,1.7732744972563879,62.07966730254046,24.907781449823162
482.2879017576952,0.3788389054724135,62.2326071291409,24.911282760344235
479.1155412219823,1.7681129114760878,62.31196259998071,24.932463141891574
477.54719647577497,0.9368920277064738,62.423459831653204,24.94608593970424
475.0820008851191,-0.1770185170777392,62.54487579323838,24.92453263962423
469.8059943935994,0.10381168078574632,62.60467075869961,24.92624199487382
466.7165559412846,2.8563882099983964,62.61190154516524,24.940696480393832
465.44828567386526,6.753137335085402,62.55035858391017,25.079586535883884
466.0857619977312,8.378176246536398,62.540969901022024,25.135508468841266
467.5470161408102,8.147934299201928,62.53754425646555,25.163481987533643
468.17134403805113,6.27819824382804,62.53533316413214,25.18157958656267
468.1945334683165,8.002148822776451,62.52310347352332,25.243047325150222
470.1634357913979,4.896642076856272,62.524919799040184,25.264043116795268
468.6687354311687,9.87855583101907,62.4952012568032,25.36997879206342
468.6022755613162,16.693964685705673,62.27530727580504,25.695383616869908
471.11241381353426,27.974742160119142,59.81397547351746,28.03609612409765
469.571750603405,30.74617510191092,58.59389503342437,29.482213394810973
465.41943884509107,44.83561372384948,57.996647822513154,30.651541717340105
461.2639703140985,57.9212747849115,57.43438542160768,31.636728994630115
463.20489956295495,60.79555041268131,56.62331244635569,33.1975496873327
464.6225374134475,57.88652929287863,55.943615358651876,34.45884449041462
471.9080403605913,62.18231356295411,54.76950582666893,36.408474680732404
466.0592708989725,64.09826719770331,54.45846931045339,37.64388918857775
460.0381030895132,80.14298665344782,55.10866930925493,38.12966084837778
455.37604808215116,84.93125439264713,56.136133205814886,38.71178625865103
454.1320231079925,82.57627589559254,57.57309672835089,39.220250943189924
464.0119454706634,82.9716135656468,59.31987431746218,39.91004435308139
466.85348072714964,81.38448432323098,60.35747641191159,41.01305955178024
475.0451311418992,83.8033432862423,61.32788957167034,42.087862988062284
476.70173921471593,79.85360387086386,62.27642269361506,43.44538014889728
483.6334753230433,76.23109186894081,62.52214237149151,44.387196755282446
489.3519024838291,73.30397912027881,62.644171716912126,44.99688489909082
487.6804895299214,71.10331120783674,62.45593073019632,45.799359029639014
501.39952975619286,69.642284310942,62.82592522882523,46.49263779901443
504.38491116443834,70.32801404729028,62.282820493388996,47.4743124815913
511.947261886227,68.11632678084428,62.03130325391317,48.708935793780185
512.8372513303252,65.49582642851122,61.94880361376354,49.610260595126
517.7662320258603,66.59909127331285,61.29849908304506,51.505827463139916
522.2288346331828,62.397430942558884,61.731493941642206,52.62509050746036
521.6263321512271,64.79641258937478,62.082754398717746,53.34595655953168
523.0453951176416,67.81374379953999,63.54386857819338,54.23669391947471
523.5073493787081,64.23930891941575,64.83582614492755,55.53842622855131
530.436939253604,66.58764708938011,66.13210293810442,57.024931651317914
533.4299643209905,69.93394010318653,67.60480829649549,58.14534916374412
539.8538663707601,65.47366762499938,68.64582865984708,59.06381892480593
545.9017011697068,67.03173429119208,69.35313757757861,59.66838871742052
555.8465604750368,69.6961623606139,70.27619362512182,59.9811341410769
566.7976721697561,77.33502827437867,71.02484914193325,60.59903219635985
569.5106033814036,73.20963127130523,72.08958730457557,61.06027542125672
577.0761550309356,83.67137532754296,73.04771740394905,61.66599263104689
580.428435661991,82.57201525130482,73.75087098558834,62.35790736360129
583.1129829667891,83.8169251802847,74.6380019619297,62.58198521071965
592.4830476237078,90.10803303967782,75.2314297769986,63.192823691152164
592.8402626312001,90.37115169827409,76.31274561162321,64.18013617864713
597.3808347026645,97.28768601497251,77.38040517963199,64.95821256478153
594.0746027853786,115.09907151021017,77.37638341850052,65.32900236532186
597.6102479854715,122.48853962112163,77.21549340893993,65.5068227352958
591.1426549085401,129.76418674030106,77.09184167217758,65.71700310631196
530.0896115923387,211.47322344201513,68.17543684950233,68.23346949780567
538.0975898024171,229.8796694549368,58.76131758754861,68.79023689579049
543.6496280837073,230.92581395789784,51.67527691364016,67.70130482346211
548.0114844985471,226.65111194320667,46.40270544138219,66.64752892120383
548.9045159538264,222.11134831157008,42.77888923492528,62.573201814359834
551.7245778606724,220.2718000304365,39.50343522103794,59.40816690690045
553.5812499292448,219.91232943424438,37.25578932608073,54.49931574088624
556.6070251580451,219.32942983383424,35.44462583137086,49.45500141631592
558.7172377126454,217.21126108100222,33.81317472119342,44.24717083115962
560.0295590497495,217.20552299693395,32.320764713001,40.10921767800711
562.9412103355538,216.38193253689764,30.76215635525962,36.8149618305016
564.6945396742092,215.2127221236808,29.4095809299019,34.60324227607586
566.8722361538989,213.69033680303792,28.52804966485835,32.85355643542807
568.6581576617358,211.53605236241836,28.005309432387882,31.701538768815617
570.3156370731969,209.06978569108475,27.714367943450043,30.79583053433443
571.4691652182204,207.2763125128565,27.146210884360077,30.58839670280263
572.3621204619642,204.21342002485264,27.03627238173565,30.454843299904095
573.7235164151639,201.50920651913086,26.95062647143012,30.327984361640638
575.2749986179754,193.9164998674892,26.699285600963293,28.127396078009888
576.2070369900794,185.3141832096166,27.062465631657727,26.624860814653513
577.8007542715003,182.9218922782668,27.205269411100915,25.014888539169547
578.5010086596644,183.7179202825165,27.166371047370433,22.522190135650607
579.108437554563,181.58638230027142,27.241666760991258,20.512103258343867
581.0575286481527,180.57105726968643,26.889581375569506,18.567731957209176
581.0090747211169,177.77454627612838,26.779740267238736,17.203043678212012
583.1353464265346,174.32101615633465,26.390699358844827,16.605907750807244
583.636935883181,173.74922096728545,26.05513824340366,15.191919088378288
584.442811781117,170.33347855127886,25.87697256813713,14.804768361309488
585.6453618268421,166.79013818550104,25.844659952272792,14.414108394622932
585.5563372062874,163.07592506797133,25.76487380519861,14.714978782514393
587.0356209594787,160.18074018866676,25.7059492431519,14.627647735459455
586.8115233604229,157.66713875722382,25.664642488138412,14.851261731157795
587.360652438297,153.53050023056838,25.725853936882565,15.106624966109347
587.941286290682,150.11193071594332,25.66226537029623,14.720497393796947
588.3849150861006,145.65905922318328,25.684507901529184,15.364338523848271
588.5193835968362,142.710897799484,25.638326312186926,15.372706659332758
589.0260738124506,137.39575265364928,25.68312001425905,15.199804812330354
589.6731209386577,135.37027354168347,25.654124333622118,14.691841222297093
589.5845489605645,131.4573477667601,25.440925577406286,14.260223594897738
590.123363413596,128.0545431016959,25.278930826616527,14.422476601783927
590.6748185875448,124.56694124925083,25.26419339131659,14.163053536654584
590.9942465139479,118.39677145134227,25.280298170834545,15.479131657862336
591.4758913576563,116.05422165837203,25.1653437495311,15.617966595365319
591.0930685480046,114.0232821518895,25.229077442565053,15.543165005303031
592.069719653121,112.6106301305327,25.34757546426583,14.976974297040073
591.982256580324,110.00491933110071,25.18786110693012,14.768199362700935
592.683858225895,109.32905334447071,25.24111686119827,13.932294006859374
593.2834193893686,108.45275894699283,25.17683645319632,13.567802113338551
592.7804003707331,107.00990221005486,25.02342777415874,13.373307762507462
593.6142595652786,105.51130309888498,25.00258285918892,13.811370547835505
593.6666891164202,103.9240525795269,24.83885534870251,13.71029785608292
594.5471572585456,103.5641995092464,24.90367132275268,13.207057829651752
595.2769061359323,102.64242712496758,24.910779708115694,12.689343137760153
595.6565490213377,100.44621813515157,24.66412821464877,12.476246591024989
595.6836567091916,97.16596823655276,24.6386756563239,13.387927418496037
595.442120623191,96.44915189443189,24.86134133418439,13.853794294632308
596.8427513807295,94.1402214877372,24.836614853287156,13.932089067982659
596.6880376452963,91.17139948880063,24.668877101985505,14.338635653746408
596.6843397570332,90.86324508036948,24.638728628023564,14.441646435940726
597.5357129044087,86.87828608555905,24.192635165303695,15.327244357202202
598.5260130909793,85.18175405687617,23.84332141325627,16.72921954738048
598.3198341849125,85.25307564504756,23.928546046678914,17.2810114906666
599.135768192854,82.58151666645526,24.052918875522398,17.803740653905887
598.9668675819676,81.65329994289051,23.996692387334402,18.183016508261943
607.2524477114513,84.29031007301005,20.6743495722146,17.828689241186932
607.3946944991372,83.47311801275171,18.635446206803618,17.694999326059083
608.9827111086823,84.31660981800229,16.89470046329936,17.120152556378244
608.0271244500375,83.81675187832292,16.906398682932828,17.16681972968228
611.3081852502731,84.06558094538744,15.489876447695949,17.03949240610013
603.2872914971522,81.60117627983934,17.94121748176981,16.99059864271389
604.083135696908,76.81296568381403,19.43341427512932,16.531154051073116
603.7764981379786,76.64231894606715,20.86985528654272,15.059367692582502
603.196428401121,75.90137181974893,21.811481271488468,14.368929181547053
603.1528189289743,75.88091171798743,22.43212459322322,14.090154866027095
603.6214940532458,74.98203839167357,22.87289476704362,13.723228667092325
603.0390135506452,74.31039347018243,23.212721494900865,13.849141801090205
603.2701716898379,73.01038821672232,23.390656376183692,14.140329676174495
603.9880125741641,71.64790859739797,23.40764947325373,14.418946446561472
604.7844548127691,70.07697433652409,23.447249432078895,15.206635585985024
605.0454864835883,70.54809736993391,23.671226434678925,15.024414543579429
605.4684395794953,69.5060460893274,24.20154094598979,14.827228957819809
605.8551329327422,70.59987222075222,24.039993533929543,14.984532139306125
606.0780291594297,69.50809750470927,24.176117889636785,14.918424894145904
606.4454303807786,68.50632966349325,24.85421064957565,14.682603581949056
605.7736385173266,68.11866600478112,25.0633186684718,14.202956534138924
606.4061494450198,67.51138853164805,24.921320799901842,14.43994952972147
605.6775736508487,66.93699627716835,25.029130042052678,14.342861541122291
606.0736361253049,65.75966422541569,24.932760098023003,14.637436533299466
606.0632989146573,66.5584958071784,25.030994944123,14.25514354799671
606.3382251482221,65.31745768689628,24.938532308536097,14.391432740221127
606.5618724956007,63.84551630722812,24.658664676767426,14.887164864791817
607.1346078500995,63.561744143772444,24.405741575191463,14.867238183402378
607.8955630744165,62.07014659244606,24.017994029389783,15.134666379316872
607.7014236703595,60.85660535649735,23.930709788187222,15.256069529925227
608.4693060971699,60.6081890208887,23.802102832515736,15.290469339814395
608.8517057107389,59.55760805080625,23.7902332928777,15.460997735057425
608.5822569375816,58.415213346889956,23.893500040852302,15.693418978827502
609.4400673731558,57.411956436052066,24.144439533473484,15.675900207729853
609.2502765209806,57.54766085846458,24.620449155304396,15.571231780385283
608.5233077063724,59.7878718809547,24.514282414403567,14.485112103569117
609.3995529442167,59.05347979777355,24.422680610589993,14.267922148837673
609.4672570077179,56.1393641245624,24.148974448919674,14.44586968178341
609.0494301766872,56.006713879512205,23.987756162738865,14.070575689461924
609.0461807571784,54.63526549180906,23.914932186815065,14.02466936428227
609.2820901697306,54.04600441134011,23.74398616444506,13.6417214934819
609.7979940643015,55.278087085795704,23.371991302549333,13.768399345254288
610.696378565454,54.214467229364566,22.95229749555682,13.819459553722037
609.6977333103314,54.69044890762975,22.887599175235636,13.228450481859642
611.0844976384257,53.80644494494601,22.752238854008,12.720716830078679
610.835393863782,52.97496753277212,22.562435233861823,12.784870995246779
611.1057909246422,51.79187769843685,22.55276904182892,13.091510868995439
611.2796582078536,48.80295604785424,22.53448699005458,13.44351493676222
611.0020167468501,47.83357544633521,22.96400697260835,13.890958390776841
610.5942071255149,47.98083138565913,23.3643964179156,14.397189615156355
610.8167810964376,49.14907392780303,23.994451417964683,14.319585146102924
610.7241378090474,50.72451769183261,24.671482987862255,14.120388291871896
609.7130465550299,50.54502275396807,24.151894560838734,14.106888238401744
610.129171072864,51.53522670594172,23.6533628713618,14.437126391583362
609.3602971414034,52.86454245743876,23.279924516021275,13.8988867342924
610.1494690681546,52.76897506201613,22.93318619230396,13.43634263109469
610.3306872174535,54.53257930079139,22.721766129057965,12.892250303446518
610.6025830339747,55.13793746611058,22.673541817792653,12.878273169585484
610.493721238143,56.75606938855614,22.368255155549875,11.985934800768579
610.183295057796,57.755121742117964,22.06162491126335,11.579993179582424
610.0748359932137,57.91507069523597,21.87352137294758,11.980111752838607
609.633593710577,58.72661740539414,21.930734331775774,11.927689414065238
610.2015497857266,59.700443027875416,22.014625037921938,11.873661521153462
610.7401043478525,60.992533055598,22.570412337009987,11.748885457407512
610.8460339984865,60.513422920756476,22.811166866308227,12.182226271524161
610.5214029510328,61.94428928610628,22.838572271762615,11.798604807914392
611.211693077621,62.567686653755175,22.603553236847898,12.186644362167392
610.8056175860536,63.85788439325421,23.160249202892853,11.798036602895877
610.4316394979992,65.01288059126227,22.942995418064225,11.745162431977406
609.7499192259693,66.609569019623,22.780862231655284,11.488667594298937
609.1131635961596,67.01005955078348,22.619711626040186,11.60328254027875
609.9993897344389,67.53812241631215,22.190070933954388,11.53911542738548
609.0874271373924,68.82788831277962,21.924800876582445,11.339619034841153
609.921440948495,70.50047636380704,21.42350604246303,11.308796875657407
610.2333463583792,70.50948508252652,21.046315400917404,11.266334858140317
609.3951695888342,71.45959739572693,20.89831286090586,11.48514404521605
609.8465260815252,72.58921089391646,20.496652731969192,11.463427729989341
610.8563089605244,73.32145155548055,19.80769152719345,11.886786677857259
614.0967456071781,74.27537314908862,18.193059688964034,12.244942330973153
612.1040472052961,77.11318005290377,18.08720130473989,11.98794577187801
615.6844003342417,77.40732338650405,16.434330435032383,12.458386369081763
617.6284746945237,78.25920707630924,14.922688519888167,12.897765504363933
617.7633039399806,79.95812808393555,14.225295653974323,13.01079919101563
618.0904638889768,80.89875947257465,13.298518633179203,13.41920926529991
618.4144428835754,81.96585838738417,12.246511724304256,13.707431937389856
618.5557986237758,85.13792077735785,11.275720409919145,13.066676298067499
619.0199088120314,86.27677259560119,10.624077029257554,12.655328557576919
618.4638674027324,88.60889508809194,10.439521359086063,13.080732773034859
621.0013942718506,85.97487761910568,10,12.196553660714406
620.5049419403076,87.20503661160765,10,11.492072162526894
619.8323554992676,88.02079950582012,10,11.22121837117226
619.2441329956055,90.31306403143391,10,10.57429613146812
619.0023422241211,92.36457252502441,10,10
618.0046691894531,93.38296699523926,10,10
617.1892108917236,93.98953437805176,10,10
618.2121982574463,95.79854011535645,10,10
617.624080657959,96.40437507629395,10,10
618.2061004638672,97.46300888061523,10,10
617.6478023529053,98.44923400878906,10,10
618.1322689056396,100.30577850341797,10,10
617.6100330352783,101.46353149414062,10,10
616.9876575469971,102.66619300842285,10,10
617.601203918457,104.26601600646973,10,10
616.9326477050781,105.05943298339844,10,10
617.4583530426025,106.49053382873535,10,10
616.8858451843262,108.4995288848877,10,10
616.227216720581,109.97211837768555,10,10
615.5998687744141,111.76345443725586,10,10
616.1605110168457,112.10569190979004,10,10
616.4683666229248,113.87798118591309,10,10
616.4192390441895,115.57717323303223,10,10
615.814775466919,117.10780334472656,10,10
616.2383403778076,117.99468231201172,10,10
615.1331424713135,120.36639595031738,10,10
614.7611255645752,120.92477416992188,10,10
615.2216892242432,123.62922286987305,10,10
614.5496463775635,125.08041000366211,10,10
614.2183799743652,125.63176536560059,10,10
613.504497297954,127.38267517089844,10.047749025918097,10
614.0089244842529,130.12384796142578,10,10
611.8373739551724,130.75743293762207,10.314956221735201,10
608.1536027484324,133.30403900146484,12.029452980918379,10
607.4665737091287,135.40564155578613,13.5363502624065,10
606.0361299987334,135.84916305541992,14.675989056488397,10
606.0665856479999,137.5860756244805,15.564101958394708,10.334204036683559
605.8348616347403,139.48650020342322,16.203090908986283,10.384192586317646
605.5713279701089,142.03941917419434,16.83453217013375,10
606.2444649402031,143.2046070098877,16.979003774379,10
607.0988708072928,143.99905751811403,17.528790367836244,10.565079238674297
605.8157082279988,144.98728691119584,18.23585878203942,10.985314635860302
604.5972179518569,146.0779244335516,17.974757364108406,11.70702039559212
603.954482530436,148.77108230150876,17.83360772355183,11.608012398935605
604.4732792956967,150.32098457873465,17.662263277503143,11.943949269044346
603.9331011477248,151.31133266471295,17.49209314522433,12.037967757732304
603.4654576744322,152.43206578544996,17.505169398450118,11.858391164695766
604.1426445567486,155.7791102534565,17.548702890897445,11.160113691085002
604.2686556786755,157.04664387659162,17.392055708078622,10.901001645010142
604.046089611569,158.93296831642502,17.494521216315174,10.580314282677302
603.4774498859884,160.17686497812258,17.47180082006411,10.296157128715764
603.599118605272,162.26556777954102,17.31938669082309,10
604.1744906025807,163.43963862374994,17.39325588590307,10.126582127500114
603.433530651977,164.56431622303745,17.136627508301967,10.190142730927027
604.0796823487813,166.78383635784348,17.19042778290624,10.445198072887228
603.5790119181188,167.27240671216757,17.16432571210222,10.646054953350404
605.8169245382626,169.95208088891744,17.596688338025672,10.886773738522532
603.2260686643057,172.44235306977387,17.220672272218795,11.221449255960085
603.8676339590639,174.73751374755807,16.820937831383816,10.967095917969809
604.0680955441273,175.2777510326497,16.755109113161286,10.792260996224083
603.2769559968162,177.6961700999566,16.595448663105905,11.25410984281142
603.7404785847236,178.38055226827237,16.2900541830919,11.661174821365424
604.0708366015526,180.18109597312036,16.001648787861445,11.709356515673344
603.9088952729629,181.62449442021008,15.658573589816385,11.888878133456782
605.717020138942,184.23594523553206,14.654460698678493,11.820097901738617
604.798930471256,185.3230931576973,14.541863788933433,11.811939752720686
604.6640475240374,188.40443088053004,14.386001021261004,11.438387842211423
604.0287010508197,187.48438848488735,14.78321221720829,11.307666511670627
597.1303747556603,188.4042063747124,14.331302948396173,11.079591553553712
596.5185226953969,189.4023527355978,13.86468037824926,11.066498905025114
595.788939340056,190.86058745590148,13.633562359927136,11.236874862366959
596.2454792649779,191.8995184653128,13.32962862824735,11.121083308632219
595.3657316671065,193.2153351978541,13.397828200210903,11.393121108198063
596.1422696901129,194.3155524402773,13.234862170067217,11.293749398009886
598.4880467394094,194.99001919150706,12.570335201601155,11.556525490276911
602.1697104961047,197.90998977442578,13.005023282692878,10.84510529001561
603.2730033934822,200.11770830735682,13.636831652977003,10.970630443391801
602.3959247996358,201.9756203154001,14.00655890902907,11.164317993467385
603.0781245826747,202.803315242464,14.20285499114469,11.33601554168329
603.257972320889,207.0081700121205,14.435219603827324,10.852216952077343
603.5355473651705,206.77053088578947,14.827945491827041,10.90263711147772
602.2140652302799,207.1418286655069,15.512898134410936,11.168308001017488
602.9429463209163,206.49718863117693,15.586832272718159,11.166759364843404
602.3175844487783,206.7681295545192,15.64202607924991,11.499236649018266
608.1713811397093,207.00962494052584,15.72417421350134,12.687033688284279
611.4538449148178,208.2999396996858,14.388780812454252,13.384365900921342
612.8847606907603,208.8823674291935,13.094389293528138,14.076402073986035
613.0591776621343,209.59961414939954,12.720927665233447,13.948450076445084
610.5334295647395,214.2773688118619,12.562211152503398,13.649482194391453
607.381024349573,215.35926816965923,12.9145450813716,13.16311649271279
604.7811272894282,214.27097921460526,13.410565703126,13.22375430882659
603.3168101525082,213.47396074766527,14.182221369788197,13.38430430423001
602.1136599682492,218.12883340979337,15.019506235376683,13.99840236376284
602.0887532704072,220.3314477352153,15.548327352007817,13.336871833036192
603.3938941316826,221.36121248927324,15.803112157777292,12.345045571990646
603.3989168413397,220.74016430786082,15.895193813658686,11.28058523315528
603.3097011020441,221.10436427615141,15.67469188160519,10.344341516056554
602.7263954872337,218.8567891383317,15.345949412495532,10.215224213570965
603.3786826884079,218.449951171875,15.12331089271544,10
604.3936729018238,216.9466609954834,14.706882559389332,10
604.0838479918932,216.12798500061035,14.701135650735022,10
603.053274484558,214.6702651977539,15.031894024048253,10
603.8368617913362,214.2672462463379,14.962770100188877,10
604.0177478675819,214.4134063720703,15.016090415959257,10
603.931169600779,213.58447456359863,14.8407056897994,10
603.4157317207115,212.50477600097656,14.998557463118003,10
603.5489333741738,210.22884941101074,15.028945232853548,10
604.2881109271352,209.311846617647,14.70917853635446,10.09478592120015
604.9320924018003,207.91232819868742,14.156803660754878,10.295380681482595
604.8126833448114,207.0608883955787,14.170188425123307,10.35797098105938
604.8573942163796,206.686834992928,14.12388420518024,10.277365322981911
606.3294748026747,205.38485667039774,13.53909421789287,10.50615030666546
605.4984974986642,204.4847752199433,13.45567986839424,10.45225589556267
604.9423353088055,203.37016269320108,13.457187292545232,10.492744987132973
605.4852081694551,202.45080228668547,13.408528058062426,10.523890574334132
604.9290547661969,201.85884433370936,13.334090174637378,10.28700722491529
604.9408691495072,200.74381234688119,13.250830060360586,10.420357178796229
605.2723381685713,200.10668332965696,13.267304864029171,10.496449319689962
605.3726684683439,199.43141923377777,13.30581052424969,10.256317416233516
604.7689609982316,200.19183349609375,13.409553436886492,10
605.3355992565301,199.28650283813477,13.622300479859602,10
604.262968513272,198.5840072631836,13.752013260321391,10
604.9896760936753,197.69947557185105,13.747019577786302,10.037721066991253
602.9497375992961,195.48474767863624,13.72438039222806,10.415838657620103
604.4239661417532,194.76743386542302,13.534472043886181,10.709211858997708
605.3200808606562,194.3088166445081,13.447660239136898,10.842060619675205
604.6441444195298,193.57129255346467,13.445266001028452,10.760319403568706
604.9521847247877,192.73117131524788,13.61552419666494,10.761427511105829
604.3346470275371,192.85263607179775,13.705755535990178,10.797733837849831
604.8439993618684,192.11290825958957,13.57428078676124,10.84424802549857
604.0469842530322,191.78299228367257,13.562273864541002,10.664716879188084
604.8024027547548,190.9718874944119,13.442515810070589,10.539215276068788
603.5767042037068,190.28253986499735,13.655418039119585,10.441477734604922
604.1849113599633,190.25804431871708,13.763088962202254,10.28247245875726
604.6348069468795,190.4085554600956,13.797730771768363,10.13593778586346
604.6699272570911,189.45461356094745,13.718521798073665,10.15703416960898
605.1243142323304,188.71152819406421,13.735262068786325,10.229806160699717
605.6274710867123,189.14892196655273,13.721715694007084,10
604.6813291124901,188.42604064941406,13.763043679316732,10
604.5528906993629,188.30358695983887,13.835376895951882,10
605.5731479647643,188.4699535369873,13.483338927649118,10
604.793862996537,189.1943302154541,13.623104695402684,10
605.5046669974586,186.61779712923126,13.381123158403078,10.051515116537484
604.7560745506139,185.6985626220703,13.576916450530092,10
605.1179580231451,184.94598388671875,13.493232818455883,10
605.927516701342,185.54609489440918,13.203209395167434,10
604.9231688829573,184.62463569641113,13.147299319046473,10
605.4769516637766,184.41211891174316,13.416114677817866,10
605.110438779938,184.5464153289795,13.367116061950073,10
605.6171912613595,183.71749305725098,13.189357864243904,10
606.0542064064567,182.98406791687012,13.058060575758343,10
603.4160272628249,182.47567853724453,13.568694680893357,10.032495311985532
604.0141998016736,182.28325080871582,13.737480981369686,10
604.9570197478503,181.7828197479248,13.792724725490823,10
605.2472097599126,180.71754597983704,13.567077214794018,10.524548543255605
607.4545258751843,177.9779149421407,12.273943092160593,11.528625224361189
604.7830550306071,177.05472448998518,12.802065445377545,12.385492731455415
605.3823996635927,177.11105648333464,13.063512592980612,12.744447397100258
605.0615647979984,179.79926496619527,13.254624615428959,11.925784947980572
603.6095151576496,180.4322444468819,13.657796924691052,11.098680204136576
605.1644387319174,180.37570584542047,13.709525093538417,10.408115134110211
605.0785060733486,180.5048999786377,13.93675311209173,10
604.9490509883674,179.81157112121582,13.811225721019202,10
605.5719228552666,180.1704864501953,13.887766685707039,10
605.9845044096777,179.50912284851074,13.762592895732459,10
605.5226331648212,179.50899124145508,13.608954251412303,10
604.768304756064,179.33654022216797,13.552436966143489,10
604.7435820896361,178.69522094726562,13.85804684978052,10
606.0260233121774,178.12478065490723,13.586690100498839,10
604.451650283931,178.20735549926758,13.842823699716114,10
604.0472535027311,177.48218154907227,14.104768964996868,10
603.7223843912711,176.4653351684253,14.299188736989045,10.276086254946268
602.9373501904207,175.37392599577495,14.914472745379287,10.50992236147744
604.2876786410843,175.14201376495254,14.641138231747309,10.699565457155467
602.898476062022,175.74666051435776,14.525855187967672,10.670237931245438
604.5091160769301,174.80437207218566,14.12216396430375,10.738702297279099
603.7746953653876,173.9270377277029,14.08272367962521,10.919529891273898
604.4251119053189,176.3937718845932,13.77790042642275,10.228935723001058
604.3184083389789,175.6282931918053,13.557278933614569,10.107247997492875
603.7096357548351,175.0240846572844,13.565767247654128,10.020819485480029
604.6292311090283,174.7594001329069,13.193834992636823,10.074854366754572
604.851405925074,175.13252753304567,12.990368234080437,10.067742938059036
604.6339841371741,175.24323654174805,13.109961413151758,10
605.2156956569742,175.5201644897461,13.023564740739285,10
604.6334604737332,174.69240188598633,12.928677654828517,10
603.859510928336,175.29118156433105,13.007655084245998,10
604.4919214790168,174.9869384765625,12.9009417404526,10
605.1416538442118,177.00171089172363,12.72732005815851,10
604.0997935963409,174.93517303466797,12.964860591741994,10
603.9270002692406,175.30343627929688,13.169944316255183,10
602.8468692839651,174.66793251037598,13.522020709413447,10
604.3499994901972,174.67871856689453,13.331914776929823,10
604.3900696593574,174.31081581115723,13.193310388316435,10
603.3538836483062,174.98277282714844,13.508838843524202,10
604.027567570744,174.53431701660156,13.478972066763953,10
603.6872900282826,174.11513137817383,13.397396414382047,10
604.4896211106458,174.70930099487305,13.259477718894004,10
603.0715140108936,175.14917755126953,13.80065941717766,10
603.0573266196911,174.1078338623047,14.134812703000511,10
602.9680170144894,174.94033813476562,14.288354093579859,10
602.1522714155224,174.66107559204102,14.6753880466409,10
601.9344268972109,175.01918983459473,14.918156398449288,10
602.749284045314,174.2543067932129,14.612882104684502,10
601.9459266184167,174.5277976989746,14.66187677415299,10
602.4996965083753,174.60233116149902,14.539066761081378,10
603.0204606183561,174.64340209960938,14.375891660016396,10
603.6797638854032,173.5864640399167,14.202052887152554,10.106212392578708
602.6375540677975,174.10186386108398,14.471065723047547,10
603.3421324848476,174.6799259185791,14.2492448569648,10
603.0957749001927,173.83275985717773,14.326180912505063,10
602.1431838840269,173.92551651918217,14.747548705334697,10.05603330685053
603.0416290187209,174.9527702331543,14.432603473788644,10
603.9196802170284,169.47563208383093,14.143358987329991,11.099517082338116
604.0313030122447,166.53533938730638,13.622635674729235,11.012653287154794
606.6320049657131,165.66648235645252,12.311788103241756,10.873208230210185
607.4873377503548,163.86661348428933,11.07107797829438,11.322906301684991
607.5066757951704,163.10879137259482,10.522144167715906,11.447425799732233
608.498767915898,165.56191696579563,10.043952815664834,11.19433470854547
607.7582473754883,167.04866753706662,10,10.56250837069097
608.321985244751,167.61156646849986,10,10.199390561535452
608.6811103820801,168.11963653564453,10,10
608.1186676025391,167.5440845489502,10,10
608.6650772094727,168.08763122558594,10,10
608.2417049407959,167.4762668609619,10,10
608.4423313140869,168.00002098083496,10,10
607.7510890960693,167.50132751464844,10,10
608.2900676727295,167.8245449066162,10,10
607.6736869812012,167.9952761063725,10,10.053705904930759
608.1960773468018,168.052828753836,10,10.180246422992052
605.71679122087,175.55580139160156,10.971355302400525,10
605.1646202169976,175.70259284973145,11.405737288172801,10
605.1307405365195,175.48711967468262,11.837376806599579,10
604.8663122438091,175.82644271850586,11.9489436581336,10
605.5670129797405,176.29055404663086,12.013583751212279,10
604.9140140849129,176.31938552856445,12.077474149510147,10
605.3554059283442,176.7720718383789,12.501365419922898,10
604.9137805993932,175.9704475402832,12.83339232294211,10
604.3728735719861,176.91703414916992,13.171264117014008,10
604.8779066226253,176.31333923339844,13.527210588977859,10
605.5739125914812,175.2984812951552,13.32982450575827,10.135176997091957
605.5543193652726,175.86283001296047,13.315219912033049,10.148630440387663
605.4824463164938,174.99209168953072,13.362774603340583,10.379082612149485
604.2325595383146,175.80389434569793,13.52823572073402,10.000022282725265
604.9503651235274,176.56599807739258,13.672351723160087,10
605.3518612631077,176.30703926086426,13.589707802153614,10
604.4876635705576,175.49261136512504,13.630084388425859,10.031794634251856
605.0775610956955,174.53170400025394,13.546496003189164,10.296649830302686
605.6984924701063,176.3476232230553,13.608306044894787,10.196862471125703
605.9195167372739,175.95722098546742,13.43042148150705,10.189836593518304
605.6910072501719,175.35073300070593,13.5428855545879,10.3092227803264
605.3927957188472,174.15733850463369,13.680728600147454,11.341115227060728
605.3974987490934,172.8607812375625,13.972733214703727,12.531130701144571
605.362504010407,173.04435998013753,14.174043645445897,13.123136881765948
606.0702611878186,173.2293607172349,14.10047493881589,13.306983674172768
605.5399102446901,176.1924639432209,14.254877234008493,12.16176019339218
605.2899034194741,177.78814589924758,14.074108566325314,11.071928263760714
606.7569393044816,178.00182920563594,13.673083518722198,10.637004735700753
606.8768000197921,179.07224082946777,13.423913082974392,10
606.7514579800169,178.14396715392886,13.407911676685076,10.044005389407904
607.7973701567358,178.935884475708,13.468667584477608,10
606.3593798082095,178.6358871459961,13.699308315709828,10
606.7711930035069,177.99037461145693,13.777094888982127,10.024965193590038
607.2822186301277,178.86791038513184,13.617546687498493,10
607.0271645280636,179.408540725708,13.776820998804418,10
607.9146124673955,178.5646686553955,13.622259745384856,10
608.2505842557349,179.37636756896973,13.434435583989252,10
608.1353513596722,179.85163260600402,13.433196664200539,10.134728409818127
608.5230180183529,179.64987250942988,13.60329028775708,10.135801856140244
607.7832303191528,179.92745780944824,13.583048791626052,10
608.1911406875893,180.31813049316406,13.690369534245203,10
606.963879336195,179.46092586168078,13.88398983224874,10.130489737820108
608.9846391878244,180.19488716125488,14.132642705894051,10
608.2608744089129,180.53232792571185,14.432589255904835,10.24152319520715
608.3522988692448,179.63860917095306,14.437320443883525,10.339297771375117
608.2063146622977,180.73513361272728,14.599016946156452,10.138497422982944
608.2056639154733,180.66414626183146,14.73729658921938,10.461014116962101
608.0184953806805,180.64675309246925,14.875721335806858,10.618854960081027
608.7951787063442,181.17704141944563,14.928975473053697,10.429105027319693
608.5144178300337,181.0204231728231,15.134017580899423,10.634873869197548
607.9815871832002,181.08223430570962,15.33550498540621,10.527425919830772
608.7647672963705,181.90673670360275,15.2774150227376,10.132945355001539
608.9960587473171,181.31849701184655,15.482926755854045,10.241908411609614
608.7246398206175,182.03537752820245,15.562667990600971,10.087379404044356
608.2752473022643,181.63021750930028,15.704506463586572,10.288431253372092
608.3134608418868,182.53070831298828,15.43614670611904,10
608.734215018599,181.6048355102539,15.454181199374311,10
610.0164013848756,181.7981746727475,15.018241694359975,10.007089985559674
609.3632377310619,182.68242645263672,15.024466768100897,10
610.2476822543179,182.664794921875,14.66346422671576,10
610.3100299526104,183.32194900512695,14.618072571585849,10
609.6082355277118,182.82299613952637,14.824861189449324,10
609.0868679083795,183.4634666442871,14.826245109754652,10
610.0003945277135,182.7561192043113,14.720711341301461,10.065341089668436
610.5486931255635,182.68630921559532,14.276324381197064,10.043401008506638
609.9035147391628,181.946326103978,14.283516175971219,10.123915022268598
610.4498980221144,182.496087938042,14.484565222860947,10.069233120498065
610.6750970031211,182.39800857025776,14.547305078230455,10.035640269152433
610.8288302300161,178.00278400602627,14.773461366139685,12.047246471590014
609.894018841815,177.08229603291284,15.020029638147468,13.700501165375503
610.2370789349048,176.99655949583075,15.149991452700135,14.68480230350449
610.2606369654542,175.6010164144037,15.41313234960924,15.81752893877075
609.4542407516648,175.05465919954503,15.903904055752573,16.668170309406026
608.5757312788369,175.1393779491931,16.716297146915988,17.13278890141849
609.0388874564347,175.4810313102075,17.370764821017243,17.2228739030225
608.8713862925953,174.93299514054283,17.771753781996896,17.311972975750304
607.6756332480624,175.4487739192839,17.940321333465125,17.436039807916586
608.5323411787816,176.64481617834468,17.725333816753146,17.326349698974674
609.1946307440289,176.34564428971544,17.609243150613974,17.591433893713635
608.680160898456,175.6199909999859,17.379698955041,17.798653253934464
610.2148309262266,175.4247105851709,16.728701489832016,17.855183932197242
609.8958537770188,175.17834645996325,16.405146083657748,17.883190502925075
609.6564045045573,175.9203252352704,16.53450391813153,17.752077190592004
608.7712152100692,175.91853880566765,16.721355895779737,17.610477930656856
609.934861382254,175.1750786354832,16.623838026507745,17.821397294463253
609.7695454578056,176.41380064156147,16.774080471107514,17.189068943927868
608.4053025372018,174.21238385086804,17.04764840460019,17.78703191984595
608.6847882539535,173.85542976962307,17.57688803066719,18.177240131164012
608.2802772150045,175.60763399990577,17.957489088057326,18.005648748235313
607.8220022837426,175.64499486921278,18.11701227821804,17.583568306008054
608.580696021721,175.42526197536213,18.383186508804094,17.41030216011557
608.8229002486302,175.96394535990623,18.138981912407626,17.124057827550843
608.7791028538945,175.49525841643253,17.764830486058578,16.99813062807244
609.9928103682352,175.73041831193143,17.16026854575621,17.093438888832466
608.9965782025789,175.56820185079138,16.87979891710777,17.151987411698503
609.4968803728776,176.28251766916568,16.863851864107943,16.758794312547515
609.6417023744398,175.84697479979246,17.010174352683052,16.88529692141115
608.6108593386776,175.0985978225476,16.854346386121286,17.17759836125247
608.8048184815747,176.5008518967822,16.887601196030253,16.359029238662202
608.6081644959537,175.23993894970974,17.04607640360047,16.747455169428154
608.0056578544516,170.4838994625519,17.632727259846973,17.645993494329772
609.8072397038171,166.89889935749588,20.040038719807278,16.2416986604965
608.6180520536033,165.81974020546306,21.590014362031656,15.337562740929357
607.7510793511127,166.82439221623187,22.224495350508974,15.530872549958115
605.7610713990855,167.23728213630832,21.684705346360182,16.461043637539582
605.1824929638308,174.52100514478883,20.597759738842445,17.011479395480915
607.1575750770626,173.06502386331542,19.58965789030839,17.492648196220728
608.4413913617343,174.02684960175392,18.457823965984513,17.74107771299607
608.2945709600701,172.5484599045655,17.627372667262016,18.502773489208842
608.6391734436722,171.8558698009727,17.11218655992117,18.575652060652235
607.9022004367029,171.93720075683328,17.07426886536385,18.604396398931108
607.9149200391705,172.64071210426457,17.3585678196083,17.932999924771632
607.6684302684783,172.65026717747946,17.316139340973002,17.65860260793171
607.6187573337489,171.77175558561564,17.342212505353785,17.603575925936713
608.3776803689777,172.90458450362635,17.007326945150034,16.93888549714181
607.9218875468138,171.65971204849305,17.163533866333516,17.014377172545128
606.7421721276278,170.62415955124598,17.382591474724986,17.223848866258034
607.6982611460609,170.2920538862234,17.313621750847094,17.498556717299287
608.0001924844736,170.51544371275497,17.695202189255852,17.30595797243928
607.495970078527,171.3880926012919,17.732791288258618,17.343375039115404
608.2579126714008,171.67765267245207,17.953817296358384,16.90719160333805
607.3205381387664,171.02079082569148,17.77242927666638,16.82567451316781
607.8513232684995,169.44549035287957,17.904195504016485,17.041987433889293
608.4417431961256,171.17374536670403,17.70084893489731,16.552159840322396
608.0519671519193,170.2108344985613,17.510804160516987,16.401817331002405
608.1109766880513,170.54718839994342,17.499840752315247,15.842001679117054
607.4192104976571,172.28575028574105,17.434573999803057,14.992861000783535
608.1816606173373,171.83285534874943,16.997938225774618,14.085044612559754
