305.0,372.0,36,17
303.430685902206,372.2084171106891,36.62079067117392,16.74751056621949
303.0330845172052,371.7452978325528,37.041863192152064,16.65852848040222
302.6591693657074,372.56541191011274,37.35426869046024,16.39329269588774
303.409125495363,371.6868687179509,37.62812199511377,16.4473990387075
302.3921415141381,372.76511096305154,37.699275626508964,16.257406247725093
302.04436864641553,372.47941526024994,37.78315754359471,16.279084518562577
302.3787413945607,372.2802921538285,37.798204161562225,16.11003184224538
301.64971974863994,371.935570141312,37.88175099344275,16.137046057708076
302.2035927754815,371.44666912790854,37.9179639851698,16.161608643597024
301.419124887093,371.9735989809627,38.02362766722021,16.174216222644834
301.2926884135419,371.52426958145077,38.03255072418574,16.20287227508674
301.18292106841636,372.00665849804204,37.956652370003155,16.264675252451106
300.8322612309183,371.76178479090925,37.9741341543744,16.353002073454974
301.0645394427434,372.2763308045344,38.00935647828271,16.31779127179059
300.88961242901445,373.02702832964894,38.031840815799185,16.20874546472557
302.08133238394606,372.06987524975,37.888246181814935,16.29430101417187
300.376441270731,371.6978677485221,38.02009719486608,16.356179480983048
301.2611628189409,372.19562100417716,37.95351969903226,16.182541866157376
299.87932364961466,372.1928063757774,37.94653763729417,16.188476298738145
301.0383279843705,372.0110957708499,37.89764060108328,16.20859764287046
300.3032027239702,372.0409484980733,37.824380684872125,16.224850440376834
299.558280337933,372.2331576362769,37.809289238684805,16.163651463285973
300.0393872291702,372.4760095156152,37.797904008456506,16.121467296894647
300.310451316343,372.85820826556613,37.80439033606401,16.11469919152394
298.96889530981196,373.2196369294542,37.86789633105969,16.112468694802523
301.01103235623015,372.383432162428,37.81064555365299,16.36233947153071
299.9348810321602,372.61848134356444,37.948482869761676,16.247152913457064
299.5806828658255,373.29141035739747,37.94398857743106,16.17171877495121
298.85893286265355,372.7991540177186,37.93329546854052,16.312710336144814
299.3186601616057,373.47062911587153,37.97596092678859,16.213359077827196
298.25719708326903,373.0607787328308,37.955340025356485,16.311578520666608
298.27066936361314,372.45408891512704,37.902417376289364,16.320803187812285
298.15050562190385,373.2342282168173,37.91355021859462,16.186694933552886
297.85807721084393,372.7805087214393,37.93673864471838,16.13411195165273
298.80852807703155,373.7210734838499,38.01508495921812,16.086043645093113
298.1739733038387,373.42819818704385,38.058616197498374,16.138980212826347
297.3585367220051,373.17167450209683,38.02448081624364,16.154674982622744
298.07650894833387,372.91663859937347,37.94624052618387,16.15215828709286
297.3684727821433,374.07686957119864,37.86027581022516,16.09021074773943
298.2725529754645,373.17906860869743,37.81342218627795,16.220628651745766
296.98132797998653,373.41871908825857,37.810888351550325,16.275957514400798
298.3392722264112,373.694302811674,37.765066692197095,16.306409330265254
296.98471451835576,373.97193553375917,37.826683023835365,16.184234096055878
298.0783969215779,372.820836366837,37.80588315879737,16.33170067941192
297.51359929185764,374.09165126722877,37.894821374780854,16.237420426968278
297.10916848001335,373.3270714811386,37.785340408137344,16.27552927893369
296.41446522211214,373.86975927881906,37.908404760853855,16.239920224100203
297.26696510572333,374.5209439186747,37.951749415018135,16.16586820513115
296.4765811586347,373.97146349551156,37.922226781851705,16.25685633417219
297.23368766788974,373.202792302933,37.86283248892761,16.20073100692694
296.49397026563304,373.72477365384395,37.90736128758157,16.102996332448825
297.27639419978476,374.3229749463944,37.91066680062583,15.96882671853928
296.5525158303742,373.9192695669359,37.941133805560185,16.03948973575712
297.224790327981,374.65681286948626,37.99097110185046,16.065837456828287
296.4204836327872,374.2289432335948,38.00179091313658,16.138617744236118
297.14657321390354,373.6280446099759,37.97166222697808,16.216742506122376
296.41905957805835,374.07620106013434,38.00629460120756,16.14129142221178
297.1607630136344,373.4947967766323,38.01677658503588,16.211624098102508
296.47969231248317,373.87280207634507,38.075153644076664,16.104104404438786
297.44009685491073,374.7444613845749,38.032609940080825,16.079161947647094
297.003643631436,374.55427163121874,37.94914889435462,16.148361339613267
297.64574673355844,374.37326032899364,37.81753058073468,16.20564303830175
297.3081568747306,374.05861327107124,37.80162448296065,16.202559529634897
297.00812378404106,373.8966809506045,37.894557180453,16.235912085607385
297.92441649192523,373.83169293381405,37.870901208044046,16.11599493071174
297.14039922863293,374.4887686027974,37.87877032935526,16.08737368307709
297.3286161913309,374.39719707275947,37.998475930326386,16.112573017566998
297.81144580980134,374.23703383004045,37.98990134914737,16.09141543318077
298.4394518851959,373.9249475422596,37.96226749425659,16.11660424409414
297.5298498500489,374.83576179914223,37.99460633017566,16.109741660504618
297.89751101312015,374.7648609349863,37.873389228642466,16.065813408347722
298.3787507816088,374.7354644637157,37.741720238540154,16.06571505450218
297.94279559902674,374.6726952986283,37.830137561712164,16.044799527255137
298.20320549582385,373.4645496396951,37.918891132375755,16.145722192777775
298.15773847556267,374.11465031355885,37.92617649125748,16.204407563800245
298.389615835568,374.0919236424621,37.8666576110905,16.200697087634317
298.7938001371646,373.91459014866507,37.828720526451974,16.18177551321672
299.4092833700912,373.66542069893217,37.815176545950436,16.113006258385667
298.5843553377083,374.1450238213737,37.944547686399815,16.077124598463573
299.6080905485161,373.9110129388361,37.913488092421,16.216685670179352
299.13472772579775,373.772400781645,37.886519890201434,16.15473762128035
298.71533064389314,374.23733742474263,37.89315310430362,16.073169083620215
299.6446782184848,374.2755580900806,37.77907923197576,15.939804840346554
298.8072702125835,374.22058983680733,37.824317607059584,15.94046552902206
299.9863501396198,374.8654705415652,37.79013999175649,15.8951346614986
300.3234591313403,374.2353267120633,37.58423713282724,16.021892657416405
300.3522440497935,374.3424917525209,37.69567364357704,15.993483291833169
301.00173654959866,374.4525283397329,37.610799972091726,16.07633522727244
300.5646162478006,374.48254377515593,37.761873156254296,16.09135471043038
301.08867359249194,374.47615673919836,37.59011649909816,16.049708311154113
301.4744479839803,373.5260016437277,37.607172452449475,16.322813607075844
301.80909753130857,374.30875065726184,37.517371648808705,16.30994314348414
302.56992894116524,373.87137103830037,37.51551473729845,16.34024284771569
302.24969256004175,373.1355285554528,37.552746532748564,16.45262910735605
302.52742934230156,373.9756284089473,37.52813386910779,16.298895769996136
303.1504165342443,374.0504342782116,37.39802709996848,16.135818150119754
303.3431739897814,374.21838397293607,37.49472044084739,16.069007505788033
304.6167064249654,374.3514293337152,37.42712486979579,15.974837560596987
304.49037820127523,374.5781024407802,37.53560864871909,15.992461500275603
305.172477473043,373.57398701200793,37.4595494484453,16.100027074616996
304.73761951434096,373.83198759098923,37.652507553349324,16.073207435209024
304.8975872745592,374.26605188711324,37.597502758010435,15.966309311710992
305.529252017919,374.64047213657864,37.587812492482236,15.880951478795852
306.8267703420576,374.2461576002212,37.35820095406838,16.019960495358404
306.1552631245471,374.43899971605157,37.62000811369875,15.93712507961565
307.83682793830735,375.0549016634908,37.73435651352207,15.89507948551837
307.4586110081022,374.4516912069337,37.608664519440126,15.962653047558442
308.98437142890015,374.6991687060713,37.58698223985599,16.000695180630835
308.61480154687644,374.1767513297987,37.56977434765342,16.12828597565651
310.13754974924007,374.49924797088676,37.64708830669561,16.157181853636658
310.64635821764136,374.53460444646345,37.666161128193885,16.05981179799109
311.0298060434404,373.55318721553317,37.57726688040445,16.194582295007883
311.51769515766057,374.25753357875806,37.63662201378041,16.15654844306983
311.6810787011972,374.2293325661602,37.6662010570783,16.101034879886534
311.92995886423705,374.6982189252285,37.68385973734621,16.063652786750076
312.93915705485637,373.60479083774885,37.47034159097083,16.1987435198148
313.47408462047747,374.1293897855217,37.5925259494747,16.13012881518701
314.7662701257339,374.60319448669225,37.65437991454784,16.14042041382252
314.8202561446994,374.4052744331412,37.60715311587467,16.065053855885644
314.79532322040166,374.9023691688325,37.72746879357166,16.005999272198324
315.5532386054409,374.06745422669957,37.61451583111038,16.003442987030553
317.2114843467231,374.1856740257173,37.765172175694374,15.922009797686504
317.0927698250204,374.2516910448281,37.88607747642402,15.957234975773527
317.5943633061634,373.6470368725491,37.743493846657586,16.020188645038544
319.2697179340327,373.57908467838456,37.69281053086036,16.134303482586354
318.9133151851304,374.3742714656727,37.779494507668915,16.103286597463192
320.3843127507702,373.70235838056016,37.65047239885017,16.17375156163355
320.806077311573,374.493790217881,37.75519309413917,16.140143258085672
321.95490114106354,373.7029064925801,37.64438930722838,16.291467898628856
322.96976686968895,374.17059673369994,37.74622675866893,16.13650581238531
323.93497811876784,371.9548904412578,37.80845715357762,16.37578735478905
324.17687333937727,373.14531279317157,37.93126461274933,16.438851342367744
324.9655839668031,374.10896391284933,38.12847104344466,16.382459747543486
326.3043622414879,372.4787023488974,38.120714298762394,16.252441798787192
326.8562617436667,373.4117006840833,38.30565735983456,16.16437634179432
327.3054121543653,373.89153011616344,38.28159359898426,16.028333505466136
328.6904832417365,373.3392725867091,38.066512764573815,16.120961967695
330.30198665714846,371.75487799953885,38.0774918346289,16.174982160101955
329.79160279457767,373.7026230337528,38.06969510664545,16.2137038226311
331.29818780417344,372.78693461826106,37.97364697466095,16.281080714649796
332.0486542222818,372.26054233385855,38.005909634049615,16.225085376228193
332.86018577480564,372.92692056082365,37.96605270575976,16.117769901301912
334.5821191946345,373.0842630680745,37.99168354676615,16.02780870271816
336.03429346719753,371.2751511216013,37.86094034831983,16.049299502402892
336.6651645604821,372.7119824520076,37.79667740979754,16.1635747688364
337.7486315826038,371.96958619754196,37.81654909065172,15.983557097103553
338.46612631843254,373.3445865252292,37.68974901108409,16.18836753792046
339.52861022087546,372.4142067308924,37.556854265280336,16.320184255500408
340.2307293819674,372.73472027120215,37.64994565501043,16.170825876052724
341.3591543251992,372.8822482028194,37.63522223339071,16.009513298951045
342.9039870379184,372.680118301055,37.697030806975704,16.08693747015554
344.0776601537453,372.89205532855436,37.65784344983361,15.891197570430357
344.4897302751135,372.34457708823504,37.69889180573002,15.931451292279911
346.26674046410216,373.1263625437685,37.49456472609256,16.036245859728623
346.77725454274395,372.6926928460673,37.577876168418385,16.040578663334166
347.4904324972469,372.18525802856965,37.59037829163906,16.098798518056004
349.1768868316875,372.99377776600073,37.45530836787496,16.131478281475147
350.04303415600015,372.3518122346259,37.472197374034856,16.0726893124864
350.64137817726646,373.17822732354364,37.416912529744394,16.027929508186205
352.2464964745673,372.66255729513784,37.37675802742787,16.041172641169652
353.4192822394094,371.9791649311019,37.432858861024954,16.007604891214264
354.7831089612847,372.4985086828805,37.40054843485251,15.799346464805364
355.3333207059304,372.3358656254013,37.29975873462351,15.888632518728645
357.3781532686964,371.9247291822701,37.202395550009584,15.940359445518387
358.217529062936,372.6712783735271,37.19237565098342,15.962504593277783
359.87924841364133,372.2647330019015,37.221964293322856,15.841139464946991
359.9984160407912,371.992157271795,37.34479694673787,15.81156863512093
361.7569801933368,372.6128810821229,37.321298097213145,15.936537945617541
362.2984043823095,372.2342967823368,37.418961193877024,15.881908449486504
363.73258721979107,372.37746381423625,37.35198712047651,15.727311141058705
364.68920411592705,371.8241571033986,37.318742952227915,15.721223146718398
365.781536687574,372.5281780375198,37.25973393686381,15.577150699862752
367.09070941797836,371.8473802819775,37.25170952097683,15.570795771494199
368.55091701172194,372.4293992095269,37.35080269530613,15.55524882215716
368.99429471812937,371.91250565467897,37.5342529709678,15.67164701583738
370.9323928286892,372.4130769176176,37.68615580990675,15.571337619842932
371.6766593126523,371.81381138953753,37.57444626727349,15.592286888893703
372.8613710839479,372.18739454065013,37.3809870801511,15.418957866941915
373.89247831502934,372.55698479928935,37.258607212714736,15.348371710015025
374.6645239822719,372.1231939123163,37.29193897393285,15.478168144605641
376.49536008079457,371.5576325402501,37.31643163284449,15.735969355534916
377.15963207449215,371.5635301435864,37.26213386126962,15.682654983823289
379.12183501686616,371.31050746796535,37.466626597127004,15.726023333112263
380.4734178111609,370.9702731343998,37.41506470726805,15.8665597492668
381.14554221917143,371.4245140280622,37.33076462171575,15.837495381375614
383.0682208587529,371.10149480183213,37.40238427126369,16.004095052097398
383.7338562351171,371.617294988688,37.813728264629034,16.026922778971635
385.83801151303123,371.07247410213404,38.151529769347675,16.28272513557563
386.3968166637954,371.44507655888555,38.39871133793653,16.383818439846127
387.82448207719534,370.88375380949367,38.36988045010152,16.682306223786128
387.96664499471956,370.75142229097713,38.192358509096096,16.792481650955903
389.25030833952087,370.3978783242565,37.80734383121222,16.939778019455698
390.88047066837544,370.3325193109776,37.479659249186625,17.05347486681437
390.9717516867836,369.77177673106803,37.301186567839096,17.048426518332683
392.82382247386676,370.7323962904068,37.289252330098485,16.767888693600398
394.00884584845784,369.8487985112711,37.13259211656084,16.88213015030927
395.9563869231952,369.9292216793033,37.38493275761341,16.642472168737243
396.53573577245237,369.57937497913747,37.25181641896247,16.611742595436002
397.9707276700361,370.20173088178376,37.194866681412066,16.481624296002742
399.2015451462209,370.4290112504246,37.35663718558551,16.371355245732843
400.53081125453997,369.7772273787186,37.50433360664267,16.49124531580498
402.5841927418909,369.7063187271409,38.47055342002678,16.84593035577683
403.41677085389523,369.813866685059,39.27425400754154,16.793630460448362
403.9163614865619,369.49085742698213,39.39152019093868,16.911580434121667
405.36999145117954,369.81317835156227,39.23814362351979,17.070062059082495
406.6642243065821,370.309558321813,38.96291033458961,17.165192743581038
406.7653405895135,369.8038623325257,38.68520016862918,17.040956975573604
409.31283727388524,370.0079689225285,38.400509534260735,16.963203390294556
409.9335452256951,369.54178357679353,38.01978088650036,16.7244467624286
412.80352044639517,368.8807195948576,37.56632183914331,16.55143465061676
415.1877036226727,368.7269132082625,37.15020463209605,16.56478930613128
415.8058903241446,368.4159397462315,36.805074210109154,16.417746667204945
417.67649951277184,368.71364162983434,36.55668420199537,16.607453373632097
420.06873912921384,368.12756502695623,36.315951917353594,16.595677136028975
420.5807725489541,368.01193993344054,36.21862000218949,16.450355667786845
422.56601786141084,368.4850684832996,36.2729783152642,16.396524105178173
424.4511381871448,367.30866794560484,36.28775658469479,16.52257194570435
426.1494555860436,367.1960559879589,36.51653377420189,16.73035506509778
426.6352173835822,366.2280761736842,36.857563584886385,16.98348388310039
426.9682222890082,366.8362805448398,37.1741053487414,16.954254706218904
429.2146057164677,366.30035164090276,37.266192619798986,16.86468978460069
431.6050103054368,366.8534005976618,37.0716795234038,16.73183558446162
433.2908048245527,365.89141753549694,36.786081390933596,16.76164429912331
434.7925375193931,366.0047645508,36.32420383084273,16.603691113243755
437.37404568452195,365.77517807624446,36.15427526913973,16.667867419288463
438.80425409364585,365.165990612428,36.244770926477855,16.607777075925235
440.50952450053194,365.70698603977434,36.25184791055716,16.771521389689603
442.0364373184793,364.97913981446914,36.20482769458446,16.88792703610081
442.69405123259867,365.0112766178521,36.23089320130654,16.705130785291935
445.14766578773975,365.23914316176615,36.47857131758688,16.697082939163
445.8092670116199,365.0836073102697,36.595996921584444,16.605711710026934
447.7268155915743,364.76532836338544,36.86408732271082,16.759878246373646
449.77969271004895,365.1479056744471,36.976678727851365,16.738375968000337
451.2825911278093,364.30586072596833,36.956294489986846,16.808475081266472
452.7457777780886,364.5908433799496,37.110205308080566,16.747336982776524
454.1085306181449,364.94233479850175,37.27109794339769,16.702892964031626
456.3798151045422,364.0297988021923,37.42183493984139,16.991557485947354
457.83390793701767,363.371506586602,37.59701566893335,17.109251231092962
458.8393672255468,363.3959041559906,37.657103866777405,17.04946213479611
460.2037450974055,363.3744643315527,37.74787479542337,16.986964586406362
463.1518409643713,363.21098273131486,37.74012605465587,17.044510977800005
464.08275744315114,363.2534709839488,37.73305231340474,16.925614184446236
466.44391806810665,362.693624191636,37.74769242823976,17.075016631376485
468.16955151801704,362.4340631916463,37.693016714942466,17.15141249610192
469.24058560104305,361.88956010935993,37.696921754456824,17.097100484405136
471.697872296208,362.3961004560055,37.67617008043551,17.1606494297859
473.54624103506666,362.7984822013035,37.598428269222104,17.078336195537528
476.08206558080735,362.5557076014589,37.55905914600252,17.06457204073452
477.10821476861673,361.72744763558984,37.53040426403605,17.053237663390654
479.12200831690785,361.9778419195191,37.487176908664765,17.081234801098475
481.4455401986174,361.28109292972135,37.603594285382414,17.226556205986977
482.6562589006205,361.6618240458474,37.60018666653239,17.271101358988744
485.1540250351577,360.97795484144444,37.59855088183299,17.40771488986503
487.14233611667663,361.2209995617253,37.601298835982696,17.3141120215689
488.93799437610795,361.1739524411275,37.56532594504972,17.311305322823152
490.71534206376725,360.9091040278541,37.43310066250457,17.225584668901224
493.21524008430913,360.1712259186652,37.41883928938952,17.2420284483142
494.2413454315834,360.3031942233127,37.52618975206762,17.185123089019164
496.60909459585486,360.14630160858724,37.57629780780199,17.139258660266897
498.3793598170692,359.79842850229926,37.617134858049106,17.0891552634679
500.18519333291977,360.29787021359806,37.62865965984412,17.11828697758909
502.94742160785336,360.0807495890503,37.66139305138309,17.22885879309079
504.79683865364495,359.53355322513187,37.762294982749125,17.207750117119065
506.5335202327772,358.86324299803044,37.78172967604713,17.206642360872696
507.56514123536266,359.0292127784355,37.73972790525125,17.1103976853165
509.70028092862117,358.98355455702176,37.76439328191782,17.04657039035102
511.81902251098245,358.54123915106277,37.74121218018357,17.015834075804182
514.4661873301133,358.290619325225,37.669065769460886,17.072173214784378
516.2639916700253,358.3808530280555,37.82887395975407,17.128995237834204
517.322853700647,358.37751346444276,37.88666411970219,17.01862419416131
519.6600887845552,358.48606429832176,37.95148991135826,16.796464237829177
521.7383860069085,357.9283032941406,37.92715865024546,16.88664902695317
524.4600416092981,357.6182700828437,37.914366549470394,16.985101374839964
526.4041246142049,357.37788524572073,37.82037473399251,16.942097855726544
528.361168069573,357.86266619598166,37.84291044288537,16.911233770146094
530.3660840783832,357.1938571855075,37.72850994381946,16.91791917390689
533.1355201630919,356.93042070406113,37.777482623035056,16.744085654866034
535.1753227281467,357.6034159464057,37.776818838140095,16.719628373301944
537.5824391377269,356.87879960142317,37.80281886810106,16.664123209263025
539.5093340338924,357.1037449669618,37.67262374129713,16.56991485123267
541.6338926427647,356.7293167392151,37.576315666618896,16.568130437585367
543.9407312708089,356.0212187512145,37.5472712840659,16.428433469250667
546.1996371024264,356.42923210345754,37.66399636399484,16.342860255975598
548.1682647516432,356.6118133060535,37.79461215931126,16.297384740432083
549.5623286336885,356.63376469789296,37.81670320625594,16.247996422085205
552.8754639838636,356.63228893469807,37.81284614115951,16.296174999256174
555.011644211498,356.3647206656381,37.87388259751175,16.38770802175106
557.2383275824731,355.8212826826138,37.90349467636251,16.625867251959903
559.1526242664229,355.79402785218247,38.00399371568948,16.65260591672882
561.1199059292602,355.7285379294336,38.07406143249526,16.506020759785052
563.3778472678157,355.3082520062617,38.038601729016975,16.3985640416758
566.2161361052954,354.46165668075804,37.96158002329592,16.37710167754638
568.5300568146416,354.48637578715557,38.13526753526749,16.41981892129431
569.996130703044,354.4485351432617,38.147753242349665,16.570657374609418
572.2403843501463,354.3636397745339,38.01483676845728,16.55953227954545
575.0056999513696,354.0616774514468,38.00633843954596,16.57413197454781
577.0503443703666,354.77996245585916,38.056011393544125,16.710018325586375
578.3883240294473,353.6603714693389,37.75331257342962,16.649082805951156
582.5043357640106,354.0442580163261,37.72546696074832,16.654922688050902
584.0688950992107,354.1926390446591,37.606121544742464,16.69174827786931
586.3676791419284,353.0149107813352,37.54925627913136,16.745500397778873
588.8874824847056,353.4277395511657,37.4126342127176,16.723408837121703
591.4675699457325,353.6706150658481,37.415255311171734,16.66545321791319
593.4274926404553,352.52058179551454,37.513338998874595,16.773106428502196
595.563735911594,352.36708031986484,37.468658547905704,16.626030705485167
598.1731559425125,351.11981510436675,37.61470190892036,16.82080222534848
600.6812611435325,348.63812315318273,37.4681051543412,16.92443728738454
603.431000129049,347.16937861143873,37.30651017891372,16.889552408470177
604.502333478255,345.18841272784215,37.25219186917376,16.84351908777271
607.4244321862528,343.4600490373036,37.13724250005298,16.77626728183821
610.6127006983999,341.63831344247706,37.07278585905973,16.82101410625678
612.0978529975094,338.9966372670678,37.18336047226631,16.840534364790216
615.2400285255235,337.7882181994327,37.00513429416784,16.6512781397088
617.3002862375845,336.8087721141673,37.14774142863955,16.5801639015482
619.7579164818902,336.6061905120798,37.06611436287973,16.379087786875473
622.1005295073038,336.07021425226844,36.95931848783384,16.14729885142015
624.6794483774994,335.8243615679012,37.02511355994264,15.95712708392425
626.4460717704367,336.3101201690223,37.25792664955624,15.842482440275667
629.3484462069315,335.7824839748855,37.48246702217206,15.855014960385283
632.4064235137888,335.41978700417434,37.361850848398916,15.782244534131799
633.3669953512714,335.4096392368096,37.36356636532839,15.71049142384177
636.1644220264957,335.2534203306426,37.282812135973444,15.51925949740623
639.4581898164213,334.7686542642349,37.330332098114425,15.421599552584865
641.6111013449182,335.3438691516138,37.46082648496821,15.343984719233436
643.8115548465488,334.3688812735733,37.46404851002748,15.396011256564275
646.9688904291015,334.44765813872357,37.77501058466805,15.40960010438884
649.6467797332266,335.09587966588816,37.57858713999212,15.67744232837988
651.3938605482037,337.38450988546543,37.56511551247931,15.99593384235035
654.2581689845608,338.58490055741976,37.597805402460324,16.020613313871426
656.3106195513212,338.96305427735103,37.69182547255284,16.077675624985428
659.6645827297307,340.49423733248585,37.15600299756986,16.02332800836818
661.962824372977,341.85861488952804,37.00162023597959,16.035982196041566
664.775025149722,342.51287798253435,37.00897832604444,15.81887141530243
666.6118118794059,342.11272664004935,36.94526051853191,15.652583218924732
670.0951133014994,342.0983103492283,37.17042250588794,15.75427651834027
671.8916708255562,342.4516702795535,37.401152367442464,16.03238179196719
673.9346233665028,342.1622799499353,37.466286409084276,16.02534702151618
677.6426200681863,341.19489673113657,37.147186316264126,15.851730280402691
680.1553343308477,340.3981667636626,37.08380155314829,15.774719023944362
683.2464107107005,340.88472500836923,37.10987022898961,15.641568354843528
685.4158676447096,340.178432195641,37.124922120248904,15.580071033522682
688.5606506851319,340.6627756702667,37.104696554540894,15.461771657513454
691.0237054942482,341.03782265099414,37.15820119412067,15.507354881117145
692.9726694415175,339.94870692528355,37.19466050661341,15.582940458514997
696.5177050913636,340.5233307202033,37.35265134071021,15.581726010765198
698.2330469866547,339.4634521259687,37.48294167122196,15.840673873062666
700.8919183335759,340.12441197414455,37.304549868492785,15.822404079054653
703.7936774966847,338.9343663244313,37.29322209403286,15.81189326666465
706.2166143117761,339.8429803549808,37.31194196970958,15.898092329589232
709.8435876620597,339.45693781395926,37.3922237847674,15.977298688487764
711.3543742482683,339.3304841331553,37.30683072709622,15.984463252244062
714.8590873012735,339.0974224782913,37.277781818351585,16.02205872994077
717.9112901563426,338.7656354914769,37.19883539776397,15.903123853471943
720.2733740238427,338.8032538600618,37.30547058024415,15.941092072356957
723.0161621786967,338.2721715649191,37.27733750784097,15.963713510786727
725.9728004035097,337.42769312622875,37.09456032579315,16.017858986800366
728.7651917184043,337.6787931766148,37.075672776570336,16.032596141887538
730.5687718421767,337.5771183675292,36.98944758761926,16.051703511523666
733.6711143228854,337.4619410434884,36.816806083233146,16.0055689017927
736.7673529062296,336.78774825305896,36.610077207560295,15.890270400620317
739.1168477072127,336.62933497636845,36.760979268191676,15.76037301601313
742.2087346825823,336.08385561854664,36.91979564948383,15.674566289762199
743.9275971993601,336.67700100593504,37.048759153525936,15.672494875336916
747.8646215653135,335.5921896268722,37.052457003650346,15.60104402506423
750.3636642391818,336.893422138005,37.173840344878585,15.648611046255581
753.2323777578888,336.21534150015435,37.095493812835734,15.694385664242056
755.7543906154825,335.1502646782583,37.10118886180849,15.714111451588925
757.6775122113891,335.1232125411439,37.164819632397574,15.603397915759057
761.7128959565323,335.4319498525858,37.21078187843935,15.54106092715268
763.7285039854058,335.73093035685474,37.39009133338757,15.552490177403808
766.6049283267488,335.21069606427807,37.388440465643036,15.65870888462749
769.1561347498703,334.30954258926397,37.41980905250558,15.77630819305406
772.3670508651554,334.60858188101236,37.458380264317995,15.774932185240903
773.4820655134073,334.3752715096604,37.55636915629081,15.77230701730028
777.5852518981333,335.00461981348155,37.66876011974899,15.91529803172828
779.9862899561346,334.2803982080023,37.923011823570725,16.013368928233714
782.900872973912,333.9232984296681,37.940380517019676,16.06543622171848
785.5383050469769,334.6835101305565,38.07543610965942,15.959739077265896
788.1058629064871,334.08045830744834,38.238568681654584,16.146464061372903
790.3943690608235,333.7286125724249,38.4312249520835,16.19635456706431
791.9798808813382,333.14754896326656,38.45044026369076,16.121634861552792
796.6041366855225,333.596381238386,38.46546320122067,15.979013341099037
798.8184485003046,332.6507326751698,38.4125719935314,16.02334086303928
802.0649595484941,332.7259192805537,38.28988070769924,16.001629761646505
804.8749163187803,332.5430396971198,38.5831370279668,16.015345776658805
806.4228656794581,332.38907679177936,38.62262191256806,16.033736064878774
809.912744393302,333.1556170117956,38.45293833741947,15.989005539397109
813.1562297234849,332.3247778834878,38.377283595022405,16.01330891808302
815.4164543331042,332.23664129038633,38.3382339119166,16.05202412088753
817.4728683523745,332.1120977880673,38.23481291683322,16.214921855506034
820.9917592555895,331.87405651062573,38.22942551958265,16.422899857166513
824.742438161356,331.29327494488916,38.17110664847949,16.436895239616227
827.098817499463,330.57104902558183,38.37060993515598,16.578521150496538
829.9189019389787,331.51172239444827,38.33150001608567,16.492782933271418
832.3731497789073,330.70373555572553,38.505516238083885,16.552749225462993
835.9076241555845,330.8327707143266,38.633360087268606,16.447587233456197
838.4535696345945,329.5461500326185,38.685512097998455,16.29480015448948
841.8780104232911,330.35591152763016,38.637503323339665,16.162177494056095
843.5967469036442,330.01107885891497,38.707446134117774,16.278486203068532
847.8795679384916,329.2348519745657,38.920399035126195,16.279151641688955
849.4961543830045,329.5512608290566,39.02585682236991,16.334192514250084
852.8333674988205,329.073932475013,39.01287620841357,16.27868686882161
855.3366571355982,328.93070592374335,39.01920587040506,16.321281633958648
858.1641119839246,329.241771839999,39.10748312443583,16.340980245783257
861.3002372577442,329.4350299086111,39.14796908802708,16.358684689613764
864.9671062726947,328.2127170619671,39.04453196144659,16.468616474210336
868.0175864615125,329.3214912505822,39.00599528986568,16.361473065241846
869.9243084607448,327.6752336044356,39.03572145741664,16.4389233550936
874.1374628297093,328.28328793353535,38.79879717993679,16.42422308312463
876.8728366564042,328.0237537318211,38.860916958187886,16.48789292698283
879.8609138561222,328.27666533006885,38.79224089127115,16.453070401874037
882.4011014908507,327.8786925375233,38.79769631029077,16.51469439272688
885.6556741533445,327.77138303281635,38.91146816059603,16.524433641398602
888.5421823102281,327.67302213499306,38.77702453970004,16.45979526858811
892.3354556324543,328.0930887925618,38.64265685032572,16.325106289388092
895.1096024576107,327.1286088208524,38.71174906427092,16.329200510150663
897.3897927923182,327.0100537591171,38.68821074104727,16.321483363113455
901.0626874979048,326.99180045060547,38.71813849295997,16.44706316128905
903.5730589044967,326.8226938739681,38.80803715926812,16.55700483018887
907.0205696990108,327.1445896208571,38.73850842912681,16.754384601059247
910.385451062951,326.21655846789633,38.63978818171508,16.46456525414871
912.9672798881394,326.87527737812223,38.67467026522504,16.503565116802374
916.0042384583801,326.3042805464074,38.731520947009244,16.465993350544466
919.2787233791591,326.80943311624975,38.743982990216814,16.446510049238764
922.4286107768394,325.6481881647869,38.73621564114555,16.415804761734716
925.3997589589693,326.8260889950946,38.76729268997157,16.419652759322467
928.6390476129748,325.65504829537406,38.68821336780052,16.4840623447988
931.9776502776059,326.7072725917676,38.68763615133115,16.540807599667918
934.1936354376726,326.47568077605024,38.78186517201816,16.48651991762607
937.883374380502,326.12549632833435,38.717198992902155,16.685576557198466
941.0599802404749,326.12894084609576,38.75661117432345,16.678634115913912
944.024920145106,326.1451975285481,38.70228068146781,16.680964195833383
947.0469933141353,326.1274254095205,38.80949390151458,16.626191661427743
950.3608378210429,325.9879692827168,38.95694374267977,16.643041842281256
953.2979158999811,325.6861740081307,38.93216044857279,16.604611212254248
955.9143563726599,325.0716118601466,39.023597435344236,16.6864424174021
959.8822990942384,325.6345850495678,39.08674305908177,16.679133123520643
963.3390758266967,324.6419452486182,39.00564046086454,16.471999395341708
965.9859106508976,324.9712349777534,38.99517393746256,16.409847854551806
969.8152223344345,324.9825606031165,38.97342953767409,16.305417123845153
971.9881123224374,324.15285931172707,38.93868471791825,16.430121220295884
976.0032282565992,325.0023599534257,38.81313882371568,16.34800226111731
978.511602055055,324.5145983135572,39.285488822018785,16.424271695639554
982.0865599945989,324.0899391492518,39.317961248595,16.645339902179963
984.5419612149266,324.3024223112266,39.029999689287386,16.668844647566246
987.1463477236742,324.20093022897754,38.27044542179224,16.660090225638687
989.184420033773,324.6463234584539,36.10156551106719,16.51606127401018
992.1918477987115,324.1719798951551,33.95712471507694,16.224643725314756
994.8725117842205,323.5716011572905,31.230142752359814,16.428849687372136
998.1720200414939,323.84667469048924,28.54857618898502,16.472284774294934
1001.0708983261162,323.3034462461616,25.467051919544993,16.374095056504856
1005.0426143996292,322.8097558959953,22.394866110409456,16.413637927247724
1007.3934842499903,322.66275572954754,19.739955633320196,16.736637588756512
1010.2045472250416,323.1295451140871,17.5777829913232,16.964977459814072
1013.6013492198617,320.70863840334675,14.858512192600694,18.85881572260333
