479.0,179.0,48,23
477.5479802188286,178.54358171742112,48.53279322445214,22.530558122774938
478.1052115518053,179.6530362456512,48.713862785061174,22.332141620025723
477.68564197328374,179.92389034556192,48.84500938839344,22.313504709266798
476.6776880411297,179.0895214211994,49.27615467945926,22.37486645935899
477.32126286941605,180.51887675322482,49.40988820159758,22.440319613667565
476.5584950853597,180.3891750860059,49.66500750994461,22.488922777206916
476.6197129934163,180.80918353785034,49.98811307566743,22.651026845197737
476.70112612111893,180.94668728879478,50.46199031147302,22.575924738816703
477.0741120226354,181.08837218074547,51.311858962541706,22.59748659554029
476.9693058943279,181.4890025026123,52.14509792814111,22.59088842739258
476.72393290300823,181.37038135065475,52.82976786097575,22.09970665904207
476.646072936805,182.85510859170657,53.46247753947587,22.229815775571254
478.08435631212257,183.504937192766,53.98073195583304,22.227292972866444
477.0770395853175,183.60250707327816,54.208668021747854,22.345431410084274
477.98137247140517,183.3250263102545,54.81255412945527,22.159593985936326
476.67946063661407,183.23617920197302,55.20577599239688,22.13422423765552
477.61012897731456,183.64261291349962,55.76486472603497,22.642371218899182
478.9700601609649,183.88470462677378,56.65263785678108,23.031356737663344
479.0025608076144,183.58739417184094,57.779866788091624,23.127122056708718
478.882200691782,183.8453244468854,58.76988511545946,23.885461946072954
478.25878652301645,183.34566804673472,59.708989453967106,24.278085293249305
478.79830155494216,184.7905086913535,60.86500577683445,24.61438667002736
480.62112550491156,183.72834149564463,60.86515560638783,24.824689079023234
478.43022487666553,184.4073918578986,62.587121047450125,25.27229819338249
480.5745326563282,185.4563091317579,63.145749750820166,25.401361839023224
488.6880668561779,185.72446760084804,61.07891389506604,25.549050638147644
489.10317446420026,186.50204013336045,60.20997187238078,25.581704645388456
492.65203326116176,187.0564709553541,58.5701400206452,25.495715926205914
492.0002651908678,186.63847749529123,58.47096620029563,25.319923061175352
492.1248374870469,187.05427101953327,58.623585523953125,25.294137404292837
492.2372602968765,187.261680486647,59.1718417109345,25.093094104830964
491.4392184665153,187.18788990101285,60.6488610406023,25.013639753638376
490.3427600254661,187.1245288200493,62.16027462680223,25.28243650052641
491.9079590183182,187.89654517299724,62.89221184617606,24.967895982130525
491.02490138888567,188.56190182579877,63.72836494683807,25.46637579176181
491.0314796599307,186.32326413325052,64.60873257466989,24.48694036142866
490.6604954389226,189.48125225609556,65.40436617781882,24.434147709488578
490.93976766176553,188.06246916071035,66.73466145381266,24.160217928579293
491.9296334948067,189.81637906684972,68.01638913831631,24.05883122176932
489.62018648462515,188.6750792094829,69.83486811961691,23.993118558573258
481.2815553143761,191.24961121455925,63.90628024038841,24.962645857014294
484.34063956693666,191.02460324487723,59.551753092689154,25.202944999503337
485.39911721603744,191.1052982385265,56.785093814995406,25.729466999509498
485.10756554672105,192.3464363089865,54.94410962921412,26.84129181073793
486.2730007711761,189.88555169578194,53.7889593951478,26.4283137226939
486.28479725027694,192.2155604419865,52.79390037249302,27.1989602927848
487.62318710498556,192.93404447468058,52.15297881737262,28.133894693216966
487.5827173459638,191.98140193620685,51.37854113815061,28.055064169578472
488.05865197821515,193.28331221925362,51.34453381212434,28.866008007781854
487.4182730042414,192.06380087633744,51.06277650128281,28.674369682871998
489.8509953141245,193.92045824408643,50.60742709636047,29.139338638780252
488.63294885806755,193.01462488084354,50.250688587575794,28.956559564484802
489.46077822886866,195.14366816417362,50.24905206277044,29.159608862082457
489.5253066942096,193.73557047525867,49.96093751490117,28.716191202802953
490.293246271855,195.42577868953913,49.914087290274274,28.93684899299205
491.04813334502455,196.03738012375334,49.666840609755546,29.120506476126167
492.369174116932,196.33309737855825,49.18119217140938,28.71847931514914
492.9540347837409,196.9965582421143,48.922283215721365,28.69435299819325
493.38788096501594,197.1101222567978,48.58651223988995,28.410080803787203
493.8467060654762,196.971327687863,48.19533603799293,28.2937795607974
494.48257830712157,197.70306746742986,47.69805139356932,28.042610792679362
494.8536630498936,198.66574213229086,47.38263972052532,27.905622058660448
494.97433533583916,198.3990537212945,47.05425901582164,27.347278299598504
495.278266797173,198.3276174770295,46.855987767958666,27.035408356487885
496.82077608786096,199.91034901992205,46.50635126666083,26.93494771210902
497.2622934817542,199.77943691640553,46.27501935973378,26.415750800977996
497.97861408027677,201.47235563452654,46.19166710311833,26.41777652391566
496.7623447753382,200.31858855132896,46.24871743174551,26.12036073913898
496.38330956441314,201.55353258725646,46.4317146114081,25.786382701463673
498.301403414727,202.74225521190428,46.290076471327204,25.81289863380865
498.5640837552619,202.44015971267032,46.24190390060907,25.845266512159345
498.0594966504251,202.77014129319133,46.182184677665404,25.914124151898605
497.74520952937127,203.9190553940201,46.170439095554315,26.019692556686373
499.6232045630028,203.8179079587729,45.90646868161156,26.049929321712
500.15586400307916,205.5536291664028,45.734277242865154,26.0755572189522
498.61835102528454,204.71999438896668,45.56061545431378,26.039625479879142
501.4340040299541,205.33925257663088,45.2049747281777,26.062888889706976
500.48630410909016,206.782154172165,44.89377056599943,26.203468144927797
500.859541456758,207.95075149528859,44.636309542538704,26.77417144789941
501.0423484207365,207.8949583311874,44.40695660090977,27.083175988992366
501.29912710244474,208.5952442715951,44.21389484296213,27.409181866966065
502.5128889510406,208.20660791118263,43.73853484205943,27.404762082908192
503.7153966793756,208.41203651232286,43.48882334046754,27.719368747815224
503.78008791571415,208.942266190592,43.2051439927904,27.947269986980093
504.7332343935751,208.99761111881338,42.775581383748204,28.27200493522477
504.43294434209673,209.0974952907544,42.193086535533126,28.110322528842726
505.0247867313004,210.430821377098,41.64253469169603,28.18109711396806
507.0037187446813,210.83901432036396,40.97380945887965,28.28312248231896
506.96250123029705,211.3490253880285,40.75737058628087,28.479164800114866
508.068508835871,212.56805747095714,40.19232803138301,28.777917040507603
507.49310077848617,212.92887124802155,39.7948195611917,28.92863445708191
508.6203808529791,213.50691922533778,39.19965272275275,29.29963811182445
509.7811724068482,212.8523129212344,38.5506770368895,29.292581799132794
508.38986238812146,214.49026466707232,38.01728755285863,29.699951622886626
506.46074418569594,212.1089053820793,38.34975186298316,29.428154812013243
508.75147061828005,213.82066277164125,37.72433842652586,28.8409284850378
510.31283055658116,214.8400409674934,37.17867543468925,29.051058201731962
509.8849080332589,215.98773957009942,36.9724019510603,29.081466660582382
510.97050853939817,215.30224171657048,36.39870460089115,28.68769185982782
511.22861134487266,216.92361461935778,35.89089132392659,28.251571420464106
511.81844120259404,217.0471385852099,35.46069755086655,28.223868581533317
511.0464770528954,218.19611602475223,35.16430144840838,28.026942144831477
511.04410783062224,220.36408629010288,34.732348608775006,27.442268093622374
513.1194875631486,220.5972051869824,33.782471101730074,27.264368007382885
512.8111038395143,222.8005428945656,33.04415889811986,26.389255397392233
513.8151645247043,222.83927096942875,32.25567253750549,26.007500846787032
513.6573334198496,224.95688487359126,31.471771148582064,25.36241433484873
513.9136575850657,225.6531813241866,30.886696975864673,25.167262534732288
514.9182841834654,226.3595490079251,30.144304740979265,24.82348926442323
515.3542094338277,227.8044659147354,29.441452958516457,24.605316827755757
515.3715568535182,228.67459264370245,28.47951965477993,24.35015553290758
515.6676765061959,230.27607592394892,27.924908523252768,24.309420417727143
515.7134704287747,231.22726809488847,27.36743933043892,24.210228214519915
516.291655041806,230.78383171238605,26.917491002813602,23.508355862337286
516.6523364288588,231.80949807858258,26.50194487909871,23.310447202209836
517.1521978733977,233.2012618191923,26.16379730740402,23.372889874799
516.7191716732403,234.55667080490528,25.646403967972404,23.374451358939417
516.4626490170045,235.46164042562373,25.43134564274883,23.986440523264243
516.7544453742296,236.6662721795577,25.14793145613063,24.64391132936118
516.1555000505379,237.52178115933094,24.96207881738141,25.103326414248265
515.3308068538813,238.1816392595346,24.701637024659338,25.547686446751147
516.716926495214,239.2485375254764,24.108711401661814,26.180773764965195
516.6005334174178,239.67904169949477,23.797918455691878,25.867449132748717
517.095875899734,241.16816709271538,23.13068167221163,26.374343915155166
516.9242633046513,242.10796465707656,22.597709047435814,26.306020453913263
516.9053715892973,242.27993483583123,22.312257920038313,26.26689729611099
516.7929108724854,243.23120312482905,22.011422517724462,26.06364050327161
516.3985358107388,244.59744654762264,21.734315707623935,26.088790681610188
516.6146634370236,245.90211689049485,21.70382437106997,26.125209578385288
516.4812000337305,247.74684595383314,21.360399615156126,26.322371019579826
516.0618712571066,249.01902649029097,21.19682938520082,26.975763852914156
515.5705214967218,248.59321536170916,21.213990881068217,27.200661866913716
515.5216041219322,250.40421306878002,21.23818671463153,27.569740061170442
514.4358239850875,250.5784857969789,21.338534219766476,27.844516137975816
514.4602233381785,251.81592537472798,21.499864297764194,28.301857441462015
513.6293075486242,254.27529943653045,21.579916396892322,28.622634159165663
513.5571344817022,254.64859949115143,21.892750079564365,29.15729930871278
512.5319753790642,255.8831309675249,22.03565861687151,29.535183072274425
512.1436907389617,257.05874326091737,22.31811016026022,29.97250218666135
511.96493251142175,257.9409415937342,22.698346952254155,30.37240453225822
511.4248137467666,259.3964279251632,23.123196603146592,30.720152267349345
510.8611090762014,259.69844317053884,23.528094652772953,30.640635021226984
509.8074442427669,261.09438131163824,23.45783490313804,30.862987559829037
508.99170153362354,262.89667079958537,23.690402169569353,30.535630263622235
508.32285935231346,264.9274121463228,24.180102218224647,30.2522390008114
508.7534165146804,267.06894561275055,24.571993874936073,29.56447083504579
506.79764248763775,268.9900715995093,24.66242071320106,28.717061390825197
506.9850161905173,270.4833340580681,25.110167814277904,28.458075536207552
505.1769888865317,272.55799218518837,25.52378406775683,28.173177311752195
504.84126050641555,274.2124144216757,25.85741886754,28.376997633699382
503.2180545383754,275.6128274171839,26.529230583893728,28.33199287071038
502.47272029388307,277.47130022192295,27.05181283020262,28.34761409472828
500.5102558289622,279.4537266009432,27.829517333774834,28.02207408082843
500.8130215343901,280.8386065600316,28.497858298407373,28.30588014165547
499.2997860938699,282.1742522185921,29.051161760014168,28.61398945930017
498.8070578893283,283.9345473928443,29.65401166274968,28.898414674760634
497.13147909537696,285.23831116997826,30.239178039714798,29.058793309457553
496.2620423440251,286.94780108264604,30.689134000914695,29.362095893790002
494.3558073491803,288.4296454086995,31.201860338260545,29.170196792464218
493.4996250276423,290.0388622536514,31.57113110926614,29.35270304396665
492.6603520171046,290.9220675150596,32.09641022360335,29.997699991853402
490.9177369762073,291.9509158934587,32.69401365744864,30.749054748727044
490.44170097373836,292.8069002066991,33.319974822542854,31.480918519707256
488.4595384335725,293.9985868745307,34.01601987357769,32.19822267427841
488.3748201857787,295.754310344754,34.34532270217316,32.555275489691255
486.0811561927283,296.69229123838625,34.97249138651605,33.316413922153316
483.92704112817233,299.4064651235311,35.32640633008114,33.68481908155103
483.1798231200703,300.84127932435797,35.70809515390238,34.12556970821764
481.86361014892486,303.1940899261058,36.148809670412035,34.599697039878215
481.23829656486754,304.1486563936278,36.90763080825324,35.51403517417026
478.73420451907873,305.3554223014663,37.66944649162775,36.34168377841499
477.5544554193633,308.13823628272786,38.512388904925785,37.035378936009145
476.2112088014961,310.0109643798818,39.50212005569919,37.92471888427934
474.49416470583617,312.0601222280986,40.70740270502692,38.85515074643956
473.13887007962666,313.42738647182136,41.74697144963342,39.935334783407995
470.2448649596679,315.74133956014754,42.8846368409181,41.3245642268729
467.966375436746,317.04378158186034,43.42707426078543,42.009383552587956
466.4261007488548,318.48814888377643,43.81789585336462,42.58233412941983
464.8383108974771,320.8104880271888,44.528448700651275,43.37863484650132
461.9892115953619,322.6277238189388,45.19359676777235,43.988883721985644
459.4879599185279,324.912610372904,45.914758568705935,44.55808766483651
459.24866367303827,328.38467455636777,46.48049400402117,45.0557165000574
455.62904350634335,330.3976933674267,47.19875350245003,45.68667655860357
453.13941650874585,332.3545981080684,47.96005095467632,46.34804713103116
451.3903031914267,334.1960136464497,48.836329347127084,47.16770323688575
448.7305730107104,337.48633274915926,50.011838292544105,48.36347799533386
446.2561862225202,339.4950677468644,50.84557585818224,49.57363861515794
