2.0,101.0,205,64
1.8401878200133126,99.32736876575855,203.23313754356712,65.4517077809829
5.60298471467064,96.52668502414892,202.34993877378372,66.0211538774834
4.905727880593247,98.71466028878388,201.5254583013135,66.40930246930725
8.067699120935202,98.35797968126707,199.30887666047335,67.07859630152836
7.605072522363685,96.42071393728767,197.77929587324138,67.6093167543309
11.249946698584168,95.23467823137538,197.09025552861291,67.75079734584298
13.127721400224956,97.97800448366297,195.8263443089251,67.8471526537678
14.149247467537435,98.73053160649707,194.74905145164388,67.44341676747463
15.60539966364938,96.43854072638972,193.69545067270124,67.57457870347056
18.817121942497977,100.01910688068803,192.1889372673478,67.26976963706144
19.423818886823994,95.9712342266185,190.60945451150826,67.41022319715361
20.153368422067487,94.18204938520023,188.28975973789628,67.22821690342765
23.42523805420214,98.82810503922263,186.51243893065822,66.66523157194536
26.800959306862694,95.04303941892331,184.82941683549336,65.98426417973148
27.842572441297776,96.55606357877609,180.82745887717007,66.16048636783844
31.693482545143667,94.78698711457614,179.40429467533767,65.38269080991023
33.4501274742496,96.69264561012663,176.82279803001643,65.59319388716861
34.325864369985936,94.33046164413118,176.51929176784063,65.18108720978452
32.33695158607513,94.60304604976236,176.4765790055841,64.98278119149091
38.47043647208176,93.89207857911074,173.6056663624771,64.53862726560662
39.381365439321016,93.97324257287723,171.53963728542047,64.01008834057367
41.956149544538974,94.79884509253301,169.4516535476408,63.393764893058986
34.8466632653964,95.26368755604433,170.97885364498845,63.90365516134883
31.267692202788666,95.70609561517608,176.59712291864142,62.51923577160096
24.550856865179185,97.12456060192518,184.08935682628226,63.21090076880588
26.370713260086276,94.81057347996125,184.3205241634212,63.96744556937436
19.487634864837602,94.15471412313954,188.14689213555917,65.64317795489279
19.80397619761159,96.32032414308938,192.26906176493307,66.10037954585249
9.75619269041347,95.10557419943319,197.93771837893868,66.31839261675863
13.597378803269493,93.57582246377156,201.2461298446329,67.15707089276938
5.285440113607933,93.84011733509975,201.6054808567685,69.29309296651925
11.894689674986921,90.85695944296619,203.38795829651053,69.66040972734888
3.5613884048855766,94.05143535479053,203.61394804374447,70.4539530208877
8.978213409404077,93.56025503249907,203.49746112064497,72.11258319672059
6.777620100706471,91.2333145833453,203.34457058960268,73.40873704424689
9.93565820856783,95.88996551058133,203.67790843637997,73.93649964289983
5.7770931612278815,88.8433442993227,203.3547187068411,73.00612145994835
7.608072383939771,91.41978318105913,201.62092188251108,75.70633207538175
8.296175166145474,89.3098735616832,200.61770215794343,77.57092670475859
7.16505187404546,90.57124556483461,200.53754151558095,78.49758455392453
8.727884013227609,91.09299889948423,199.6186033114354,80.23319165415656
31.03837202686381,99.21472946215462,201.250801112288,80.356246642097
7.908435968607606,96.49916630159657,201.06554383426916,80.76179923274435
8.675713936056042,86.99808806025831,198.4683658290598,81.92844546151461
8.46403382890962,87.99703715996733,197.55487301600888,82.40802528944033
10.667467189492172,90.48744432949111,197.06957611906253,83.31423487617403
6.584604108984593,90.81979037427026,196.5587886082027,83.07404229833449
6.319031018108049,88.51340761299213,195.33938547354953,83.21348018417198
10.627430527534429,89.00039329898067,194.32457620079052,84.64032668328865
11.422815896816047,85.6553261683099,194.95225028644603,84.02113477275519
10.83553557357925,84.31872972441347,194.53251161651337,83.9602578363293
19.514326389976702,92.56201256009727,195.29834306965597,83.54113601261795
12.241016124950136,81.85996238926829,194.52654318955285,84.51310744802592
12.864279017426412,86.71047139800793,195.73576691631905,83.89094685242165
6.242628942160053,85.30203314018826,195.72400114888302,83.53344592665472
9.06674032640089,84.68568893775604,195.3077730093076,83.48470122605042
8.938139396076252,87.39790243024629,196.10348805355062,83.30935871372617
6.816386891331007,85.14702793483715,194.9691854458536,84.3858757709507
9.955916669962292,85.23944427577294,194.5336927831223,84.17626281564162
4.540639354234656,88.11293064276902,193.99767026614006,84.68972709336822
8.814886702276624,86.26177962174017,193.59041092161863,84.34143099089464
5.637878583984303,86.25265055870068,193.85501065429702,83.92823159744239
8.523468717204423,88.13188484031036,194.92886212613803,83.20876449906679
5.104725411236956,85.28293630843031,193.8770054763542,84.25511126985813
8.887109938443942,85.98940267287074,193.71018564069024,84.46229572847727
7.393551340339741,85.5780843365486,193.65665342283614,84.73268630737155
10.717284650390198,87.91005700878563,194.35427957617273,84.74031078711626
6.1886700231786165,85.99405723879099,194.2277930102834,84.44242751460554
9.625522513799496,88.17545366781646,194.75069447435413,84.19578455889834
3.922076842561978,85.20139206224766,194.47405310198542,84.35881255519217
9.428853187727142,87.78223899280474,195.29515617337384,84.68808549095303
4.321276068218424,85.05667821948606,194.78484654520378,84.93650928368412
7.355094532528568,85.43900710264,194.18528822986474,85.23618257206374
9.626555947181487,85.664883400322,194.60812467790265,85.14661259388724
9.323769411537882,85.20345336024435,194.98115380387736,84.9716333185738
8.94766954232989,85.29352811387105,195.39509670635584,85.2192181863204
7.902544841589332,84.29788868620136,195.3792059711182,85.21940817447228
7.57331296931558,84.96154406738074,195.70399051644696,85.37439721680101
9.84368724145304,84.95426462161126,196.4733616010783,85.08713726068372
9.52481079341942,84.91236917851931,197.1266784619893,84.44515910389887
7.043787805650396,84.0327057622931,198.04618293362108,83.61567978400754
9.056054331774106,83.96429678423534,198.2502265415299,84.53948504481056
4.1690375243172895,83.23650208078001,198.84188710956855,83.96187132672121
9.026838694596407,84.0888153892559,199.53955381197906,84.9429746902382
7.590351394467191,80.91316678108473,199.94628085364374,84.34462591048678
5.659277585214156,82.4485791400071,199.8367487846498,84.99651847779829
8.020293539223161,82.42550226305202,200.61856209147555,84.9831629543647
8.575215369560482,82.32123446869478,201.26207536439466,84.69835137511043
9.466201886146933,83.66739866898342,202.23718240934676,84.56992678312689
8.5071255214216,83.16368591046844,202.75274724817243,84.2564904837506
10.008744308683006,84.86957342683229,203.23980508380586,84.10112414242917
7.513798232396013,84.39320851714264,202.9491186230986,82.99037739930847
9.839453121486955,83.79720113585935,202.53706665741672,83.60438923218754
10.739567775287739,88.32395322647866,203.8555507287214,82.78153690641767
9.651205860243067,89.32724547233123,204.0429557111545,83.0027966529938
7.599831987738057,89.29854353719334,203.498364588977,83.56026155842582
9.493292914046876,85.42429534356147,201.46400621292187,84.82084290662706
6.987189841979358,86.10809371994965,201.2337807164319,85.2391348257257
7.941214530594806,88.85790832724994,200.8666248938885,85.89319213456261
11.193212501876985,87.11263287778891,198.7060737755429,87.62605260379716
9.200894792046086,87.3980463092993,199.00265987879845,88.24718130718264
9.362692776707249,87.2393806647185,198.19981586260113,88.44805751821926
9.490356026023605,86.06755804673384,197.41415489131217,88.05360460965734
9.573657022106929,86.78117077704935,197.48766520383302,87.54685034043254
8.297076234278848,85.79609475552648,197.86065099823918,87.49100140691579
8.74485224308107,86.42235169551448,198.53095591422849,86.70418576912729
7.093660607866369,88.49104632512152,199.2699846924704,86.4890377208507
8.1361837347973,86.56438715777522,198.80890084095228,87.40418466882457
7.5216601132866145,86.37231142550607,199.1014856816299,87.7002624028941
8.429208570829402,86.90734581904367,198.82093466498182,87.40332594003766
5.350247506467781,82.96940445285333,197.33823179370506,90.0401339653871
10.07913772962695,85.50683832540781,195.96791472629297,90.17852305621561
4.635175117811059,78.43971807767191,195.29590342648726,91.93690905949992
13.447864152162424,84.00798376937288,193.61669234997203,92.752770254223
12.90906359159105,84.31227142889026,193.72841212345853,91.62655577503199
6.968047411371742,79.82034446291644,192.0724195815534,91.71313187494839
8.168848672127169,82.55108429423072,190.1724650092613,92.03577086466355
11.777747461924804,83.46700111472212,190.52266059372852,90.58613937211825
12.03232596875111,84.03643930405613,190.41786149023216,88.84509014188774
6.907458882245308,72.03564290236221,186.50072554605626,90.91113607027557
16.42400939590331,79.30015969501638,185.6434668038965,93.206992621686
13.670906397106577,62.064121637116166,181.17622309445872,91.33550184295517
16.944772797722024,83.68134793221981,183.40790923854033,90.80002386212288
14.305429596237133,74.8447137176363,185.8377186883851,90.20186895144617
2.4109711168384536,44.49703513271346,176.90977773702622,79.60038163886996
3.8408152266729303,55.92689206475323,172.9853006989979,71.39258427869666
-0.5655573504823082,52.71964946340279,166.399760941199,63.79492348530379
-1.7814067626023586,57.95522769707303,161.3381736326266,58.90601189101019
20.00064445541119,64.96600654348958,171.24065444855262,58.01732773333333
15.072870076069222,98.51547035399545,178.7711910002053,62.582096401384085
12.037111585623407,92.02790781038506,184.5728715553157,66.19146831477676
10.764560255226343,96.1422387210512,188.46013730204731,68.6942823235226
9.245306106025538,97.2397296965118,189.69267636216767,71.43503035307013
9.527510962865023,92.51703159839111,191.4659131328637,73.5426274770459
6.352941169251167,94.81673639474994,191.61790916540392,76.3688160288595
6.193654356987622,92.40900651181269,191.47206628602476,78.03217618535899
7.343659301149458,93.51349685326662,191.96221753051358,80.12409882276364
5.635422852094592,89.78768550906898,192.50204247940457,80.08054328850265
3.8763893540392473,91.00747253951087,193.0221236356715,80.66373534090015
3.501972859425905,90.7876398757679,192.9982515467732,80.80225320744857
2.1443081340494246,91.95040801543549,193.29695502096365,81.5199298187384
3.722908841189934,90.56676405270932,193.15971210277638,82.84330905278449
2.6445800471883416,91.9600376309001,193.78383795249832,83.23931804874667
3.680463977319903,89.29316229062402,193.0631443109852,84.72864734258009
4.088479513748538,89.59477076384164,193.20811177328417,85.7428010016136
8.112581872724064,90.47144198462863,192.98540754361437,87.36128473191462
7.404429463712319,91.3038261338663,192.6033114827316,87.74387971468929
7.009466367705244,91.16127919249203,192.54899939349576,87.04746724978155
8.084858611318438,88.45574074944523,191.87050494533187,87.31517255384391
5.718271603266558,64.11346158840256,183.42447974268563,84.47104435249176
9.520906181520616,87.74973960300747,183.09081703149002,86.4592915459382
9.680996178869748,74.9664539552164,179.280463696948,88.73350444308285
13.692783838933082,84.48225972189871,179.50200556432134,91.28880697221818
14.327985782813045,60.04065990487416,170.8788184734364,83.42936134259543
15.07464152691088,83.98993731375626,172.99244057899074,84.86393640764372
16.914272476159766,83.91663556347491,174.97309078986797,85.54386510351893
14.983060533568477,63.506596888182365,168.98431838598805,76.4043172099634
19.287642042084116,84.65506018855521,172.21249667755052,80.5257255701552
12.784967398291641,85.61173908504652,175.60938649247922,82.45300498420383
10.431757711722241,81.00963875527529,178.01301045546177,83.84092146405881
8.620049432562567,85.17424241610769,181.62495240440612,84.96380154473773
8.406022752206582,82.87416685852926,184.31625039402434,85.77464601926961
5.272325470095325,90.97633427586732,187.72426995824685,84.87969839162476
3.1896677492505603,87.51730952863807,190.67986860306138,84.396563804052
2.9882865986876084,86.92369741595944,192.28551176356228,85.94267474815925
2.9669389329099403,89.80846730371765,193.78224762246137,86.41416280467408
2.2864366917348917,90.11178945536622,194.04559585481147,85.35555316934568
0.3512282315762434,85.8424505918999,193.1952486149725,85.6161547244033
5.633623064492525,85.67949850474331,192.83944332413995,84.44511065652901
4.887662155113432,92.28215622554595,193.76141885383564,84.8447146485175
2.105471700126131,89.37466650177105,193.428766072404,85.18789233825478
3.005441537417312,89.46703996280112,193.45322825329038,84.27633877556961
2.4524502439379035,90.72800509816902,194.1315985355617,83.74238457905258
0.4043013859382256,88.07019111029607,193.76512769687355,84.22244126573598
2.4184224714192055,91.02380786399604,194.27918288919284,83.67189721146106
0.33625708854228264,89.57543515966391,194.26919724869668,84.4245996513753
2.2130110093197004,90.8146038313002,194.5668979032356,83.76193613622772
1.9374850996881179,90.34957367012507,194.14504933187376,84.20243347029674
2.3759144325849064,90.07719179969621,193.8613303145177,84.5307055119357
3.570315582764394,90.90740056770284,193.9143004750962,84.1181517454537
2.8415992680091193,91.39841766798385,193.96999970616926,84.57782897067293
4.185515718606354,89.77048069964341,193.8223279377873,85.11489187219755
2.9672433066513406,90.21666714560541,193.55965401169732,85.6461639998048
4.324320359786725,87.88391530918739,193.1415814483953,85.3990089812346
5.044491732296905,90.42391682771537,193.32306487524994,84.67972371761613
3.6373326577161293,90.4997229201167,191.91613058300524,84.99734981406348
4.901380967189553,90.7793335608538,191.8665495890584,84.89772325915177
4.478798438242677,89.90300458196909,191.56449785007715,84.83794225207745
5.923070969229826,90.62804853172248,191.97624575685285,84.73282505569566
5.04703979136751,89.03571694413347,191.64444580788998,84.46411909024869
7.8050470605775075,90.40923539903856,192.48744005853248,84.520426907001
5.37964885539796,83.42033351408585,191.15751137123533,84.77850411440642
6.597657260320432,92.4952895315814,192.5105570613904,85.08763748957156
4.617465406878438,90.35168487043038,192.46672934249312,84.87033021031111
3.856022588886873,88.67205658224795,192.07372142378875,84.63785094683223
4.972092425907448,89.75176984941562,191.7324508903726,84.72354159999688
5.911590827068409,88.19042430417143,191.02978465445693,84.85166481939152
5.1983800706752845,90.43767076440591,191.78799327661818,85.35808742626631
5.0966454966874295,86.50025332292155,190.9843823464689,85.98524164517252
8.239292620632455,90.1201101560124,191.34215450482884,86.55808901414707
5.657963149898862,85.36033898367008,190.23058248926478,86.65319288226922
4.702620335663838,81.57129811465282,189.82455669195357,86.71583272577249
5.053566833009683,84.88852821887593,190.22886486913688,86.82441450951376
5.0276156971747525,81.30650245471833,190.29016655486924,86.16656662376647
6.250355896951632,86.21214843556524,190.62306750297174,86.67180298238515
5.742766038204621,83.13139962216798,190.2993189978095,87.95781232792967
6.314554395096337,85.25547518209001,191.40269052621358,88.5712334737106
5.321739858072419,79.8390016883331,191.59528981510516,88.00140946513066
6.43446939722088,87.43720391173434,193.21724284618324,88.26295179567194
6.572160833185919,80.9547613774669,193.78219200550316,87.70116450092559
5.825424255556612,85.66708461683243,194.07424914513678,87.74380317844452
6.534232657813618,83.17503980689366,194.224808610154,87.13658420457205
4.958298771649737,83.38695220074581,194.69894200748178,86.88329164343024
6.394264049805514,86.16305549877133,194.92698703710772,87.20852645362922
8.25812340293811,87.1759638582628,195.45299147537378,87.13638405105252
7.282233202154316,86.29418498687649,195.72667129100387,86.79972206726265
7.36281888039791,87.383838980741,195.40888372357918,86.63994532953362
7.174010814987398,88.22189635640103,195.13519370205645,86.50856934774481
7.0078526051632934,85.31844922961709,194.9745291646734,87.4294772731877
8.898297976238936,81.81332958420919,195.55655346158463,88.34401343900349
6.563434332941938,92.63735631611763,195.53609520130362,88.12412159628035
6.505147785268292,90.76716338098188,195.81190901930717,87.07324770092686
4.553252696761959,91.85571310042532,195.28271579788233,88.22726398469624
6.404293906961101,81.37122162604904,194.87531111185905,86.69643003891755
3.818191961504155,91.07527507621269,194.50076207308544,87.54491493546524
6.979166976779695,90.11505792152997,193.7952060855031,88.28053479170568
1.613572073126548,85.62248385801693,191.1502972599969,89.75677178591926
7.873509280914163,90.1291780994486,190.66368700457792,89.48459424055594
5.360973573913057,91.00463787163412,190.10330919983014,88.93942420790364
6.59224176233657,91.07216658522519,190.8043470417331,88.15000887056524
5.34136702420237,91.43394147962275,191.8844656586265,86.84192539036388
2.9819163050906923,89.61640168875998,191.25131631559987,87.67579647599567
6.353790480904308,92.38724970004398,192.18402060069138,86.81006480889641
1.976184349467644,85.84942679476086,191.3847895041897,87.91049089290016
7.338796970492723,94.14120250870485,192.7516663129208,87.46139991423094
1.4146245620727882,84.60731725948727,190.57608534851067,89.78576220954108
10.12239496650598,86.05959050886327,189.5584937583943,89.31767811313286
7.074703166055301,67.23728466846245,182.8098221835144,86.95795629784072
-0.8785821514025116,45.852042954171786,173.98915893171127,77.38957253892205
22.31922837502549,51.9098566123088,156.60745389448027,67.84260977342927
24.050450335417054,56.50666748418722,143.3152370244784,61.36425902576619
30.38214918528554,59.54131235328058,135.46653659036642,56.83561870164196
31.58702825068616,60.72047938197253,131.60313466073706,53.03123972238306
30.5975769113341,64.61308112201824,129.89145506405055,50.852115343854145
25.829121398253903,63.59171366106353,129.94798889294532,49.014906418107316
21.853190353259194,64.46535388106066,132.1278478091066,47.94923608553493
17.67924733800899,65.82180288350891,134.8321486345289,47.061594428294676
13.248103878933364,68.49294479249667,138.0758442440864,46.89551910641291
11.195228627446568,68.94332509748105,142.0364531454975,47.28485859410041
7.910148119887467,71.85972505053496,145.6930399418657,48.626649752445694
1.3334750096627346,63.402956894531584,145.30253240254953,47.34658254882746
5.960507895677708,70.92395363419666,149.16843123012896,47.900810993325436
14.381170545252274,98.11944346337555,161.11311667316733,57.14465799512391
