735.0,285.0,28,23
734.4028432902733,284.7016614483391,27.487724674336278,23.381680765431156
734.0516958141034,284.21282798629716,27.136201877652702,23.399463045960328
736.1682463666866,285.23261236748,26.664834781275303,23.422165401758743
736.229455068257,284.6245501184817,26.73631081075144,23.296714277196827
736.1848340940559,284.877178900648,26.67718392370457,23.26712657370396
737.1366290104269,284.58352800926747,26.79059238197828,23.359105175312745
737.0199398146948,285.181316613119,26.767851999028444,23.472335340656546
738.5342924495852,284.72516486883217,26.681613465087338,23.293299717902112
738.8207182240398,284.8119547225997,26.70631135465484,23.122947244253726
738.3576513439945,284.86193218801935,26.658949631346935,22.942662418394857
739.6863798318806,284.8858493182718,26.379727518856082,22.758887606132102
740.0771503150733,285.8212045156864,26.19895559543939,22.75071078063885
740.2607865845747,285.5301143304048,26.222895519815438,22.696271583331047
740.9324280013833,286.25913840974584,26.1892669220381,22.883563390469202
741.7155729109736,285.5712900203224,26.08199962483006,23.08051108484346
741.761296750252,286.21652887584844,26.065175054183495,23.285783801037507
742.2135492748672,285.8997739696454,26.069544516671765,23.50139352799429
742.1153848119648,286.121013269193,26.19433260995715,23.41531446503202
743.3024778459727,286.64664098160944,26.311738949167847,23.33006245816784
744.1388712751999,286.59815301601486,26.481656863662685,23.16074200263822
744.4148355740739,286.38979343005417,26.588312860641295,23.324478081297954
745.3505467286093,286.46911130960785,26.500856616023675,23.469049719651426
745.6514964653728,286.76845835011295,26.619728932047273,23.588960680145203
745.8627966486965,286.83351542394024,26.716202051728146,23.53588052907262
746.7478737119939,286.6152932290433,26.758608960289678,23.550488065839215
747.3225142154289,287.82623160362596,26.746847789845283,23.66218065261137
747.3401154288438,286.9991342990143,26.906042335671913,23.71916914611196
748.4175263992487,288.0902186383101,26.938964535486956,23.66881351683689
748.3851544628027,288.22437152151895,27.051155612968802,23.712771239188697
749.4611316885496,287.89487477848917,27.19966197690483,23.615050858060677
748.5045092064656,288.7434577442175,27.42788649429538,23.639953713225154
749.9664532930491,287.9844416941947,27.534515899253492,23.622554905067688
750.3446864407528,288.9780762679077,27.59419645443208,23.636582754712006
750.9446493482687,288.7153210669204,27.684820871333677,23.829558366647486
751.6572020141881,289.3220282421124,27.74092434076438,23.997072055814204
751.7500041311152,289.41297214396167,27.837752663062503,24.19077171549467
752.3155742561593,289.4709390735136,27.94692308191976,24.353264980414238
753.1346502581944,289.78584745333575,28.043939534880895,24.364691201726917
754.1780807277478,290.43297347119324,28.049256940500584,24.386326617183816
754.3481181637169,290.3876821892771,28.09616021797632,24.34012939585993
754.8634846239139,290.4520887043401,28.142552846898862,24.226025838390168
754.821949809903,290.65389381326435,28.217764198553326,24.169720918393196
755.8845344053246,291.32598594393033,28.197102453999243,24.107274938311257
756.7998346126218,292.574634753266,28.19520687338931,23.964492395323454
757.4477708432116,291.97314312638747,28.369587402932325,23.943690248689958
758.1939012211242,292.92580602155715,28.047111193005435,23.908039140967723
758.8580758131053,293.83216432562097,27.816128342051123,23.807122154422185
759.6268478681812,293.7816564589053,27.75893091158676,23.828578561681645
760.1249248236136,294.1450565338074,27.710759788808062,24.063433074963342
760.9891686305538,293.6568404162049,27.999476459595563,24.29656391856684
761.1926155233045,293.60256981670784,28.189994783469118,24.382621291877268
761.70017453225,294.87600404618723,28.408633784621152,24.619177210359904
761.6653985299943,294.97675162716354,28.774847166085635,24.654986735907286
762.0173967849192,294.9527059304236,28.933460519516885,24.765631535148945
762.4612395323567,294.86130446930963,29.261869995345148,24.839006051615065
763.1195396205267,295.90335762440316,29.500132795079523,24.91613173605701
763.7311759152898,296.20452811600484,29.61592575731097,25.01764054533404
764.6958798987083,296.1973521133953,29.954927519477806,25.063685055435933
764.5929928765536,295.97508412495546,30.06617336554521,24.997532250577372
765.2833017760804,297.0150956453703,30.303696740808043,24.872770440216424
766.2720992007585,297.2078380934222,30.552214257174427,25.0440482394251
766.5015297701375,297.251247296506,30.697616424080593,25.030197362554365
767.3889453025936,297.72853944312453,30.617029743933898,25.183279084942285
767.6655242449457,297.5207677732111,30.62090921274534,25.26886637008174
769.181428886563,297.4355060546195,30.352924392401242,25.165265661757022
768.824257830265,297.8730696351928,30.358259241813755,25.073707836548024
769.864274714092,299.43203869900344,30.288548044960553,25.110982111270417
770.507153626804,299.30932941063656,30.32623840068898,25.308098991226853
771.0401993484583,299.8656248423577,30.300315719587495,25.614537363624393
771.2106285194143,299.4954141288502,30.460693339589355,25.706490773061343
772.199541908439,299.74467146411524,30.51238468898141,26.097174405753933
772.2397725082768,300.29978173015877,30.603592495653427,26.160194535287914
773.0446132284183,299.85365333135275,30.871894148632173,26.058554848525016
773.3152264099263,300.8386763786425,30.861254028292006,26.06051650541026
774.1636796231346,300.7507619102053,30.890994025215132,26.03925529335889
774.1671047187522,301.13184076124656,30.958904270991795,25.907270320768628
774.3006093480967,300.7328898568034,31.14265489999798,25.78151185133464
775.1005800492678,301.78587416594496,31.220722530858794,25.842146321430402
774.5610583812233,301.81207961714597,31.544181150150955,25.733445746176773
775.2015692019061,301.2282361804213,31.694807763180023,25.76009563232147
775.3058810110267,302.0276474221952,31.744439149821524,25.926478532074544
775.1624209128482,302.32901167719507,31.914339692858274,26.009884360453658
775.732051814157,302.27150362618886,32.3834763277407,26.046302440005096
775.3985567692886,302.5354650047848,32.59219157616897,26.004112715039856
775.3428288501946,302.27582849742424,32.74147395244283,26.017778124780424
775.4004722978833,302.41897738731757,32.53629753069826,26.02059625075546
775.6633416589833,302.8920620456708,32.33653994863491,26.065737053677886
775.3370225377175,303.19544235169906,32.14133120630332,26.110335999726836
775.991968699531,303.224109931281,32.078135354844434,26.038550767320732
775.5352855314004,303.5425564243966,32.07740867352741,26.027046880210758
774.7421606152553,302.9499424722826,32.125694638629945,26.114603275649646
775.0224929998395,303.0192370701772,31.88600612678577,26.065735759547906
775.6063605319057,303.2679406389596,31.71613483218482,26.08757758438548
775.1067878589971,303.7100893211795,31.567552211693304,26.098871955785526
775.659380915355,303.8951296785055,31.391000742532135,25.879632000410915
775.2725659216687,303.47536027870757,31.770274955978905,25.795518151080937
773.4262566754005,303.2973036795288,32.12189765994124,25.9801149309815
774.3680914346023,303.95470270530836,32.119659721127405,26.030619918973095
774.3584678994243,304.0239272253568,32.315260246073244,26.006848308075472
772.372880497705,304.0948061841138,32.49150554511752,26.091988583920827
773.1432644632596,303.41848279275445,32.45313324389094,25.911996816834826
772.8207506095538,304.31488079980574,32.18049737708391,25.936225033689364
772.1780371881662,304.49538943504325,32.2918672130232,25.79479699661273
772.5980066370333,304.33426326929396,32.110680756695075,25.772528759263597
771.0703056895986,303.746228562711,32.42221668476756,25.71025588727335
771.1074722570711,303.3559425294725,32.461790410174316,25.701933300429978
770.497147912339,304.26287136220674,32.4303181279588,25.66584663105533
769.0668371635523,304.40278365344983,32.75462370756318,25.897054153061298
768.756360799837,303.912715821938,32.57366603460325,26.308532894698295
767.5648182071686,303.6975612364688,32.43336712570178,26.629222925011675
767.4255891315294,303.69535327417026,32.130656148562345,26.641214838378225
767.2421253049813,303.33654815781995,31.990839416892875,26.634002073031983
766.2252816316618,304.3229203289008,31.95091073569989,26.48407267227651
766.2666360193934,303.8854408728535,32.04724859109587,26.53094473134379
764.5166998076298,303.73225838762835,32.25690647604898,26.374258859508938
765.005013291263,304.52705881429637,32.3009856855403,26.443219712715823
762.8448685126688,305.2443299531785,32.60081320659595,26.535716009170308
763.7797938549596,303.5592168329242,32.393850095256624,26.85426836051879
762.2759038075574,303.53373420528067,32.532161501096276,26.663542026450358
760.8635172030238,304.7506948944305,32.530800982136014,26.47012968135378
761.0535121373374,304.3677473926108,32.51902095237607,26.36346609124324
759.6522127227403,303.31768237417594,32.585360321121016,26.272090695984055
759.7396628086551,303.59749978971524,32.364340459350004,26.1367112359992
757.95182656151,303.02766581170357,32.646456740261364,26.210873210577198
757.4201712689916,303.164905821927,32.574238760845006,26.471656251653847
756.2731289482977,304.07581672617874,32.41579349500631,26.711228180943312
756.7476280774925,303.67523691478874,32.20799091532751,27.02923350684833
754.7994488775179,303.10721093597834,32.331979930511125,27.042124148551157
753.3983637907928,302.3510233812681,32.380907611285565,26.98034154312792
751.4053518951721,302.8574953531639,32.67417474969483,26.83119001876984
750.5924412018587,302.61686427223106,32.95372843612621,26.84000192428784
748.7545830168264,302.1175408193824,32.983082501503596,26.884257350493076
748.9311702085855,302.2665138531864,33.519457373356225,26.74417108513114
747.9978104241947,301.77383066856885,34.334617493895905,26.56643625807716
745.7904607691618,301.601084091169,34.348582856207635,26.494479461704984
744.5815845142695,302.6851109448954,33.74697196267188,26.36586209458413
743.3537568286816,301.8956979202306,33.402494582382715,26.48520022887479
740.9413400213682,301.15096186698946,33.19980897093552,26.305803316802333
739.384818292855,302.0654352522726,33.2012267565751,26.001613931489977
738.6649971494123,301.5404739671571,33.51482381640974,26.099533022717054
736.9985093673578,301.4370637252152,33.895727236964255,26.06673711255792
735.972536016643,300.9481435588229,34.073291919350794,25.98612102444409
734.0707307677419,300.76701695703684,33.936411694496705,25.92405019237158
731.701392547695,301.03107478480456,33.45015069562548,25.90325112619172
731.1660017718335,300.5151064090049,33.431111385532276,25.879066051619134
728.9391173955848,301.1696641013647,33.3748245960373,25.88966807412614
726.8259935342373,300.68885286066,33.291944511115084,25.96538815075027
725.8576132184631,299.82212347644446,33.393866275476,26.023660761954787
723.5659837397149,299.8845478040225,33.52680785016007,26.02069931383008
722.1654473755592,300.16366761558896,33.71589632554167,26.13154233229864
719.6747767484159,299.07218683714297,34.09421023607837,26.370312910186776
718.4436608599441,299.0161748395344,34.05416082405703,26.606444266243656
716.7954188910923,298.17104596686704,33.8330666367607,26.824122055523745
714.7347991837869,298.9244641949907,33.754423544047356,26.53985792593658
712.543779129869,298.9658658045694,33.737873563992565,26.547607990470624
711.5643870520089,298.9056964459934,33.88971191893144,26.424591910259267
708.641129068865,298.0428828535188,33.8187550458638,26.2139092807554
706.9864740360853,298.2019539501957,33.78747368075912,25.874893063964112
706.1802895501477,297.47802585668404,33.745187196091294,25.82719718799906
704.0364472891642,297.5904203408306,33.67284821952313,25.715735246073255
702.8046898797464,298.4701726230683,33.498904237089064,25.38083700483987
701.58769401828,297.4473500093267,33.560848535705716,25.409956963768437
700.2076856652722,297.2888526330057,33.588710395529986,25.234008906351804
698.9796588053324,298.2339841077384,33.334604813651694,25.085483322609054
698.4418137560793,297.2866771967104,33.212411306200785,25.25467142445031
698.3562082429552,297.0870433339765,33.06570546233192,25.287682436050893
697.9699503762109,296.87455884587126,33.150217655781276,25.298741500152026
697.6117134030453,296.6553137422635,33.17858125054994,25.36885402182064
697.8389543762817,297.570040308049,32.91472735583522,25.50763972081603
698.1665342232953,297.72180860150195,32.72852365546012,25.575219772093774
696.747361221429,296.89755354923625,32.880292815931085,25.65270021353927
697.5030452978662,297.68754420376905,32.59454111813491,25.60929422185646
696.9585162195037,297.51213226334653,32.53636721919571,25.69118957486949
697.470803640899,297.57883017678114,32.41617317474496,25.65519059858613
696.2285898345049,297.7605058894956,32.709881183041134,25.613120606262616
695.8109491177861,296.84763398129195,32.75896113942781,25.605314923158254
696.564489621469,296.8015511118273,32.51607843528484,25.6327681376736
695.4279657769675,296.51418240522383,32.722475733662606,25.692490902442998
695.4594939532021,297.83777710927643,32.49203809457232,25.64267545674014
694.6555976418355,296.7587781528782,32.65414437697367,25.650099639067747
694.6038288288576,296.61303892676506,32.613341487792795,25.544437588364413
694.1992989712691,297.35385034372484,32.52726723080182,25.411539119679272
693.3379215271968,296.30880526954644,32.65017623271574,25.470951472625906
693.2171328821167,296.3925901470765,32.59020933342282,25.493834293249368
693.216744392796,296.93501277004526,32.29524046245474,25.343917941354814
693.1599913394215,296.4663536358445,32.24389824156726,25.325616397744568
692.7128541217086,295.7997306594484,32.244595101309486,25.381930587841456
693.9907966250667,296.43267603919634,31.932637096546276,25.451023654029186
693.4866505100823,296.3223570762253,31.87775793979631,25.365341389541666
693.7756650625852,295.78253087501093,31.88148542658748,25.49178486863047
693.1469664920752,295.43477958965633,31.786564757548813,25.474579919808445
693.4841776123628,296.0399480351508,31.789823486211844,25.530577562510913
692.0966666964867,296.40791408170264,31.98667454159672,25.43022743962211
693.2252928058317,295.6015551636303,32.05998109976234,25.517951379282408
692.4014487855873,295.19786812515434,32.35108649864979,25.58240553435927
693.549846121248,296.41365322336264,32.262055499203115,25.552652659719993
693.2762576365774,295.58867229816724,32.433080429970175,25.64135047202487
693.4967691363312,295.9783271702226,32.46990929813832,25.702235430062636
692.1504177115681,294.3409293495999,32.616248317098055,26.035014469745494
692.7548867842603,294.1239120186231,32.505988760581076,26.00451818687481
692.5079338818666,295.32023635556567,32.32509750726285,25.727157293751496
691.7699856484169,295.57726107714143,32.37267976517806,25.564990785170213
692.0681918165453,294.97020445748905,32.27510776095231,25.329931050842205
690.8778828349614,294.956989539737,32.20774293603415,25.054778549920588
690.6454493038109,294.877979155591,32.35389204179227,24.858612306493757
689.8358977552773,294.5689760439299,32.38090071747271,24.83222460891754
689.552063493718,293.96118769591357,32.39700979234901,24.795260716571327
688.5302191129647,294.50524506023623,32.133325506980704,24.59400206702758
688.5651726462996,294.21038757557596,31.972453169314733,24.431428217988724
686.410806862544,294.99287228355115,31.72007328663088,24.488674073034424
687.1448907257416,294.05908880255885,31.466215252618447,24.36200885728464
686.3599747855588,293.19062398920204,31.25578895427295,24.34017230968184
686.0586882831977,293.2600477878841,30.940004109873964,24.307777654212227
684.6421272823031,293.4627658902632,30.96377705160458,24.343267047598598
684.4118295140916,292.59157651771545,30.98533907972716,24.50009739181519
683.4959374270886,292.5135968879199,30.837470848947838,24.572987803750014
682.729839233405,292.2346490286666,30.73844165037766,24.626015968545744
682.2562699343545,291.7576713170425,30.66866588080272,24.612884599801774
681.3593218558007,292.0125686673749,30.55564828058612,24.610940546109585
680.5162471492407,291.08050775716714,30.503684290385685,24.6469984016813
679.773210093797,290.9424319279426,30.511860757230032,24.486626622630396
678.7598415471642,290.20129328118304,30.48560407608165,24.4477323463253
678.2022574974972,289.9695141852703,30.230441364868966,24.403714549381178
677.8869044029059,289.02302317065835,30.086886079442063,24.191525374991855
677.5612346442548,289.52392308275336,30.038381236392688,24.018552455098714
676.0294373040656,288.7373899637554,30.13018178835324,23.946149027567333
675.6651552939771,288.66962636442,29.961139912534104,23.910327654460716
675.3806100563039,288.94260116380997,29.862818583681324,23.838049015153516
673.9099018964156,288.7413034253341,29.92064420521571,23.78348354239822
674.3202704859879,288.09083565843497,29.8197785470672,23.590545480005098
673.1971590345931,287.26085432254223,29.83830217007158,23.490818820735853
672.5405967023565,287.21379807395857,29.735548538646217,23.46936887893836
672.2343944649934,287.081770595261,29.797370127630323,23.346453316313998
670.3592043503871,286.4675848028202,29.98882091348355,23.35468635139081
669.8534597474826,286.40503215307444,30.06178015103088,23.22572518359725
668.5052704981496,285.9479310058763,30.191676105751633,23.289822192349032
667.2732124082869,285.2025249588203,29.996078540359726,23.331835153160196
667.8636601376361,285.3210349639761,29.593915381466076,23.522236712672736
666.1342788142562,284.9850978127015,29.667271534085373,23.789707328698594
666.1382662494447,284.4371833881641,29.40380349964593,23.677017195839795
664.8743482150654,284.05479568031734,29.402701274947304,23.62517273848639
663.851965066505,283.2717902436098,29.326144940232112,23.695463702233475
663.1666483821233,283.02882605986815,29.295563709386244,23.595057841201253
663.6973999734189,283.22632011972513,29.176275492615247,23.54488783672156
661.9103863229532,282.7983321152169,29.169408323332032,23.286392410191183
662.0706312358036,282.669800424902,28.987033426830273,23.15344877177797
660.179548596058,282.27388702841466,29.13363962429026,23.37171294268235
659.5989469176243,281.38737238224445,29.080815576372565,23.532834276038447
658.4706766370333,280.67198126401144,29.247413205425623,23.628029964652892
657.5765051816235,280.5946044028674,29.046231274936602,23.449402034108964
658.1950215034742,280.9643729091133,28.963541282602264,23.160624909312478
655.9328038627503,279.6184752025264,28.890839112878254,22.961528293677702
655.8032511584801,279.24573658295463,28.832821108332737,22.889302285750926
654.5048118934152,279.18839547722473,28.82996056375544,22.754808471820088
654.5923374690775,278.53178840899045,28.69051579670835,22.826575159558196
653.1664608086154,278.24927260899796,28.625627882281023,22.903119515890765
652.6045403159942,277.39792863679327,28.55741411898811,22.998431361667336
652.2491051717789,277.09169610175553,28.520733443063477,22.84278424912561
650.536046933654,276.2509040886742,28.39624414538734,22.759628285054006
649.7651189932647,275.7970466314712,28.451451466595806,22.751648009030284
649.3582752795187,275.75695655786683,28.230959206587624,22.741610565906935
648.2129031864567,275.1516137327056,28.183805138317066,22.684969861249016
647.9309234271022,274.67230790120055,27.95665747929167,22.58623899496213
648.0262534027122,275.02536027833344,27.786154388423313,22.59378780514952
646.3059228579156,274.8596763514057,27.71991850536031,22.504928608223782
645.9478954954984,273.92770655144153,27.59443575460857,22.413179731589633
645.4442059441361,273.08144127616316,27.483002296298043,22.250935807048677
643.907058404629,273.2560957128934,27.4488150144726,22.15686832763116
643.9639164514206,272.1454375584785,27.566887556143257,22.265750249254026
643.6179235770771,271.79204265991575,27.41689332436131,22.20847144286377
642.4284771626496,271.85044744934123,27.34445406093124,22.198831968993343
641.4182907448247,271.5518711321082,27.321705558690283,21.992586471135127
640.861777467159,270.20519483361534,27.312066708748475,21.822139019292727
639.714804446823,270.28379652850913,27.35662310098298,21.61150697960278
639.4953456635245,269.4704023345801,27.265671587990035,21.48789100955071
638.1979922249299,268.7314846547171,27.389576158050488,21.5160574849993
638.5694513791518,268.18473350289355,27.219839001950348,21.595201268138627
636.8659940688926,268.51731518130305,27.18274574893356,21.503135140323554
636.9301664757029,267.3507027328851,27.06506682886766,21.560679495167236
635.8651169488311,266.5315997570633,26.980718861126842,21.644716745639062
635.3652025891406,266.0542310771227,26.81782022455078,21.734074772024073
634.6081378690335,266.8022209065537,26.545320941620464,21.75495607507619
633.7919748676363,265.6736246291102,26.50810653914141,21.545023690998434
632.9909807510458,265.270933139022,26.47549699400225,21.70595171511999
633.0699249115899,264.65499974962967,26.310139495667897,21.580602612557055
632.0514142284743,264.1704684331843,26.39719443123503,21.564046654139247
632.4277998402679,264.44060614073953,26.233130177862737,21.417036009536517
632.6784464823121,263.0848870913478,26.24683628342273,21.287089220624654
633.4049030113542,263.45076728642715,26.003472175533602,21.24165390370817
633.0838209550946,263.0164333960977,26.02004882467419,21.125961943156206
632.570131818502,262.0891488095176,25.887392918171795,21.01406230528118
632.9618434686175,262.3789594209038,25.673160596944737,20.941826336415073
633.1293885172361,262.0031554244865,25.607166874219317,20.836676211573817
631.9801145418105,261.86715911360596,25.593466595090018,20.948459177573238
632.4827595958083,260.6919584793866,25.458995578891233,21.099717989957337
631.7403748107771,260.2961870891764,25.490045056180275,21.080202725944133
631.5552164230565,259.9900700888001,25.477526443437768,21.043922932751386
630.7256146274058,259.3033676724011,25.56553252497368,21.15810382756101
631.2288326632282,259.46321585564897,25.444441912312996,21.09667772473717
631.0842601260755,258.20862495629444,25.397634227829545,20.968820338875936
629.9545308111686,257.96036600412845,25.32822780637366,20.91791392680176
629.5002600805338,257.9033332012459,25.272459575260413,20.944699259129244
629.481281846367,257.44507819872314,25.069380582168318,21.100436559096725
628.8107133304269,256.7282774813689,25.074503820103196,20.923892424957586
628.5849615612696,256.6611003348014,25.040213291035126,20.759266005201894
627.8343691805774,255.89441854929217,25.236466411794574,20.55487475444303
627.5048072119232,255.63798795591907,25.1899323901184,20.510202677029017
626.751973405155,255.83646227086874,25.105893582756316,20.405574298594583
627.2893838832223,255.5593966412858,25.032888422520305,20.378437247213586
626.9152590804988,254.902504120881,24.805964077771964,20.38622253216381
627.3817573724244,254.35653302736657,24.57909084597148,20.31520848139968
627.0529226541482,254.13639730336288,24.610798978813015,20.28650867696566
626.6548364701626,253.65331896714326,24.6017269009832,20.28635675565485
627.2292377166278,254.27714904663011,24.471746124361463,20.142288515626507
626.8772996261382,253.27614792452886,24.46818669743056,20.130710437563394
626.2859843133468,252.56682952330965,24.322364259048456,20.347069102794734
626.9859207017852,252.87529054419343,24.162283352288952,20.31532925096861
626.8408294006764,252.26683793059985,24.26392835685028,20.23741178528469
627.0708724888002,252.16384663383357,24.256120317809653,20.13002462784069
627.3029788653453,251.72453707876429,24.335112825950194,20.012870422549533
627.0209318738672,251.02446492961727,24.12998836408197,19.991177867816237
627.3723071391371,250.95922358777457,23.933699930710223,19.933458647204766
627.0586965465624,251.1245742240996,23.90457956312533,19.88174144437889
626.6869846707929,249.9872297495668,23.968201373746275,19.813183933483582
627.3656006281706,250.64245469238014,23.841957007819087,19.712488991704575
627.3454082208485,249.55400007538682,23.76146932490448,19.802217134382587
627.2450641399671,249.30327531591976,23.43394398569085,19.72203213183236
627.771670857955,249.28523019867538,23.39697353067202,19.597622793567204
628.259650618768,248.37522439848212,23.122056184339037,19.468095209383428
628.662609809744,248.2131587320384,23.1663804171331,19.54675840262241
629.2675615039354,248.52550163793006,22.878306252382913,19.67521590138596
629.4689961043979,247.33387840691316,22.847141153020605,19.697439414201003
629.717666651594,246.73380004721136,22.83094782474184,19.662221682921032
629.3538419147658,246.5798946387441,22.66358539654277,19.521240995949306
629.6589532937576,247.04009249429956,22.45691183289504,19.410598702807135
629.4656074201496,245.58942150373366,22.681745975130454,19.237622751810044
630.2767539305735,245.69893145815803,22.691578808774906,19.184046263371435
630.6919140302786,245.08147506676542,22.636168582509228,19.214994812758217
630.0278509596311,245.1264435659433,22.688125900562092,19.1582761981915
630.4355762132311,245.0050472133393,22.482393716115894,19.176314569903425
630.4396972402448,244.38135515294664,22.45887761423712,19.262489584243422
630.4511349869215,243.47567651850264,22.448399886996828,19.422037160748623
629.8567853681958,243.40827649336492,22.35712323333506,19.31981481112173
628.8413735429758,243.04501704630852,22.220741073228115,19.312065516757954
629.3540259862501,243.17010251286493,22.279092497714704,19.219609427395163
628.1584392982734,241.54176740264577,22.250214298960998,19.029799850470177
628.7788389136527,242.28107824214604,22.187317289882095,19.038665964438373
627.7404442792428,241.68433918916,22.217849539659035,18.9710890777347
627.3493699935381,241.22217553614155,22.080038089095723,18.93710339549031
627.5309941768749,240.65282245528715,22.124306201914372,18.969196398019463
625.9588331290656,240.60293264702608,22.125111757005584,19.02018603651424
626.1205935182768,240.08236613378025,22.136452733954208,18.93837137013482
626.0421613449316,239.5360816676278,21.95343518367188,18.929316767283446
625.0024370208602,239.1468785043553,21.951028057889115,18.810574961504255
624.8991983939109,238.96642479804635,21.89263562184626,18.544658948829156
624.8068183522573,238.86488304473113,21.80002143757522,18.475998681045525
623.1789629210119,237.79585011330994,21.782767822526935,18.27665457074342
624.1177826837245,238.02271386094785,21.790763673078253,18.22849805935432
624.0598566657536,237.95207197352434,21.76255748148108,18.238579136447413
624.1191018973835,236.8150040019673,21.706567018221236,18.35912010885837
623.5210252433731,236.87730898529136,21.66369139557805,18.378911692503227
623.403026762106,236.43614422929147,21.630141849323092,18.413630730870153
622.8841393298958,235.85230224219873,21.491921840696595,18.467354438942376
622.5356864602794,235.19816483287167,21.314674442722414,18.541925644315285
621.7441730064432,235.12683124356295,21.216808406058824,18.614219287776468
621.9799734535607,234.52797544162,21.0894076461014,18.655192610412385
621.5856662300488,234.53132130406595,20.904282469101595,18.72448965505167
620.9874281916098,234.03696161146425,20.838269227132102,18.72057903537229
621.0479201845835,232.93912681130578,20.770622338352556,18.736080483833746
620.7764354599249,232.598759541411,20.77002794489638,18.412191610537352
620.0648779747752,232.33278022881302,20.877255464023875,18.2521260047763
618.8872540514841,232.91880628362588,20.940427199766276,18.038966717416173
618.9004827151214,232.25920889624578,20.93661391546035,18.05258135301623
618.6740520776174,231.25927185466443,20.96899636966765,18.031482230612532
618.0904672439358,230.82036956375464,21.09972804874942,18.070366219170417
617.4261546885564,230.63555346029608,21.036843149742605,18.11319331134143
617.0946787333461,230.02587970372358,20.860821061139873,17.984541251732516
617.0780346808194,229.53804126811443,20.688741124201,17.79831474160316
616.1613936857744,229.91322164757935,20.51627055081445,17.748721499763157
616.0789139900704,228.53618499950989,20.290047996421713,17.846827083499768
615.5831323422472,228.8329980668434,20.15944942683389,17.75088161289522
615.2308688866212,228.10929523296548,20.302155354198973,17.69637230262372
614.1038669567114,228.00102112101638,20.44123001479999,17.53805785562352
613.8937586062831,227.46845771992548,20.503406859699403,17.5072602803639
613.6508550667736,227.0779402886245,20.6232013654763,17.531855933981504
613.0262559837643,226.36198037085472,20.674660884033962,17.48362745409135
613.0647668617422,226.1771312061976,20.526525541652248,17.392708717975882
611.8372179214425,226.07479790423065,20.59361530457583,17.187707353159812
611.2563676908188,225.46321113533958,20.393400177444384,17.137817231273992
611.215430461673,224.44218366331833,20.192269874993755,17.05948032961331
610.9558026854592,224.23584378001004,20.106041418632504,17.077125306190847
610.6496755821689,223.7985435491698,19.99007754659971,17.025624083300997
609.4222795065461,223.51324890650343,20.082565010345235,17.131850270489203
609.7261703203272,222.90044596829264,19.847662411103368,17.20339578314129
608.3894406958703,222.16437985834204,19.898433366560116,17.059683276479984
608.4113654280692,221.9759160779368,19.614875955385138,16.979106564829515
608.173512291765,221.76356928633035,19.555639601040507,17.00570597079633
607.424666198518,220.56811871464026,19.59044879192887,17.054779721598408
607.3083362750584,220.46216185586516,19.50493236931672,17.094841327332198
606.9683982362817,219.7522905651099,19.584199621186606,17.006122910307575
606.9910997490321,219.69623193600293,19.42419546043198,16.97557049078709
606.1659353259388,219.80440971529472,19.48432960447014,16.905920559644944
605.9983186378207,219.598991265655,19.41496855931947,16.885811108826704
605.5872768730438,219.15448357837863,19.34716714014278,16.73967023337945
605.4059430616604,218.19168502792277,19.294124313690887,16.68946014434979
604.5615658966015,218.09938029002765,19.316161114512045,16.676361490257182
603.8858614737962,217.70190468715913,19.222425306802037,16.705924207224708
603.0169896230351,216.1710806882459,19.16959588820706,16.739450256808972
603.0261069070834,216.57116888247828,19.122842643352755,16.601047549984848
603.2045216408889,216.4334465381305,18.959403068319972,16.43470451895383
602.2829253862349,216.07625518162735,18.940649471670866,16.361405652370316
601.843860504061,216.28814479736556,18.828064209163067,16.37839180175325
602.0567861844122,215.66556432261098,18.736540546214727,16.354555558879618
602.0442615138271,214.7452258530948,18.675705793146545,16.308254348497904
601.0613821849195,214.93419590333758,18.63522360623528,16.241082375453736
600.8698134252506,214.01945023348605,18.665944133385537,16.25405302423884
600.3861483290248,213.53522919938564,18.60136056851307,16.23306943325996
600.3054005149085,213.6993773336344,18.415070247038475,16.276797700895248
600.0152260205434,213.27495425940774,18.221577377858466,16.270541310286074
599.6672997901671,212.79833783747137,18.12259951634532,16.287365157576794
598.8367641747031,212.15829877171205,18.077417695515546,16.22167149954465
598.6513684210302,211.89701771607113,17.987988865947507,16.198609831529602
598.0126115396109,211.63278999702896,18.073409733278083,16.128150169516285
598.0098253528045,210.46830605762662,17.97592424556288,16.07091046775455
597.788527718529,210.2010893035733,18.023278730422327,16.04058567507998
596.9152166370845,210.64949220311877,18.093402480225553,15.929180266613997
596.8821803268352,209.54547724267962,17.950986636368725,15.803431806144681
597.0190645548885,209.39757737029595,17.88518021639501,15.770534346322146
596.6264489956758,209.20316984339493,17.82600520689056,15.75463290842497
595.6927400220569,208.64223051775903,17.703211667311884,15.726014123173368
594.8655966902501,208.13659494825828,17.648246927117093,15.760593062467825
594.5505613265052,208.22160088036995,17.46716805743875,15.752263327150732
594.6943332455221,208.01330407893016,17.484243054854154,15.734103512061527
594.6601507539381,207.3611851139075,17.41223480804193,15.643543163298244
594.1840807414272,207.16134045657154,17.351183609918927,15.815281428165504
593.5579558258411,206.64738977842126,17.26673300163827,15.892735701946545
593.4944500040242,205.86085188667812,17.197142777596177,15.811476463460156
592.5600425111876,205.29400825875564,17.19168255574982,15.784435264715256
592.1383308137762,205.17631038337208,17.178668267467184,15.646936728373017
591.8930696483549,205.56878695260878,17.13932914811442,15.509383492243396
591.6449088883228,204.93722386322696,17.110870394741234,15.441340542589032
590.8687535055536,204.62597391148574,17.092578743287277,15.39701610525118
591.331761392635,204.28763017242622,17.042676860725994,15.28171902526475
590.5605498725337,203.9385152057578,16.94523402568452,15.122321089949278
590.2411005041342,204.0080152896415,16.946734996370125,15.046988219545163
590.2163891284172,203.194278717042,16.882109743653892,15.067707061765608
589.9453961710026,202.98668009168256,16.845406083287866,15.049474594466911
589.0360601948781,202.3708634160604,16.637306490126477,15.041655583650721
588.7290476597462,202.11703951708532,16.50917076327126,14.969984381356733
588.4925218908846,201.3394712162431,16.466601115691702,14.89118314734777
587.7327497686575,201.2983854442831,16.461845738563866,14.871891373396686
587.4815380650214,200.83500573881054,16.464230998863457,14.791383786050813
587.0988270638683,201.01980251737447,16.420723557810355,14.726389990885842
587.2286914494757,200.80938474927063,16.42442252097033,14.801324037835679
587.2280352093419,200.16227024769265,16.41629362550569,14.847933412085407
586.5108879349,199.28449446209865,16.422449441479365,14.85508715612497
585.9386842723833,198.8358481349948,16.442917252352565,14.76720753860415
585.6733814528457,199.00415173021003,16.37357782306847,14.764870825468623
584.9351223861323,199.01472161350083,16.329076974561502,14.736250437549133
584.952122680745,198.45745394212253,16.1666278990081,14.738164472932667
583.9810356552588,198.072851866267,16.042342294218777,14.686296999887853
583.6731053370315,197.47105556392026,15.943679615243571,14.631298906339154
584.5710757869227,197.28451413244963,15.861087104132942,14.682821863274594
583.92848460231,196.63978652796953,15.899130496307553,14.584635165496508
583.3264045436083,196.42975366190146,15.965644892275492,14.446740387378735
583.3075675440481,195.93005059564916,15.69539652811472,14.438379796250475
582.888252523039,196.12447897672118,15.674540943912316,14.301605858813495
582.5099815054482,195.11046818271655,15.755240693937514,14.320956639937993
582.3819033219805,195.24416294713407,15.637747463704923,14.38251990040958
582.0927153527774,195.23132876003393,15.672033131115132,14.237728527295404
581.5787637928019,194.14030474291675,15.593101839445156,14.192256572516111
580.9273848630218,193.81089239996757,15.559853534454433,14.083625203726962
580.9770673037766,194.20091222028898,15.406159734487789,13.991089377781407
579.8831140894602,193.39761500278908,15.28733398538629,13.99990167777147
579.4002093550956,193.41288340859217,15.31850447706453,14.006649717239515
579.6791682865387,193.01956645480536,15.28631674723503,14.08852593438344
579.3657247974921,192.45543282717395,15.225314626207043,14.145603309275153
578.5770586225428,191.4610146414417,15.338676791779529,13.998663160964242
578.806983077301,192.3349917905007,15.17329199359138,13.843135162895088
578.395629505556,191.59352622583572,15.177674094356712,13.885972298084436
577.7292962868041,190.44733637152666,15.25018580773949,13.801551469593154
577.7341393256106,191.1165157897341,15.231847996728062,13.780884436156798
577.3372330828638,189.96336440259662,15.241080251508624,13.892134109845786
576.8845125138677,189.79319759918067,15.225455105321387,13.939666813357384
576.5258572102251,189.91800827511835,15.242619991170809,13.863064870661754
576.315300181668,189.10757691541008,15.188300698675699,13.74730954808608
576.033236770548,189.77683950733652,15.172166290446922,13.682187531957805
575.4065123577124,188.72161352432212,15.19904880142101,13.554247621765883
574.3004099197996,188.32271750485504,15.256739364502398,13.495067919977442
575.1005754947026,187.56420760408483,15.274351024754786,13.397257704428007
574.7582386139761,187.4113318220175,15.316824316237296,13.369589468757962
573.9422813971241,186.84188774650912,15.31103199334947,13.35080092299741
573.7521383260163,186.96407179947522,15.289435963934215,13.323729417406962
573.2609739101304,186.87796609132414,15.126432459280215,13.365111976287286
572.7059617546538,185.67562113490501,14.942934889130006,13.255500589076682
572.6323305327898,186.37625594934232,14.922194250582686,13.267019351315373
572.5618724276881,185.89114369287702,14.967434038666786,13.152748319812346
572.1138774288526,185.85184496796194,14.866487238242247,13.084251043080021
571.7786295232253,184.88411701303065,14.803485429867727,13.061996686829344
571.1617216580946,184.80784274711317,14.846020795138816,13.044966666418215
571.3577769376993,184.26645175594123,14.755767230558448,13.068544547199547
571.1405909512744,184.2304880308402,14.62567463431661,13.096694531581287
570.3939742865308,183.7519233320357,14.653282200864178,13.110178451895397
570.5623777968541,182.79334596166564,14.499950674602271,13.141076021004666
570.2414943531901,182.93901988045891,14.406053194254554,13.138767795234504
569.3820386373002,182.51212702733855,14.463786037167218,13.102927952158858
569.4160550185943,181.71383358201484,14.401772866864027,13.124456859407807
568.6720510431218,181.41752290458393,14.399901209654931,13.117270475011804
568.805575743968,182.20007094326306,14.324746339212346,13.062443562692657
568.0355867943744,181.09624039827284,14.292035182003236,12.940053230553918
567.926196364446,180.61216978782983,14.208939973744785,12.917422204125522
567.4460127963355,180.7197384131515,14.141391155375814,12.869418284780993
566.4739108946698,180.94911317281318,14.188145465299161,12.872102176102139
566.085500763967,180.2245114926642,14.195564176411608,12.859578394066169
566.3771349604056,179.7532332974433,14.193857825770952,12.740512164879009
565.8848496939111,179.13984276330703,14.270324415888751,12.785049885983572
565.2008955024679,178.46084824061802,14.301070780952875,12.74128645943776
565.5162496374994,178.46698141752066,14.138227501124303,12.83183764103292
564.6256405106125,178.61959120082815,14.216702224624647,12.879824708939397
564.1996700159406,177.70543442362788,14.196160914163816,12.933522021884842
564.4386672417314,177.64042979893821,14.077720753353525,12.903169027611854
563.6286431772496,176.47065937748832,14.106479362053442,12.918102021390531
563.1447144637468,176.49449103143604,14.085288784908709,12.875065941278319
562.9398751567953,176.9079743894588,14.01910298841139,12.81726044959808
563.155212477671,176.55121522505516,13.94469436838851,12.611005676598667
562.0095229597088,176.5477124655696,14.018383890152837,12.479568202405751
562.0259613578017,175.71735824622309,13.9211302629122,12.33833190843276
561.9718304141068,175.34594653569363,13.845508483309976,12.323682337548266
561.5459408988511,174.47549718583258,13.798525764553794,12.273401380287979
561.4691736096977,174.96072725268306,13.773570657801907,12.230828209477659
561.3750133878675,174.4848674068464,13.759151385886051,12.223273609158763
560.052420199974,174.25633233987176,13.732859490188636,12.221206780217434
560.8282909231209,173.6155972496502,13.641456636424234,12.228632923795303
560.122912111562,173.65767235990444,13.662153834737497,12.13948163517158
560.4140479075311,173.5362184045783,13.593687632203476,12.135273456956657
559.549109230595,173.1706196557375,13.447725752677218,12.152672431689043
559.2150893101524,172.38400764980105,13.410218260798786,12.193799580768982
559.7165384796051,172.4849945762434,13.516115087908826,12.155953077737799
559.1911210156736,172.2962748915662,13.49714868520558,12.20369579181875
559.2608281649211,171.81379373462659,13.37190980174945,12.136114923324968
558.9796188750987,172.06772756590698,13.369379345749818,12.083256721213413
557.7648106175872,171.39327226624158,13.47581470842919,12.058384208971889
557.8308931687441,170.8309410073528,13.468577126867235,12.044203190372533
557.685108855775,171.20040711123244,13.416788666623871,11.955459428658171
557.8983278730756,170.65103454163076,13.46556272919058,11.899915322256037
556.8794590407465,169.6890963658889,13.558430398731598,12.044613054355018
557.0905677123669,170.11038916260807,13.402311077951772,11.905121943338564
556.505518971582,169.9301968521436,13.47002971430681,11.833217440732337
556.6641546999971,169.4471323503583,13.554411547271556,11.814033028775585
556.7091144528268,169.5927580931723,13.588931281113828,11.82764833391904
555.3059776123996,168.6234024283704,13.516134679986013,11.79586253217518
555.7714200133934,168.2027533477915,13.477656341621492,11.86701527707325
554.9924209545472,168.69762645435387,13.41750947030015,11.997885976790302
555.0640034053952,167.70211916815958,13.313174372070993,11.9473813841398
554.8912967488744,167.66201116125538,13.232646217827341,11.788759202147435
554.4262206191129,167.42505753915663,13.294310165582804,11.703012210505086
554.4979291104974,167.49968246341675,13.277846307813817,11.682943270188007
553.9430677975615,167.08762632581355,13.184043390472713,11.697374606673703
554.4495800913146,167.49543337105618,13.02745267137479,11.729214587233367
554.4722532016381,166.5808202437878,12.9615223442824,11.749286331272053
554.5218865308813,166.65749803085723,12.937969797124095,11.731352510062887
554.2836976871774,166.23757637868934,12.840498760166504,11.793562147406469
553.5725144874507,165.66035661906042,12.752550218213782,11.739517017006122
553.3574813171551,165.5392376818056,12.808528271451472,11.621040932775529
552.9661834755807,166.08673547278147,12.751909629649111,11.526102571282753
553.2660476089779,165.41204327151289,12.68899700616523,11.44147742181799
552.4741708148306,165.3932471307403,12.575923659645394,11.495110505365096
552.4884278683841,165.0399396229091,12.595379370653655,11.520428218781417
552.300439822021,164.5351813083851,12.5464172614757,11.511687706716131
552.1489572842983,164.87783692947863,12.485429700202292,11.419569518728265
551.9611561640675,164.30987877956943,12.395333698476456,11.472714517277158
551.6812358986668,163.4943133932824,12.352513096465083,11.48038642754652
552.2455938076334,163.88421638870852,12.253406958707723,11.35271819304194
551.5745750775203,163.8975494763344,12.183739401844162,11.284056015592896
551.1491213470763,163.13908698049548,12.053937786804568,11.148229084663368
551.639688997906,163.0019358260339,11.998911799109866,11.219349173127505
550.9597428987722,162.81689528698186,11.999116192201624,11.17274323951282
551.258814387689,163.45961720372094,11.915465249280262,11.143612730009284
551.451265645929,162.8227052288151,11.8110345345581,11.121004184703803
550.9240651294527,162.46686177938682,11.690306630743024,11.143634687075986
550.9277234285793,161.72639119370834,11.609793621357053,11.236815696079415
550.92320174455,162.12742598035683,11.5555359029898,11.176418638651555
550.7132252514795,162.4937171977734,11.593397366914203,11.134807578330165
550.4657211774975,161.45293845407383,11.507514859360427,10.90411302105158
550.6387246369154,161.53433214244762,11.405957556003056,10.792766836930898
550.6444923548381,161.51032358670165,11.25595242411272,10.773267621518611
550.4659768583828,161.17322575505696,11.102912616242207,10.816024075823552
549.7393670464708,161.14872681582722,11.089331550369089,10.738389263853364
549.6258988124575,161.0593532641659,11.19756226888375,10.674693282459193
549.3232529345997,160.63487106847248,11.267583333681397,10.665713185320685
549.9891351848663,160.97696873953416,11.382905167376663,10.718250326107485
548.9763395271402,160.73007751155765,11.492259605387568,10.664589392167883
548.7962425097134,160.1725383554203,11.525862148542128,10.637764780858616
548.7891191747905,160.5682174090116,11.37540544924728,10.578782772308859
549.1261502084352,160.25542215944714,11.238674009399116,10.60257044551002
549.5460107011012,159.80208338716324,11.07814079872528,10.628720493739925
548.7562439203316,159.1321619501119,10.947854566563251,10.70869474601641
548.6000986778519,159.21254936460875,10.976716859384139,10.679526972686782
548.489299939721,159.11708430961622,11.009555485548063,10.634964376373048
549.0701432255902,159.02736163924823,11.183550829093155,10.585974200751618
548.7885368707996,158.68019009620957,11.219377827004262,10.608598689416823
548.3724422975409,158.8836506419503,11.185035601451213,10.656732834751695
548.9438362929328,157.91973096342787,11.084384756663674,10.680927630029018
548.3097657034872,157.89019659425963,10.948904261970881,10.64882510371708
548.7188619938122,157.59991779189642,10.829075939133459,10.658375933541143
548.6118098116584,157.66874678575618,10.794904546604933,10.641903248556009
548.505778467142,157.44945570754925,10.723161388469942,10.665156425477686
548.137653674896,157.0674511329813,10.691573448547762,10.654606553617493
548.3701999337254,157.4738170731578,10.784040897930005,10.570279672043785
547.2633838155507,156.7186179375929,10.879451851320542,10.528714137021186
547.0390207041412,156.99416444924958,10.93217816569211,10.476903950621923
546.7104463107106,157.109956776609,10.961855028725303,10.475948263188258
547.4028130198732,157.03098136534237,10.86748873686496,10.414229743680497
547.2550789148861,156.68526626458927,10.744873755921235,10.389027102169088
547.0006420942908,156.12860392348995,10.662026816057052,10.33072855438727
546.7806142154622,155.84573799645344,10.774529778304247,10.327532643567734
546.7769509122418,156.04117681475094,10.830451813211821,10.338991127578176
546.7092941138999,155.81465865572602,10.821798735090962,10.461056681467864
546.3493682850581,155.43103755031166,10.845414736036236,10.488487948693116
546.2743086263793,154.7562085552162,10.726250758716072,10.504531589518745
546.077449374901,155.03102521300988,10.639656914260513,10.409022724615019
546.773783165374,155.0673125752678,10.554251753968767,10.350432680274912
545.8968325065383,154.4923728481296,10.425252833603118,10.260916992949795
545.7032108757227,154.46856468191535,10.448604493671821,10.265438690368489
546.074360216894,154.38634945962278,10.587031671924892,10.246603448918513
545.4883256854141,154.04728346959305,10.688284694845663,10.299132706809967
545.7455191460101,153.55139444718108,10.64974311056778,10.205228836350743
544.9599156349399,153.75316883467366,10.623045927385933,10.146082374598006
545.2326664370925,153.64328513286276,10.59277259456508,10.15698365883504
545.4763537774488,153.45481654755142,10.56698772708477,10.183243339223315
545.3836629985713,153.09532353848675,10.589054465503908,10.17905049382729
545.439275713481,152.74578876571715,10.47008138553801,10.0882106765735
545.1055002437391,152.77655689507662,10.52402682575417,10.104959635139734
544.7807715387333,152.72462726233246,10.426528364183753,10.147173392815528
544.9589530033559,152.49113280026504,10.491117278200432,10.170371881159358
544.1882168505656,152.18070468948255,10.514900832560194,10.118449019472369
544.3664909752017,151.52651894176788,10.533070295690433,10.002965687020868
544.4238666910635,151.69773292541504,10.604811783888557,10
544.3764888090885,151.72323417663574,10.670259228746774,10
544.2572005947255,151.45915985107422,10.730998285646592,10
543.8689153524942,151.11297225952148,10.738693648038904,10
543.4145960299982,150.6609764099121,10.699395281312349,10
543.8164159645617,151.0627841949463,10.61327326496846,10
543.2493269844288,150.01576570973558,10.527800956679574,10.062527571007376
543.6390559850308,149.75122738394734,10.510561430817335,10.097890843677563
543.8382592152125,150.29077036896314,10.490408907221603,10.092115725696763
543.0335058621082,149.74416542053223,10.478470911281589,10
543.5861953376764,149.60604286193848,10.4125321151747,10
543.099439537241,149.41069793701172,10.207840133281646,10
543.2177577425317,150.02710914611816,10.198544420942367,10
543.3263117788027,149.44259452819824,10.13134250684761,10
543.3222136189223,149.58306884765625,10.164681496286194,10
543.3918530618917,148.41740798950195,10.060562675044924,10
543.5433349609375,149.2843475341797,10,10
543.3060111999512,148.37052536010742,10,10
542.5660521886138,148.28398323059082,10.102312584442462,10
542.1387443432483,148.44805841659544,10.321468375271067,10.029340167541523
542.6086087069237,148.58109855651855,10.385809929902589,10
542.0835561484255,147.5961456298828,10.380617195336516,10
542.4566515025209,147.49140548706055,10.279175174889772,10
541.6748384592819,148.15608024597168,10.1521579508211,10
542.0608818204178,147.5345459484971,10.009725159213342,10.007633109109292
542.0692861557793,146.58318710327148,10.05296363814852,10
542.087442682319,146.57171630859375,10.09064426793054,10
541.8267969221152,146.48006629943848,10.184636288826054,10
541.7537643125733,147.31534004211426,10.17845312534169,10
541.6135964771905,147.11223030090332,10.225764198939178,10
541.5798398922947,146.6236228942871,10.157573328203634,10
541.2682649100175,145.8406248111655,10.222610194613564,10.020166393294016
541.8757058282633,145.75907135009766,10.31385781368806,10
541.4623841177805,145.6311264038086,10.301386091831544,10
541.0368576893218,145.41980361938477,10.213229964373939,10
541.6659639952485,146.14894485473633,10.062080645977545,10
541.1012897491455,145.76141166687012,10,10
540.8595542907715,145.6436939239502,10,10
541.5458450317383,145.0612085847366,10,10.012440008261182
540.6561698913574,145.07302284240723,10,10
541.2833137512207,144.30500030517578,10,10
541.03782081604,144.43848419189453,10,10
540.5451881477223,144.55355644226074,10.0689826828268,10
540.450471009652,143.9618797302246,10.063134976545571,10
541.0941425959116,144.04924201965332,10.132317225168798,10
540.7851781498803,144.18875312805176,10.108507225630081,10
540.3947821195817,144.118070602417,10.051080597262466,10
540.7091979980469,143.91255378723145,10,10
540.5408897399902,143.47485936211524,10,10.168967951794912
539.8761157989502,141.17020205192821,10,10.887161661524416
540.3767273853314,141.19013946380846,10.130196962735612,11.260941165156531
540.366720960888,141.6053562538134,10.119863894874543,11.138408586123228
540.559917848248,141.68239493744304,10.028250851355658,11.075605480338542
539.623420715332,141.73575417815871,10,10.968585637823212
540.1172275543213,141.2520816638573,10,10.743570742109647
539.5357074737549,141.85590975620786,10,10.510279791783478
539.8502235412598,141.33567664824375,10,10.186827703268392
539.6656703948975,142.20721244812012,10,10
539.7956771850586,141.5281219482422,10,10
539.8979778289795,141.7630271911621,10,10
539.7311210632324,141.48958778381348,10,10
539.6726322174072,140.93000030517578,10,10
539.5087757110596,141.32085800170898,10,10
539.1553916931152,140.6306858062744,10,10
538.5579204559326,140.92176246643066,10,10
538.8447848152249,141.17544746398926,10.074533305341129,10
538.7672538757324,140.6284408569336,10,10
539.1983623504639,140.37315368652344,10,10
538.4013366699219,140.05910301208496,10,10
538.586576461792,139.38531494140625,10,10
538.6476764678955,139.64873695373535,10,10
538.6918601989746,139.82452583312988,10,10
538.5128002166748,139.5323028564453,10,10
538.3420333862305,139.34163284301758,10,10
537.8038921356201,139.03466606140137,10,10
538.0842819213867,138.61362266540527,10,10
537.2391967773438,139.0931911468506,10,10
537.4192295074463,138.3412971496582,10,10
537.3685913085938,138.33074760437012,10,10
537.1533851623535,138.16396522521973,10,10
536.828405380249,137.87203407287598,10,10
537.369421005249,138.6252269744873,10,10
536.8807277679443,138.21807670593262,10,10
537.3142280578613,137.85759162902832,10,10
536.4393062591553,138.28116607666016,10,10
536.6564769744873,137.5190486907959,10,10
536.7057418823242,137.63036155700684,10,10
536.5422134399414,137.62818336486816,10,10
536.2530288696289,137.32786750793457,10,10
535.8359622955322,136.85952377319336,10,10
536.0634498596191,137.52564430236816,10,10
535.2976684570312,136.85795402526855,10,10
535.5263195037842,137.10666847229004,10,10
535.5899772644043,136.1746120452881,10,10
535.4996871948242,136.12872695922852,10,10
535.2677135467529,136.01047897338867,10,10
534.8832130432129,135.6525936126709,10,10
535.263843536377,136.3442840576172,10,10
534.473258972168,135.96763610839844,10,10
534.6913814544678,136.27779388427734,10,10
535.0586700439453,135.64614486694336,10,10
534.3332691192627,135.80368995666504,10,10
534.1842880249023,135.79612922668457,10,10
534.0245552062988,135.70385932922363,10,10
533.536771774292,135.2085475921631,10,10
534.0022888183594,134.69203186035156,10,10
533.1205959320068,135.1242847442627,10,10
533.1583042144775,134.19524955749512,10,10
533.3558597564697,134.2378978729248,10,10
533.3262844085693,134.17382621765137,10,10
533.192419052124,134.25988578796387,10,10
532.7428207397461,134.07523918151855,10,10
533.2024250030518,133.73909187316895,10,10
532.4852466583252,134.37997245788574,10,10
532.7816696166992,133.86824989318848,10,10
532.8687744140625,134.3858814239502,10,10
532.8406066894531,133.53252029418945,10,10
532.5532531738281,133.51530647277832,10,10
532.2490329742432,133.4078140258789,10,10
531.6404037475586,133.24321174621582,10,10
532.0336818695068,132.891752243042,10,10
531.1537609100342,133.4093837738037,10,10
531.3871326446533,132.6516284942627,10,10
531.3982219696045,132.7754955291748,10,10
531.3525829315186,132.72075653076172,10,10
531.1779117584229,132.67000198364258,10,10
530.8286418914795,132.62030601501465,10,10
531.2959079742432,132.43436813354492,10,10
530.5248355865479,132.24298858642578,10,10
530.7905406951904,131.67129516601562,10,10
531.0399990081787,132.1059627532959,10,10
530.0777072906494,131.50126457214355,10,10
529.9663715362549,131.43626403808594,10,10
530.498514175415,131.54833030700684,10,10
530.0376052856445,131.4800319671631,10,10
529.5479145050049,131.0457000732422,10,10
529.6343250274658,130.6549243927002,10,10
529.7695751190186,131.1906681060791,10,10
529.8390522003174,130.59604454040527,10,10
529.8212242126465,130.77269554138184,10,10
529.6601505279541,130.94428062438965,10,10
529.2362785339355,130.8935089111328,10,10
528.7440528869629,130.6944351196289,10,10
529.141902923584,130.35401916503906,10,10
528.2478542327881,129.82801246643066,10,10
528.2051887512207,130.18314361572266,10,10
528.0981178283691,129.48999214172363,10,10
527.9657440185547,129.40122413635254,10,10
528.6406707763672,129.27722930908203,10,10
528.1601963043213,128.95103073120117,10,10
527.42626953125,129.4109401702881,10,10
527.5331840515137,128.89765548706055,10,10
527.4554557800293,128.89804458618164,10,10
527.3903541564941,128.80444526672363,10,10
527.3110637664795,128.77060508728027,10,10
527.2011222839355,128.52314949035645,10,10
526.8890018463135,128.10502243041992,10,10
527.298225402832,127.63212203979492,10,10
526.3244533538818,128.23273468017578,10,10
526.2218532562256,127.2870922088623,10,10
526.2312602996826,127.21435356140137,10,10
526.1804237365723,127.02231025695801,10,10
526.0824909210205,126.4757022857666,10,10
526.0352249145508,126.91776657104492,10,10
525.8655242919922,127.31413078308105,10,10
526.2081604003906,126.51071166992188,10,10
525.6067371368408,126.54466438293457,10,10
525.3575477600098,126.42080688476562,10,10
524.9640293121338,126.13297080993652,10,10
525.6950511932373,125.76337814331055,10,10
525.4202899932861,126.28987884521484,10,10
524.9178638458252,125.40165138244629,10,10
524.8603897094727,125.39826583862305,10,10
524.8766784667969,125.02484130859375,10,10
524.6593341827393,124.42383575439453,10,10
524.4584350585938,124.98174667358398,10,10
523.820140838623,125.16832160949707,10,10
524.4252700805664,123.75735473632812,10,10
523.8607501983643,124.43615341186523,10,10
524.2102031707764,123.67643356323242,10,10
523.4840393066406,123.61141395568848,10,10
524.0330410003662,123.24281692504883,10,10
523.8839874267578,122.82308197021484,10,10
525.3890495300293,123.31933403015137,10,10
526.3086051940918,122.63194465637207,10,10
529.6440925598145,122.54612159729004,10,10
534.0881042480469,122.36432075500488,10,10
538.0632171630859,122.00351905822754,10,10
543.8080368041992,121.67465209960938,10,10
553.2797050476074,122.29033470153809,10,10
562.943058013916,121.89066314697266,10,10
549.2515225410461,131.40705490112305,10,10
561.889172077179,131.2976131439209,10,10
576.9459691047668,132.14802360534668,10,10
575.8009896937078,132.58184814453125,10.012210714207958,10
577.4590681104102,132.3136611238837,10.315900224797435,10.10153288528927
582.2405663469208,130.68520839316724,10.29570846979369,10.208745811321785
581.4445184385802,120.06929683685303,10.666147487158444,10
585.6923545012603,128.7207361783914,10.366672871563887,10.470989877714283
589.2706850322542,125.47386851846208,10.306020110357355,10.20465058209438
