571.0,272.0,46,25
568.5757480205677,272.04479029149604,46.422036063356785,24.695163679703178
568.7222948656973,272.09692991276825,46.47240245610528,24.364825477197844
567.7191986619084,272.46001272823054,46.63061817911276,24.204059016195195
565.2833364991625,272.76821680342636,46.86756162081574,23.9946638052567
565.4734926936632,273.3708015246473,46.852666712283096,23.69244846437732
563.85239362504,273.77400651351905,47.00199985929499,23.648398105774355
563.2864405053513,272.9742344284668,46.991755219766105,23.77365333544929
562.340116571933,273.8088348294516,46.95650086492313,23.724920673128057
560.3178926086065,273.7695694464281,46.99414337165413,23.715789696011015
559.7176398642619,273.61551429837476,47.00952923143723,23.68973251164892
559.2244717756557,274.53719986528483,46.98271233247766,23.568163135641218
557.7838811245223,274.63320679126304,47.012056476541474,23.616337882317687
557.0776199026683,275.1060574948124,47.03171087825725,23.64968615783615
555.3455743059313,274.80759366727426,47.130994942824806,23.67318851994366
554.8949428668394,275.61018891770686,46.98188855831326,23.644002047398796
553.4141815867338,276.00277860841163,46.989584214227875,23.5159576757549
551.9358012639234,275.4217950929823,46.886820323715796,23.49883229938703
551.7012150724738,276.16943030572065,46.77647915681025,23.55814256238684
550.1618942437563,276.02597239952274,46.93089596072968,23.677440576931026
548.2468794819263,276.25604254552815,47.03369159767098,23.717178214607753
548.186969236594,275.534768849454,46.915505496538486,23.800548971013882
546.5294578161037,277.1783259353045,46.706755144159814,23.803672226070763
545.8111621126865,276.6570882383241,46.77733397775205,23.867342078039268
544.8337928960142,276.4034360119255,46.84823757222945,23.9925054175552
542.8321221158966,276.6877579291447,46.793397369769224,23.877047618273117
542.7950590281195,276.7293520534861,46.740295762120425,24.07433117134817
540.9135115849729,277.5120800953982,46.60190139060116,23.950525478148933
540.5604557188202,278.2883858890568,46.63918988071886,23.971751171105048
538.7693798409098,278.0550563850886,46.70574715411795,24.04050673665874
537.7109781768162,277.2087174732611,46.63944501355519,23.951263173594935
536.9680156893791,278.1770702537331,46.62756725405448,23.928070796244718
536.0181893340608,278.0093158899545,46.622099115081454,24.018569147825403
534.8632684100385,278.08855703385365,46.65969364867298,23.99086994108173
533.5457764717398,278.5029177938705,46.69767740320008,23.781624739407427
531.9551354841624,279.1586044539196,46.69690676605022,23.49918208337172
530.9794105473037,279.06564853600815,46.63022919836141,23.32639030591342
529.7011753124996,279.01554312765745,46.5816581640633,23.12404985308349
529.0100868834269,278.5331309836003,46.41457965111492,23.234076777916567
527.7208702048531,279.22493400845985,46.32689057173907,23.06372756413493
526.4537813340903,278.878643987428,46.33428913846012,22.971380238034598
524.9215300377739,279.6894342632248,46.38078635999904,22.759101444253503
523.8338922408499,278.8766368785331,46.39982721263624,22.664893357191715
522.6405222186867,279.4469589231091,46.455741451298614,22.60551757858648
522.7150483447591,280.0663720968182,46.47015660638016,22.414405464566755
521.0029242695269,279.29284163647793,46.410914766610105,22.432184769036375
519.2353797242824,280.00739506487446,46.398243847333575,22.272136139782376
519.2807459677474,280.2628183109956,46.4562082598176,22.26167111726653
516.8695214323898,280.520525550989,46.5623029604157,22.20545463532663
516.1768579385289,279.8353942607107,46.27776910829368,22.355777030336355
515.4477339176044,280.70097833677755,46.25728790209578,22.257207755155825
512.5855425341554,280.3827456175903,46.29136305180642,22.239849340991334
512.3124856337043,279.8394038106004,46.22260868864602,22.358286495010134
511.88315546438537,281.2927789724074,46.15065074115116,22.19071768995086
509.2966156860235,281.44626632406346,46.3446043213124,22.161910711248108
508.9608493810297,280.2178383540328,46.33707504165161,22.156852588809397
507.2472767115643,281.82356188586465,46.22074809054324,21.853395027098838
505.6689784633499,281.5055689834526,46.22768638384703,22.01255893250891
505.144324481575,280.9730512414924,46.18545687181097,22.07213176994489
502.8910448498823,280.72570811937965,46.29997206781349,22.274657979990664
502.4127730915062,280.9865625254692,46.232040486909405,22.390507151210034
500.08392272889387,281.1874801312847,46.32466247678261,22.629983585086897
499.52432953371493,280.7373570846375,46.203873891554544,22.824342837560962
498.6011188426833,280.60394749391594,46.13295213396929,23.123358063925938
496.5661228106394,280.5862771716887,46.12965623418998,23.517875344122594
495.6802955157226,280.668006256968,46.08194436894541,23.778809873759343
494.88978893802226,280.6505476920133,46.04528174309605,24.014044386481242
493.86039607266144,280.439347584179,45.999209075380236,24.17225392832162
492.4369074580603,280.0902866291052,45.96688332606683,24.407241072844222
491.20826975865003,280.28395871252735,45.979624423129614,24.445800226312503
489.55225580019976,278.70717771307676,45.86448254022544,24.798962444940273
488.7362081662276,279.12468571466866,45.82410771539641,25.126360992537684
486.72621063337584,279.25980354404186,46.027971189302974,25.338913419728748
485.0314567896253,278.1195325304018,46.016920405124424,25.704950442126155
483.20995691280075,278.2133700907371,45.91660350838288,26.239473807783575
482.11107864280245,276.462602794165,45.89521331986383,26.729274392138805
481.27002118206275,276.70407847893983,45.99624303626517,27.031357202276617
479.3410830936546,275.55947786815295,46.00354853437042,27.38025080666287
479.11074008538736,275.99784437719404,45.990769585084685,27.6250845610416
477.3098474124893,274.855631841678,45.919291381076036,27.991128894768956
475.73986659336504,274.51149037560356,45.78706674002779,28.167876182386614
474.5071735493577,273.1690645791956,45.70400617276904,28.7325495525463
473.52013068537326,272.09450333005526,45.703421490581576,29.258335258834826
471.92231797167693,271.93020000748305,45.500380536138366,29.500348276049557
471.11551690963444,270.8942999936799,45.40959118073118,30.06230638471054
469.1381585841331,269.2150009398047,45.11810727021033,30.678778027617106
468.65040072051227,268.4150012343798,45.04891474549894,31.174834567373217
466.9966419221399,266.925641112469,44.808397674274985,31.74292553873385
466.55246910269693,265.87784780385323,44.743374172535766,32.03574726338731
464.77202305817354,265.4594300478204,44.67108755064514,32.221200329163956
462.5932503886353,264.2216222210727,44.58304573151853,32.626961246331106
461.64831226205143,262.4047269326255,44.71323265363149,32.94828234080359
460.0059944296823,262.13370979510034,44.66640164356507,33.27664779261184
458.40755693186435,261.0254469141334,45.208872952677574,33.564569428569186
456.6878774412447,259.84136452830404,45.45984692415112,34.03562421487629
456.17702486278955,257.7046151450035,45.53660579199901,34.70348638479767
455.6027935672535,257.0473181796964,45.212610497328924,35.30627306443529
454.7168340181594,255.28036502363838,44.81509600176719,35.84437554354353
453.9035654159435,254.24135299051457,44.51252554018328,36.30864533733025
452.78449439369246,252.9899850215139,44.04098130538857,36.716563160097245
453.0491720726451,251.20967647360712,43.60949582053013,37.25815254594984
451.9474078382036,250.5033908975779,43.54517150620995,37.66571881519579
450.6890646398938,248.76456383457685,43.24661132079834,37.94886915701818
450.28766816358404,246.6117328935633,43.08982480564443,38.18821634177966
449.16723561352137,245.28488049542483,42.89245748389481,38.4361441605175
448.18640254520693,243.670113974893,42.69587471915644,38.75623811466711
447.7499189097667,243.07270557678225,42.53394513945097,39.18523154663083
447.0083588338959,241.46962129346622,42.36401963689567,39.404827847637904
446.57923544026147,239.07722395801406,42.17375873373487,39.72430574608126
446.45102823541475,238.92376822832452,41.57011149792047,40.14597855799939
446.0388973416132,237.57979997845,41.12909923767197,40.414222064584365
445.8486153575103,235.30406684530942,40.89162121369033,40.85860214922488
445.22410609583795,233.15199551333302,40.71943612375376,41.21839361688862
445.42104709761776,231.1834123014011,40.40555595124881,41.64356663254937
444.09536988890625,230.26428729328185,39.98183712648438,42.17468774253784
443.9657605611606,228.5110460737233,39.870572383538175,42.8880793613425
444.03559582064315,225.95749421609926,39.727819589182396,43.66656979534056
443.71859143258905,223.78715073050319,39.073528804743795,44.04596831438426
444.01341864520816,221.54427661591689,38.55247789513055,44.06977196347874
443.2898109262983,220.12883284958338,38.06806796673936,44.34069245513015
444.2337179190332,217.92427927436648,37.74492072931639,44.42178141708735
443.3521725751073,215.94297115787285,37.19290216423849,44.480161810230854
444.48652664198795,213.33369389451545,36.66104095430532,44.73660391018784
443.4538575624209,211.00865516975784,36.34971590543156,45.250328820640576
444.28737374971746,210.22085207337824,35.80132061579946,45.138038284884125
443.68753453698366,207.29179162968563,35.54097706861075,45.55620250723027
444.6802594076322,206.16882125728753,35.15295469547777,45.75095001472182
444.4375367418205,202.25937247498462,34.936312624757434,46.12056779417142
444.4398099288017,201.15242200339796,34.7333104402482,46.16018284867284
444.8284772164813,199.9362422151006,34.515927647115504,46.214338079564406
444.5244336612159,197.1480415718034,34.33595933772443,46.52497703705729
445.14330054343424,195.55178605530017,34.32910631059244,46.70062710814969
445.0031952012811,194.2427030315869,34.285830666773805,46.86368451299808
444.6273302314256,192.0738817153428,34.219597960000286,47.103365719705046
444.85237519809607,190.40066418721779,34.02866330009687,47.442598627517526
445.2736836167987,188.82659268899334,33.85908113066043,47.624738205997716
446.08238117169645,186.6642157178207,33.63096824742743,47.979963950100824
446.76868686883694,185.02065619771722,33.23868827404483,47.86550217976089
447.36611356063634,183.1561336806226,32.90499516876639,47.71988290730954
447.9931190398477,181.01348942466416,32.58006135878116,47.77632010086697
448.8997410502354,179.0518216599914,32.186769730583904,47.96228990755631
449.66016249713135,177.06517622261526,32.009188555541975,47.94079928816791
450.0529452136227,175.76164457578463,31.749364699707712,48.011790804485436
451.0224866192381,173.747803492003,31.386499539844102,48.01212922204873
451.13840711640046,171.44223576115374,31.085276831652187,48.09596671011442
452.9080197761762,169.9137466915591,30.598587522842905,48.17246084051457
453.72524334017635,168.4105755258973,30.491865614569186,48.469086374963226
455.1132282141287,166.4490350439269,30.147277092250384,49.04763914066183
456.0335077402867,164.2282193107697,29.839829612199974,49.55215207670278
456.6278556719641,161.94636861676537,29.555644246892108,49.65371052037552
458.0751051854688,159.90518396922505,29.083371172031196,49.74860728127645
459.1120691057772,158.5636093323052,28.653959322625287,49.59322506097553
460.83868151608465,156.2814139423066,28.139516240291616,49.32712572866802
461.7112130941024,154.0505799998734,27.507291829373322,49.09984402857352
463.4641290122901,151.72420572662168,27.064234651201097,48.94405986023318
465.30972887448644,150.44662601610386,26.558536025441235,48.691815716815725
465.8051777147833,148.27806567595283,25.987514443480247,48.51457787660998
467.4612594627772,146.10790741347776,25.515774531476783,48.371145011911665
468.99598687368604,144.67959121677723,25.032486091495066,48.04105560355494
471.22542791419573,143.2762396585455,24.56760730637413,47.7454485393543
472.3232688754354,141.6190382439688,23.996147185652585,47.58678313120304
474.73256537416347,139.87203931653784,23.59949022335276,47.51280308079153
475.9407259645148,138.07915596206905,23.276461278978196,47.42442123015876
477.4616098159397,135.91404571552061,22.959486056597136,47.46103210411501
479.39147047637226,133.87964368162227,22.612780482802304,47.31847142581799
481.27416471629215,132.6571764798601,22.42647830667347,47.37716010180321
482.57574195923826,130.8027121320411,22.36008224363287,47.37119927107402
483.9864561595304,129.53234709872265,22.31029080593921,47.359027116031285
485.91945322118676,127.84999835485783,22.129355276376515,47.2761690617687
487.39431757987,126.37178730944895,22.06747445940065,47.24510335961773
489.4991865313483,124.41576629198536,21.845239608201883,47.03521241114645
490.8922592001091,122.9044637744562,21.71586306950842,47.14311407706416
492.489132032631,121.32381800971996,22.04672983122231,46.925819791106946
494.2335075872803,120.01476836239915,22.09595784790035,46.87089967656888
495.7772859154083,117.99413474031756,22.08011750023813,46.792690602372694
497.9029075929243,116.42503601395157,22.15023950165144,46.83193480803435
499.88694492837993,115.3420000409171,22.321157140310415,46.78938859004081
501.0208319218301,113.6165146604711,22.469642919035106,46.70866684605
503.3771820623158,112.68156429528435,22.524856456423052,46.55513007642351
505.9209166643422,111.18530493595082,22.86237504533906,46.45258653923115
508.3821810358166,109.669447750961,23.176021839499626,46.49569922464051
510.1902691485586,107.93058109591496,23.41218631225773,46.33862113336539
512.7946235862137,105.98560317376104,23.95744472210388,46.22885163587637
514.9258160263661,104.80894681918626,24.30190188281476,46.136668739557166
517.2662171272281,103.65872528016837,24.726934642028244,46.060967408413276
520.2639072896151,102.68648365848581,25.014025020379133,46.13287679923932
523.2488821948302,101.44103643937355,25.434944350573822,46.22745470914353
525.8729051024117,99.72551262504743,25.982980078379907,46.13680433974889
529.2646142904524,99.42332576884456,26.429099666165477,46.20768501016245
532.1240841962439,97.98560482018405,26.9516454502856,46.1177338410772
534.7721113247803,96.91626527219904,27.511838141454987,45.97722287357066
537.2843378120557,96.25429283022123,27.997684849521484,45.765706331745044
540.7265025080902,95.47672994715838,28.379529773858636,45.717591131073874
544.9849081362623,96.28812981167931,28.620683605404942,45.57735060613358
547.7733217268652,94.65076175311367,29.194598001347703,45.559560478147674
550.7217845917598,93.98719383678414,29.63853836042552,45.35059401588483
555.0996735877076,94.52401088205266,30.13451512927232,45.09330514019154
558.2642268520369,93.63262256971751,30.574894074246377,45.14875632540874
562.3914806633703,93.74285660942147,31.08596567521257,44.88974454482894
565.9669424850911,92.84404799596373,31.702910073763217,44.90885835377565
570.9441096411215,93.50396157566091,32.29090364256166,44.677745793990674
573.0977064938359,93.63335514443318,32.63016379455492,44.510450355664894
578.5620157998384,94.79608725937109,33.13165992864348,44.384983074031254
581.1391342118361,94.54499544868418,33.66255799234333,44.33313532333476
585.3514135633494,94.78716436484177,34.13364443091841,44.29580371660552
589.3466884951932,95.63387183041483,34.61999276059,44.28651659307658
592.8915352239379,96.36751230073574,35.00937950329613,44.262686580169145
597.076358877864,97.36005563200547,35.31681044251429,44.284649478176576
600.986689465169,97.98365922185245,35.785410132162006,44.31055936391229
604.517614821684,99.66261620623644,36.14409164569447,44.20963392053493
608.0482900978808,100.73962247045131,36.44857056107426,44.08362127003488
611.9281632177639,103.11795340215237,36.712994243183154,43.8508699290937
615.9692167330161,103.14388535275926,37.01420325271785,43.59144072026274
620.1279764722126,106.53314233567225,37.396909604403014,43.17188976713206
624.5555876699622,106.20043593090021,37.72584553409911,43.044547449723005
627.7982781798003,109.81189340069415,38.023423498797875,42.436958437869535
631.6525407242316,110.83331336789132,38.3279294157947,42.10624618902205
634.5416257936947,112.05437411327277,38.677551635266894,41.853974551774776
638.8693687742735,114.77311284246841,38.756074463171615,41.5314415513913
642.2374861607707,115.27168458673476,39.12408773705232,41.467083097038284
645.5697043069624,116.76014288580612,39.42330500912197,41.117882563348715
648.7789458239278,118.91525375109354,39.64912434335534,40.713224187266036
651.7787555681775,121.20863770716139,40.06619186657461,40.44400693431005
655.6815799491333,122.95295757666268,40.41395496989751,40.3575278398387
659.1803295746722,124.32738801905288,40.738828155343,40.25414424998017
662.1523556180086,126.46713481935663,40.92282782648273,39.96900489741954
665.891187563462,128.46950783179142,40.93307897463839,39.66279097704215
668.8979823476103,130.18197304142737,40.8813424336856,39.513937828278095
672.042660306598,132.2655170586675,41.14438519735092,39.37660443246964
675.1723965125224,134.51262024312,41.27594977280689,39.190396720791256
678.1610855635734,136.37888144446015,41.43376454179854,38.71796037768126
681.3419489182231,138.25795943712583,41.6427318022256,38.440669870865506
684.7883746413174,140.8969827694445,41.89088682576364,38.12183646306413
687.815570458896,143.10844143565262,42.05899885271575,37.77857000955413
691.095138905178,145.6596727386596,42.2993004367143,37.527410504126095
693.9898150713796,147.73205245532034,42.38680967657687,37.25630829736711
697.2707379355937,149.8229935459236,42.50596370400792,36.98745101850436
700.0650640074009,152.96749450046653,42.62927139926079,36.53412721000444
704.3327255740114,155.54772918298357,42.79719533635211,36.20484986157189
707.2913668458574,157.83314922534572,42.92832893035556,35.975882945792954
709.8826728392038,160.88145200501552,43.22737587920951,35.571065106179894
713.0156254567481,163.50059119624598,43.45365814412089,35.28263108407054
716.0377161328969,165.73081739053018,43.70142320295626,34.89543614179122
719.5475862407026,168.67019496300554,43.88319055570423,34.65295724195765
721.788068568732,171.9028549352135,44.113850045153285,34.46939083758079
725.4180834599581,173.54091601174827,44.35867255762291,34.12910547650344
727.6202673636186,175.9986634345931,44.51648431573161,33.74827859956376
730.3435900559566,178.65655331045656,44.72560064980563,33.51950446307126
732.9252453568372,181.24653387007456,44.91380677167719,33.257267953210246
735.6866090736034,183.106767434827,45.24555626685553,32.9100918393304
738.4995527344396,184.9517734340176,45.431863769402,32.4829277413398
740.8255115998136,187.04091533743633,45.51575536482601,32.19909889055704
743.8053112985338,189.37058473343944,45.58504085508103,31.734920010660176
745.6262577905414,192.0152089242917,45.704897138643645,31.34787804985413
748.0912476117576,194.08829624221906,45.76736439562539,30.92539726165561
751.4841574168923,196.26733248686295,45.95313292012149,30.706851139555365
753.7145368107068,198.6200061818504,45.89216966471915,30.409477992744478
756.6064030938826,200.828533577858,45.791039027078554,30.169181013229316
759.4582783020281,203.3556616623546,45.70475076899066,29.964381631345468
762.3631316283031,205.28577813967996,45.48259904808139,29.79621105462445
765.3606867740757,207.798364842189,45.396378527043936,29.745875906442347
767.9127475343139,209.71143574812868,45.325170214575245,29.564189050617667
770.4792742118595,212.38547588383017,45.35558426671048,29.42399452140216
772.2329667562755,214.394179797015,45.44089632143349,29.257844019251273
775.2911333221558,216.7622562256323,45.79319111936016,29.04560168447759
777.7649861508983,219.4559677723106,45.75533653609405,28.915884279597567
780.8432694760043,222.58379516573575,45.995895130022774,28.773175049387888
783.7154428451968,225.2933115017391,45.93949089652048,28.628388593201443
785.0461090918577,226.8841172826127,45.89960310534707,28.47257964375902
788.2781326327669,230.00421918911243,45.941644280364734,28.29058811103295
791.7059428324467,232.65756635657414,45.97094209389577,28.089957618882977
793.6631307715796,235.28512682964399,45.995317436332975,27.818952273329195
796.4891832261981,237.64006449881867,46.04293481713516,27.684623199628273
798.6234019820549,240.54911670045723,46.15323570874166,27.255160153773033
801.0979015169587,243.34752563916808,46.16668475905135,26.993150625960716
804.084477712388,245.98727257024086,46.31412257815364,26.71745620229173
805.4886463684192,248.95223368129172,46.3170035278102,26.39581034737753
809.1263343067084,251.52291814669957,46.53767562486448,26.248856699764936
810.9201200781063,254.62871852357327,46.64128145023268,25.93715828976754
814.1022111486611,256.8943912106203,46.767074284708954,25.751775440087457
816.9298285083878,259.42951620945286,46.643501552560295,25.605094168008367
818.9282760985639,262.2961554802958,46.48323051771595,25.273976270853673
820.8056063043263,265.04237848107886,46.600136878652066,24.882314571045463
823.9736829991944,267.5500718274315,46.82559847915046,24.656692282637035
826.5024377385071,269.39282301215275,47.147514049353155,24.643186983507057
827.664075889768,271.7163073949566,47.15349189722188,24.49925471692277
830.559677331768,273.3137005471131,47.27247578079998,24.341211576672237
833.2926875742108,276.1415178205108,47.34260336720337,24.137710208587862
834.9124006279022,277.6274760786658,47.41183204497679,24.07953575770746
837.1229089693632,279.0408112833858,47.795075615961274,24.06090978186127
839.2252846154169,280.51683151456814,47.96450034924431,24.015561824379294
841.5185371583849,282.388022586533,47.90018154260527,23.925645500762187
844.1738017370787,283.91146140387195,48.079673137170616,23.911711591670137
846.0617365247602,285.7906442740524,48.026932834268536,23.817927150137407
848.4785310981538,287.3074611302298,48.029861021465805,23.78871848661072
851.0995674757614,288.33290699161716,48.186424130508385,23.743091046062546
852.8997445045399,289.6278536836718,48.311686528029654,23.694640533047014
854.9090947640638,291.2618680434583,48.330293748239725,23.576605709958404
857.9204659405127,293.21880217568537,48.20226575081046,23.543932513863584
860.0954186645333,294.38890355024716,48.292423779331806,23.422342435638445
862.6174203825218,295.80539358650867,48.186042413667394,23.30057452131865
864.7203303139736,298.35103578300703,48.065229264630844,23.272461515040646
867.4954546601217,299.15736475526546,48.03937937604559,23.037992657437822
869.8648523962788,300.39053018927575,48.12271219962988,22.90666850328448
872.8335776816004,302.6131456497647,48.15021219050993,22.866787313751853
875.2569708933744,303.40045684249634,48.256611802118435,22.617695934148
876.6296778792633,305.17273258413104,48.07952668776233,22.60463859150352
878.7532308307851,306.7790443883093,48.12998243022663,22.739274504631467
882.0126651390368,307.97728655302103,48.26719596704357,22.74690394473923
883.2221489410794,309.3288288216647,48.28215780631796,22.824794749248802
886.0078991093939,310.7814391201135,48.23375927632936,22.81772173535894
888.6906545637587,312.04683788206466,48.454491043380926,22.949598161651863
891.0442615638502,312.6553930080378,48.69330670628386,22.791325800330732
893.7127454892938,313.7367387195472,48.60612523234998,22.895693703483783
895.8473939206643,315.07025104906387,48.69791235398378,22.988922950700406
898.3253665576675,315.876371964134,48.97078788075876,22.97824362056013
900.7675825292845,317.1753918530772,49.207937968774885,22.977509140525328
902.3749694723417,318.63949606754335,49.20162965883217,23.042541068038275
905.3379655027918,318.90240317860827,49.30084511746333,23.11891495626007
907.4244139306436,320.8052616003688,49.263720966837816,23.109508537543668
909.8966108510592,321.9357926616694,49.332678566436286,23.33102087783314
911.4191458074521,322.19426300734176,49.334163219080175,23.184929795863315
914.4505089449037,323.66154491749757,49.38397051351285,23.399184945278357
917.3126834528382,325.1800124193884,49.281890174401795,23.54839190927013
920.1499197599236,325.7780227585375,49.075602985035566,23.79885865772972
921.6278129688567,326.1774929157042,49.187947060333386,23.733713509411942
923.7274913877345,326.131361238701,49.24313734171837,23.641543880019817
926.1662381526926,327.8395712412647,49.292233777622755,23.769191257704954
929.319042470879,328.2122079711677,49.34574074183569,23.80657160649279
