503.0,416.0,18.0,43.0
503.011798233675,415.75644270263547,18.154778776790636,42.807060883791564
503.1391441849103,415.44572481471226,18.350862020804303,42.65571528756771
503.83007425677715,416.1330700034825,18.605980026484787,42.5684623489921
504.1670701758678,415.27764100321286,18.839260527170623,42.40537320597663
505.1790159628265,415.4530585854361,19.2529528765931,42.436244279323034
505.08993334846093,414.60317821635323,19.154132936867146,42.393199536531824
505.0830371945176,414.75826862649785,19.367746716921797,42.594966348078486
506.1847151722394,414.11873581303,19.337219435794594,42.910767509682174
506.23139911925745,414.61395622773745,19.49607932496169,43.164940327728246
505.8301089913728,414.3808125579747,19.80550314762543,43.29571741334742
506.72364655610016,413.21373892087234,19.850268533307474,43.413983339895964
506.52950456624126,414.2416929523354,19.971477928064306,43.50091280138382
506.3158340707906,413.6274202777955,19.978065439961817,43.94181471784643
507.47336568664747,413.54928441523435,19.847969249263663,44.261477556250085
507.99860836442423,413.13567292592444,19.765074225741415,44.401841404010455
509.42225834552846,412.63360733615315,19.53865439048602,44.35816679742024
509.49679201945605,412.81924895208317,19.3982235172402,44.50676576770866
510.07448127808823,412.36800156780527,19.452149809546192,44.49467160804184
511.3780596439106,412.8712110694704,19.51499124684677,44.44148441623497
511.211771549391,412.3350754022552,19.650133964206248,44.32706446648565
511.47200851858594,412.705268119059,19.716452018003856,44.33846431119845
512.0019826624499,412.93478159366896,19.83889203593993,44.43256846549406
513.4707522241159,412.3873125041726,19.6893167797954,44.352480704545435
512.8452664280427,413.1596782998264,19.737644023797372,44.03443368355032
513.2485887466225,413.23225755493127,19.767669308512748,43.89601192871167
513.9864051437995,413.24663837582193,19.610807876463493,43.745553814762374
513.6569312126243,413.38155552461797,19.84337939604055,43.688282078205425
513.5675787504351,413.51816323893604,19.968678558700056,43.560406615389596
514.8825242348238,413.74569301922656,19.43883946980562,43.24881018957425
515.5047510447253,413.9713448741427,19.202778183987036,43.36708655786702
515.8031811074608,413.1373249157399,19.27524484074249,43.35168531256316
516.7417929847626,413.3699857660485,19.521586759966944,43.36835824085227
518.0575009045064,413.24101488709704,19.566821921456068,43.12815394162628
519.4654410749511,413.5772365725346,19.742709463867406,43.10021893256753
520.8280133507039,413.569405023658,20.078386445564853,43.03488837797696
522.508933346146,413.6062700831675,20.82515851522745,42.77095745329396
524.2205898712623,413.91751106111593,21.563802252104423,42.393707125815
526.241076703122,414.1702480332785,22.179902562994386,42.408420559419596
528.3426659415322,414.98619019189584,23.820916591056523,42.01747252148174
530.3659429908236,415.05117152228223,24.708993840130127,41.75721506090433
533.0297445648355,415.1156572588602,25.51781952511425,41.309151790873365
537.5416734830658,415.99427402479586,26.250843402520708,40.55164360079891
539.9053403291139,414.9538878686415,26.60930988132315,39.29235854006068
541.9962575582922,416.80717465498213,27.271805256950778,38.596740777926314
541.5704113479698,415.7093155286673,29.83138341978324,38.333932419228006
544.4817258599174,415.36804807317145,31.481807374403363,37.77199101186025
548.5063071162339,416.0566374616661,31.796475428176816,37.491980203620834
554.3133987079681,414.954663648526,30.96944739607548,36.89792367951057
557.5614606286252,416.23330310456964,30.371440620191006,37.11319725765759
559.9697912769705,415.2513291032938,30.312423976820764,37.97628466450617
565.6750860408184,415.1221490975752,29.405618628812416,38.272593284341845
567.9623164709401,413.464774070391,29.489681328139326,38.99189961312423
572.0212022914022,412.76958852288607,29.22034413545717,39.28115071301693
575.7356724411652,413.43760583438814,29.08960635057975,39.73127942009094
579.2557328973902,411.9466523371482,28.542985193989068,40.208120496602064
583.1820515683467,411.8713028166419,28.24909418996694,40.71489863917709
586.0982386856517,411.47620818829694,27.881823104770735,40.812613530632646
588.2021853934457,413.15634097948106,27.316263673557813,40.26117058010041
591.3149223098504,412.20988941396,27.376174972584213,40.05977439473628
593.4713603602938,411.6654806733589,27.039464643181958,39.511690020469715
595.5897905194735,411.7071714988683,26.455344803338196,39.76317775421645
597.6341599462468,409.94521514214057,25.966245842369744,39.610180067281355
599.2808591246371,409.712446679755,25.547984814690643,39.15616132799005
599.1685648621021,409.8110914904673,25.502462255776116,39.180139406760745
600.6364997989621,410.0057234968118,25.765429662329705,40.29267593118104
602.0802831797234,409.42798363659494,26.107797593189908,41.455418835208505
603.6495636490506,409.48822471987654,25.71676473070732,42.7068849108329
603.9406710575722,407.4888056834479,25.228193102140697,43.247944053026075
605.0966799674392,407.8058934644165,25.127158558774088,43.752150449096746
606.2984102192007,407.78435603138814,24.791813289625836,44.17727487570029
606.9550930978855,407.3436314705015,24.532005881865555,44.09175927579384
608.5793987306098,407.0547948621004,24.615563195518636,43.98316845451012
608.1668616441438,406.12422873933474,25.23504044462271,43.74409623226806
609.8714230531378,406.3727893913333,25.75732936979857,43.38810346830992
609.5913798598907,405.57668100922996,26.338076156683446,43.26894022763386
609.7222046347524,405.60042519991566,27.111277681178777,43.101044741770295
610.475391224037,405.06074078005014,28.051178306320462,42.85117468989973
607.9546425317457,404.4785987466735,28.141213898910983,42.7450119793092
609.13913936092,404.0592445982657,28.144244776695082,42.86567218042166
608.7780573961031,403.44368655737475,27.38540589871173,42.435472344234896
609.7284219178064,403.3376597736093,26.961208837727156,41.90121853871895
608.3207746765415,402.62743008583914,25.590788598576992,41.101859799024844
608.2132441984196,403.13377457973235,24.500368597789773,40.64179837471501
609.8532299098877,403.3836155068762,24.038832843798822,40.39477154972412
609.6078203857921,402.4803311769987,23.771503698630575,40.06279040479174
610.1824959863143,402.6244647765263,23.53667276125826,40.54599232194745
610.5767445569628,402.81773550738455,23.02522945296902,40.539623589723135
609.9252901954519,402.19239615936834,22.084577384975,40.019550332630466
611.2847467080886,401.98666576774815,21.12087523616653,39.78528205092945
611.4019667238218,402.20365448711186,20.39101284141887,39.20427092079583
611.4122433531143,401.9109499373773,19.78556730988472,38.94993545239376
612.0132182617593,401.76802170107476,19.541755004801622,38.90390563349502
612.7096776946136,401.76348178369676,19.33423042620256,38.50793328319236
613.3939153413777,401.4469408708515,19.303638128279758,38.41182809716418
613.3276721947675,402.20325719713713,19.40167007579697,38.20642353297179
614.3393653256862,402.74786331227057,19.669001892572798,37.85486694235339
614.7849466197118,402.2816554903063,20.00391352327174,37.48773729819591
614.7157176948677,402.7436294527772,20.60344620206136,37.02397919259015
615.3717164075656,403.2511721801155,21.08215159648998,36.5983941651597
617.3613183071332,402.7287381404212,21.37958964305792,36.16140494474346
617.409971273737,402.1647179804541,21.667003558483025,36.07608161721684
618.7605427584591,401.5417661903499,21.815576775562235,35.96198458707358
620.1895142587437,401.0944206773012,21.99396495175104,36.19674824500705
621.4734242715882,400.2939381797796,22.08498129080784,36.71752830352666
622.4911779664685,398.5899951781374,22.29916109587161,37.547136718920505
623.7139975742759,396.82005544024247,22.47382217322555,38.09048756922213
624.2555297317077,395.16719988775475,22.683795272912754,38.633335515017826
625.6010131730657,393.98536187374265,22.74866487701314,38.983484626538115
627.5063303883094,392.1864962625314,22.891185964103954,38.734665861167585
628.4637593961919,390.45579070336123,22.995912604100617,38.57691346632445
629.5669345943069,388.87943165796815,23.096439344101118,38.16832937205198
631.4226467051448,388.04541411667606,22.97675859166351,38.42426270903076
632.5679007858847,386.8396007938734,23.055291873054863,38.58573676674544
633.6044026200288,384.8133987782564,23.161090695000933,38.77461540735445
634.914233901671,383.60485332433996,23.360436005251852,38.90468849292168
636.2914186454229,382.73992112433734,23.415964894212628,38.73067563462615
638.3703454499563,381.2808307155865,23.74898652928664,38.89356165232317
638.690418389285,379.14727299946156,23.50106782348071,39.36710561240503
639.3668170974682,377.62996788920555,22.880409994516732,39.54822309610063
639.4965154083291,375.96460823911224,22.12357684935762,39.49049177372863
639.9570615207842,374.6141610446084,21.377663152279215,39.20869725892774
640.6365255632782,374.90728955525435,21.061528341217173,38.584316153163115
641.6025276701912,374.0360730907373,21.25032033100438,37.16657757340812
642.0564208535519,373.5506487506608,21.346516508228177,35.96137797475262
642.4673801947453,372.9980344064898,21.590462388829824,34.894724033700115
643.9003501258492,373.8817696540187,22.267292912364113,33.8480711045603
642.5414623604707,373.47274239214966,23.63704598218351,33.24216017419675
643.2550504420693,372.1054581739903,24.678673224747982,32.564443759441296
640.7461881966896,371.9575699395637,26.035859995780932,32.363470350364736
640.0595793728194,370.916230972827,26.383824347622976,32.16289938247096
638.4134531579543,370.0845394854249,26.409475214852954,33.81829438120101
639.5584767448007,367.9453766587062,26.49297845619926,35.45977158493137
638.984392649389,365.1449063592644,25.008120523975926,37.406773890357975
639.0628830105117,362.7135362406995,24.081906098117354,39.47148708891352
638.829356220627,362.3231877163744,22.54931063003499,40.933527216177
638.0224170927148,361.07055236852744,21.16388316076172,41.98303314136303
639.2213385776323,360.78668638239924,19.267451628915076,42.387587623385116
638.6695431748541,361.5157645297331,18.23833674599488,42.76021898740881
636.7529439457327,360.67344753950516,18.477380846327705,43.6225568252866
634.9307979107823,360.63613478973724,19.154097842986246,44.640007642205234
632.690611020218,361.33919176454486,19.94204303524768,46.2464058996212
631.1912941768679,360.96932535090025,20.387957605736727,47.824166681011945
628.9361132478008,361.132534195408,20.657718877933643,49.05391659453555
626.5319931711191,360.35830683939287,21.27119584770317,49.71080026164401
626.0162047119616,360.6074295594973,21.389213806057334,50.09690845913043
621.3451835334489,358.91532773738464,23.277505552731157,51.06001530159795
620.9598840575394,360.9773983454419,24.13860438247982,51.4936438608741
619.2576412410773,358.94931676808574,25.069426685325848,51.714861336875416
618.1186680823023,358.3952726263134,25.490317338813355,51.832394810849834
616.179586978363,357.8268422249832,25.499979790832732,52.2547475568696
613.884486387176,355.5737078916775,25.683442691956653,53.31195006137154
611.1367497246056,352.4626188794704,27.185385743660035,54.84850491684036
607.3804778880681,350.60725474404325,29.118293796617728,56.41601419355412
604.1353471192856,345.9937378634064,30.026890295120218,58.64544358471066
602.883698861146,346.8822050709361,30.06235233874336,59.37662684543245
602.0219996056917,343.6036833960872,29.37928722660499,60.52984634259117
601.7524434302154,343.1404005977793,28.441608195721592,61.49899921948044
600.3106064080436,346.37970077669956,28.115962171705856,60.393720394843115
599.2399670555711,347.5930682450347,27.728996858096014,59.250249618328965
598.3781934240551,351.588121189296,26.853087334018745,57.2186550823455
598.5979450934769,355.21981780857266,25.926264048886075,55.34448303519841
598.9860292623134,357.47396022018586,24.760157356720814,53.700547577206365
598.8824624470858,358.5105305547838,23.91411410729314,52.67234404179952
597.9677258589361,358.22315870417356,23.122478274803523,52.116228368020124
597.8549133619017,358.78035326052895,22.449040158520727,51.51876125237964
598.5278883268765,360.17765819972567,21.74844545318068,51.13406348336114
597.5006881418699,360.709895651162,22.213658201123522,50.83547297990248
597.2545538988601,360.7677188266898,22.476358205697824,50.1401910087297
597.8347010968632,362.21634575278017,22.616433072386755,49.20506484209588
596.6556368842082,364.16890317758384,22.708661839493804,48.012199748347925
596.0069510375363,364.55310187348385,23.266577356079793,47.46702318174319
594.7402375308282,365.5375039248871,23.78640878844125,47.05826241389769
593.9698338223378,365.73943492447836,24.41925722104709,46.489147729168245
592.7868141681488,367.43412734173035,24.329836934698513,46.871140458140886
591.6099457782378,367.82844211610734,23.27189158561417,47.22344108516815
590.1529962280516,367.8709039960347,22.168059973095893,47.68264574328215
589.9861355148702,368.3430142098267,20.880718167036928,48.146948875268436
588.8173026456567,368.46052580454483,20.403305170112304,48.49388064188689
587.1553139773184,367.88206101436447,19.563418371046808,48.60498807869292
585.8823765329422,366.9095296896055,19.497812546908644,48.9563922809452
584.605335097925,368.1385103960349,20.12669400092728,48.82274117082074
584.6678177756972,369.15087618621214,20.859577766476686,48.55585260804445
583.2891098296981,370.66062711420494,22.01147913210774,47.9833264600667
580.9799690393874,372.32024169179215,23.37542721663541,46.767017837118836
576.2285519604635,370.83071167601366,26.284053610811206,46.97917113039451
573.2540095483845,371.91046627488987,28.90652405508652,47.229665594751474
572.3953625268695,370.6525712679127,30.323738752413515,47.9149502376121
569.4916064778113,369.33902171000835,30.968088619084522,48.42148966103801
570.1906750769864,369.8212644592043,30.228612309406227,48.783404919482045
569.4101318909997,368.8908647351925,29.667292675520265,49.18653224836498
569.9959586242002,369.87330326538734,29.25152910169725,49.22034293211596
569.3222696365698,369.82749031747323,28.978164279106544,49.01240828106916
570.8367638522085,370.2231791482403,28.884280217946333,49.17946567812873
571.0962677255031,370.3469992575548,28.873039194989882,49.545793355007646
571.64948287301,370.41471800706177,29.039497083569827,49.82800417142331
572.9748349915391,369.28523313905555,29.540480468582082,49.95602297970135
575.0657090342602,370.15898989655284,29.775983970053876,50.09004022642559
577.6353732581382,369.60742207462823,30.339505864094704,49.984023648595134
578.5673228861689,368.8773602956441,31.20459525549424,50.23195848586017
580.6617450325549,369.4102483997852,32.03885276936276,50.48322939671868
582.9095569264172,368.82162228593756,33.069443581247604,51.12512701015607
585.1407068189006,369.30303479831775,34.31313744862459,51.59339329398952
587.1377857807305,366.931299295295,34.98716189801156,52.17350370433192
585.3701713972283,367.957489629135,35.41040641208633,51.77395506790188
587.8323925934715,367.4162724974798,36.423540313545374,51.497090625157625
589.1827553931751,366.99524289125134,36.14870277566166,51.6351398278489
589.740578040542,367.5317116042009,35.53391197311527,51.78736109335598
587.3321082759115,369.67909451224637,35.870184388118375,51.26252325578065
578.4560685020516,374.07889613343684,37.43825819853352,49.180922332735705
588.3917945877679,371.70288338976854,35.07120055835097,48.41677350366608
595.1883676051216,371.6200208221499,32.53538179415141,48.39364060667679
598.7501415398889,371.98659478439595,30.60577313360116,47.978791022028396
597.8309983792417,372.7319121890657,29.90771301934864,47.174816979290426
600.0150148604635,372.02979911190647,28.76059680495196,46.69934342657764
603.274172623161,371.7345421020558,28.363497099869495,46.490617333974285
604.5256675936199,371.20672410660404,28.121066240982763,46.2676125778075
606.5289662282927,371.39163650364804,26.99749509468415,45.50124237356329
610.1547674209929,371.67463279501266,24.58764380791655,45.0591358992325
613.2956967917819,371.49415888669,23.02552688762771,44.552392675838725
614.1118471554236,370.72612449691627,22.30116988593013,44.16245132355032
616.4100470419548,370.67124556338405,21.828274751539578,43.835731529481876
616.6739357013691,370.4003010473574,21.132849117281282,43.5431173877071
617.2243562257071,370.56198671853025,20.740168468996096,43.942722729931695
616.7880387265197,369.6412089235037,20.415522583581645,44.08786718717229
617.3965092938245,369.18972056579736,20.160159818112703,44.35999978637405
619.1935595886848,369.2369304266372,19.5075570311264,44.38697899047564
619.0320797353014,369.4920524384824,19.018558424905013,44.43226170018364
619.0165046029161,368.4369648065623,18.64902814768331,44.28474653433635
619.2060695023771,368.7718683027593,18.54808896155432,44.19536861909077
619.4237309464008,368.4239268124762,18.936191366475676,44.09370521293821
618.9196269142277,368.60494062615066,19.276247575353192,44.289760166155716
616.7924685162866,367.92096803590016,20.2424402867628,44.27985195310197
619.6042921543515,367.67667236485863,19.704501628797022,43.85009307545856
620.7750918833087,366.605510366588,19.39377070115607,43.60831520432396
619.3619652543626,366.52070653011754,19.14938339508339,42.97544027228447
618.8580184083677,366.28982022483154,19.325963000159202,42.4271649702588
618.2201352016099,366.3770175814535,19.266531964944352,42.12155992986642
619.5398022408704,367.1910317357995,18.73381104560302,42.16960278816652
620.1372331366545,365.7895593126426,18.58821988391763,41.71809969746863
620.7150653915344,366.0113179293416,18.766692337048333,41.580422002644895
621.1323489224663,365.95496838141537,18.87750643973518,41.72036566636853
621.0054394566355,365.6401635944214,18.985184319150797,41.57151759875494
621.9847200294046,365.29657003591103,18.996967717069737,41.623466068314656
622.9645496026619,365.0398439947118,19.201256629636998,41.618691527177916
622.8622598509785,365.29354147989574,19.377965954781303,41.519461534837475
623.145239882286,364.7387429257361,19.43364132917816,41.66487865048086
623.8286220197972,364.78187372378636,19.41821830171422,41.7290229381695
624.0707084366599,364.93628762587565,19.285173092500557,41.85658887178389
625.018314357817,364.527938613512,19.01737976825269,41.89091537551507
625.3453741425568,363.9845868038816,18.899133611859025,41.793765845361825
626.4203381902445,363.82463824790267,18.750235484745474,41.62269616044466
628.8210543693092,363.5263879032365,18.297390162748783,41.34252601237463
629.1571195205383,363.61477786368187,18.31158493353266,40.710431455253456
629.4611444148203,364.2680899924068,18.46199614350386,40.286055122608374
628.6632801903062,363.63133357315525,18.73286497339157,40.25973275603329
627.6701795650199,363.3720713340008,18.890216431483562,40.39050851608043
629.013216787238,362.0680557871181,18.98158491917637,40.521214170392696
630.7646737352367,362.1579041344082,18.71235174827673,40.39217665549995
631.1141807316118,361.35031969224127,18.201959276522565,40.46682582547837
632.3566122891232,360.6897793216136,17.878122162476302,40.81212226497583
633.292436257177,361.2849187361543,17.57000419463038,41.20616350425399
633.9010185006822,359.82639630181546,17.213786362893355,41.34362921033393
634.0738644183123,361.22203288075,16.54787358036765,41.198581028050796
635.7760076353067,360.0430663137712,15.918291125871065,41.166476625387276
636.5500565921075,360.99166777873313,15.688857763050756,40.86548036050253
637.0129100693947,360.4038756985238,15.576802847050473,40.77473761662425
636.9934353330633,360.51650454710534,15.690123657603868,40.70633264162921
635.9803326881804,359.6008036144975,15.67278036338525,40.67289686036044
636.7459324844647,359.4825208727084,15.63582057794559,41.02243078876295
635.984425494937,357.9241029467703,15.442319969598575,41.42591062257267
636.7597257579288,357.3218801025863,15.018878562267457,41.575706957913276
638.0024026287659,357.43210810181034,14.3805783484251,41.50974619872302
637.7306285947035,356.80426986217077,14.251061231003117,41.714557504662324
638.3773069049125,356.619309496538,14.022043294667231,41.82517800399427
637.9478836541247,355.4269033609963,14.105689906106198,41.95497776287074
637.5156599257589,356.048423698432,14.123221164107207,42.23074354551886
637.2894541841347,355.6989346817957,14.530085162004134,42.65333150310774
637.9361553136873,355.52937148762646,14.832431804265907,42.942058111172834
638.2937044506509,356.66373144554854,16.081544040592682,43.125684997086495
637.4582570770085,356.5667132925491,17.90393567508447,43.28568657408152
637.6516681914402,356.5806078928033,20.452637433037534,43.782105442420686
637.0846988669325,356.28565384774424,22.24513015920138,44.280773603339696
635.3270338240545,356.66586048909676,23.59452091390262,44.500005096025205
633.5646512679085,356.6737347219977,24.634880508616522,44.89186466244996
633.5943720350156,356.0446257595168,25.14009046366032,45.233105658700794
632.8738125769879,355.77797348246446,25.36087246565298,45.40134368448518
633.4326776155291,356.1175427891775,24.69728972743788,45.37326708277778
633.5951880906807,357.1427303383817,24.010192971470666,45.15701368847101
634.2725749530057,356.69049907797944,22.83812798705492,44.78983924638482
635.0055590617803,356.62394615535567,21.301679422826084,44.59671218147615
636.8588203353545,358.21098405108603,20.03148194892003,44.608976722046684
635.8906952895165,356.53698397015063,18.649250595283263,44.46223353674955
636.123693799589,357.04156220457577,17.293765354923533,43.70132230715705
636.4192928041676,357.03013379329127,16.42631459918435,43.24303899300725
636.2327673548856,357.2774844276317,15.921107746283566,43.03618715059603
635.39286204459,357.87001706000865,15.513546540702905,42.57063482529515
635.2715287531524,358.12774693190477,15.565829212445163,42.5169823324795
634.4724906537059,358.0332294499097,15.735629349326377,42.54092482820792
634.0995971095009,358.4787116612657,16.46808788549042,42.251629717019355
634.4872451014676,358.55701751370236,17.63724990936953,42.281411749938975
632.1296713607521,358.44240459255406,18.461383291679326,42.175287555614574
632.5272014764398,358.45054118786015,18.82485424926881,42.37885536842036
630.5931031759969,358.3105333031229,18.605984199763867,42.42963072041436
629.4108046431829,358.0115608635369,17.9984514436146,42.59440909568009
629.3568689519636,359.0986534130205,17.392524303104036,42.86922912366603
626.7018957581712,358.6805613432811,17.120668322524715,42.88446752339874
624.8777980185481,358.32814616738864,16.95416653614594,42.876117333191516
625.0118809078542,358.3724390554486,16.754749231654813,43.027247133243506
623.880392204865,358.6037812117954,16.904391981871587,43.242312454338844
622.199031836846,358.92374387171344,17.11198423890578,43.48781651682701
621.2665075921857,358.72444155730034,17.09513575556999,43.36117547914934
621.794729921655,360.29472539988234,17.19762664350641,43.56831744974707
619.7080050587148,360.3020582931392,17.39123322973842,43.823808523584866
618.1255457148199,360.57549460858166,17.167235901903332,44.54283555090308
617.1696982902853,360.8142311377924,17.138821498042795,44.73361353007925
615.5280492475038,361.8188233478093,17.201729263781523,45.072581270690016
614.4861412046542,361.6402999273659,17.731292724968775,45.4477326647994
612.7540335655193,362.0937387560174,18.023068428043388,45.68357809099255
610.8353564372229,361.9966732497017,18.265757157292438,45.83789129356538
610.5929416920516,363.02239026724095,19.08443369353359,46.05502720477587
608.3818367149674,362.87234217056704,19.540556306393174,46.37743174773314
606.4533049447086,362.9726573566049,19.70188010081705,46.45358055046209
604.2695950642243,363.53128519782433,19.74952141940309,46.61551493149976
603.4510116408923,363.8925385271554,19.327209506301365,46.33365158338445
602.997804795589,364.6292613367728,18.62670486194705,45.75942166239189
600.9778114583766,364.3206506656829,18.30205988353993,45.30348474041155
600.2427140649778,364.5116046267928,17.866889680103093,43.99258359309405
598.7009020139838,366.0417826336577,17.450292529649722,44.00199839235255
598.7539566329875,366.52262159115867,17.402586306778836,43.58081730352251
597.4486121467944,366.4284186974393,17.468803538442526,43.509228584125225
595.9617638335355,367.0117416720536,17.50728898331952,43.723480156869435
594.3149074965015,367.7817127519562,17.68328772916504,43.74515298729858
593.0688151970676,367.3686296364054,17.84133536514219,43.69112360072435
592.0227168196733,368.05985011731127,18.63274324053624,43.68896217992823
591.1984685335397,368.0967453876697,19.22668201251057,43.991216866262114
589.0438501366046,367.70448200777014,19.4703746779625,44.20504202694014
586.5095844148454,368.3866502397129,19.738140130270097,44.532584835515664
584.6068182166899,368.52431953449025,19.791910136444464,44.5974562068984
584.2313851987776,368.245389283875,19.657278125393894,44.59571587805079
584.102560760824,368.2344106572075,19.181093688313037,44.74332925931547
583.9597096004786,368.30372034145415,18.784354297577966,44.862079885939366
583.9856419675691,368.40836429591513,18.45486352579924,45.047842025845526
583.9420608326449,368.4341746630885,18.359874001214134,44.98837827392062
583.9537573828395,369.0845309295672,18.326280400336607,45.10088900756472
585.1338858751284,367.78078131526047,18.128422707750946,44.98580065072912
585.3331729702687,368.49137453245646,18.06844104676728,44.83227626467689
585.7859454049282,369.7362334328776,18.06446172920624,44.80403002145182
586.055208371006,369.16638554841177,18.051906256035043,44.83641835630149
584.8444014039146,370.4274417316537,17.55840483377232,45.22813960798169
586.1109122638464,370.31635162161433,18.310630916643028,45.64750915911505
586.4635793002436,370.5954327896027,18.476390593848784,46.25066274110718
586.7641438299514,371.8987874592128,19.088625181894024,46.98637588723836
586.7087417742586,372.07354663018526,19.606076021795324,47.67874292127014
587.2503508742058,372.8088973750555,20.002441562135267,48.19696355067025
586.4368367013407,372.99445109606773,20.29176238833431,48.352177519778635
586.4082217425757,373.17158771981923,20.362206417192308,48.47008749981469
585.3071641816572,373.0722084496638,20.74071314059177,48.124656587000615
586.334410667077,373.07352991502177,21.47107124397092,47.82010325589393
584.1718502354042,373.66416888990074,22.27910226356647,47.320710071761006
585.5689502411293,374.9719671550227,22.630547393718025,46.821980606946774
584.6926020295188,375.0254272085871,22.348926800337498,46.09422614923206
584.3431346661241,375.35157962126686,22.398340653103304,45.051021665669396
584.0498082517868,376.2766389175281,22.030754590176425,44.07140173037348
583.6623116161552,376.6151040992961,21.44472491222095,42.48062248988435
583.8816200217169,378.7337047092042,20.98112183400758,42.193174077685434
582.9442237657447,378.9353408234588,20.671817055912875,41.70851146831677
582.4000956070713,379.70807021988526,20.59048719161907,41.411992189624044
580.9660397921339,381.25204240044104,20.170627324911887,41.32491757948907
580.5404825830128,382.6588780701489,20.679296369618974,41.601913964682744
578.7893406236252,383.17373139908375,21.044380886538715,41.2416866769302
579.1482332775378,383.76543709355553,22.834667478127557,41.279497211814714
577.1876005685791,384.48107380570497,23.931103794482343,41.14866934415648
575.4318888246438,384.81181285922264,24.304343688603105,40.8053827654414
575.2862125860912,385.4032985740621,24.002022459653443,40.626149739082884
574.8486042053493,385.2627556863762,23.405529016059333,40.04671610527503
572.7816161914858,386.6964945515628,23.468811074059577,39.90778451747981
571.8704069755712,386.7533027887429,23.57093836819348,40.05247645376426
571.0659540210034,386.8610031998395,23.700596230454074,40.271912972879576
570.8375437093472,387.7136771917272,23.490714583258843,40.17029423715108
569.811735039031,386.45746506684844,23.118061294008385,40.19399473202574
568.8828681417444,387.2477133058734,23.18379527168684,40.17500643268684
567.6943379205087,388.1503614233477,23.56208404667781,40.44191478758198
566.5910502753995,386.87599070989006,24.096990330548685,40.555933314106575
566.8456417935271,387.7289130393689,24.66169035093416,41.10527664343026
564.2148963769192,387.96980478430265,24.793122895575504,41.6956672258283
563.1778161155175,388.2139360652522,23.73717172404299,42.318091919788586
562.3551980580844,387.433191935538,23.432853395549916,42.27963511085756
562.4088161682373,387.84980771380845,23.407999377392613,42.41255956017608
561.2221500305388,387.685817828571,23.98586046138336,42.99198891561197
560.6685480500494,387.58328255550475,24.127030486815382,43.04466993537726
559.2489994037106,388.0726801330332,23.8452934289068,43.175249780320364
558.5802510015991,388.14772869581196,23.167973948950248,43.28101202976282
558.5211375594376,387.7035519100407,22.383536648702794,43.275749878649144
558.019215184337,388.90657648020306,21.657980764138422,43.26960308207431
557.7232394743788,388.3394256325517,20.996254815890694,43.165379386752065
556.1094719026962,389.36405925197175,20.57067564040838,43.54076424752138
555.6181893976664,388.1873709469912,20.459757679276777,43.41981377008
555.0641015124062,389.40584001270827,20.30141581063695,43.53591518942723
553.6167630673583,389.0381124315742,20.29931840874046,43.6318821314806
552.9726066288622,389.9623652536213,20.48119360262718,43.7136590801598
550.9662740214546,390.60306273169624,20.460335257872053,43.65127352342398
549.3243934269282,390.32830406605797,21.09898536294058,43.49251601339188
547.6390694853749,391.01247909856085,21.687505865676055,43.29665129994858
546.2838075564376,391.3892790825234,22.384891906167613,43.11214312889858
545.6122066577034,391.7400957126671,22.82507856691747,42.82026939009552
543.617094627039,392.3046681606187,23.45511128303134,42.77159934770798
542.7933950288434,392.0360361894423,23.788499859305368,42.672403939474734
541.1563905454924,393.50281332722716,24.039269690265307,42.80437090413948
540.51741915788,393.7016678779697,24.124661806310307,42.893691831951124
539.9400295049838,393.1862815615492,24.24094318729795,43.26040196479222
539.6748044711906,393.8949693721878,24.394989446290687,43.84980124585875
537.9804474719808,394.134405391496,24.348675368538398,44.35979029122673
537.5834973077558,394.0813774070798,24.07714600948841,45.12993927763732
537.2471856862718,394.20862071034776,23.644269984878356,45.65217081074978
537.6759745038017,394.65969408752346,23.172022550013796,45.91645166870302
536.8751718516482,394.70803956419036,22.561942673656528,46.0574621313849
536.7399903905259,394.0714553622169,22.093703911330948,46.084674114433334
535.8731403210741,394.24725749350006,21.537471799258107,46.087745144835814
534.8843738186506,395.0962081705372,21.08312003848001,46.51698002123034
535.1773182583095,395.23175573520723,20.624321613263977,46.95918750419489
534.8055420811789,394.6662160754678,20.132568181392195,47.38477671136907
533.2590697005926,395.3170803389731,19.88736291815071,47.90644295974915
533.4256418150279,395.16920158374114,19.503574768381622,48.16783767724431
532.8514301996264,395.5139119586196,19.289891675942517,48.36206866088587
532.7101893455763,395.0706613836817,19.220612519784826,48.4846385363476
531.8283105875125,396.2209587395872,19.227671427514004,48.56978601203651
531.2964032451549,395.6154215444748,19.321194974533903,48.53865764347218
529.9999737597661,396.5735688086512,19.31171324706937,48.31917097644765
529.2503925268555,397.0007116275606,19.367790996093596,48.28965340503514
529.2403286484691,397.48377201383255,19.456644338803862,48.17654471745207
528.9927430672693,398.0402694530774,19.59517182444575,48.12418826669675
528.9520260444679,399.3690829207407,19.55738895110325,48.26099492512016
528.8282195356655,400.57882302137074,19.480508560504838,48.494392531477246
529.8285441273102,400.69459946757746,19.38551428444213,48.4135964750013
529.6927649121991,400.68734978678094,19.362852743961135,48.01000501628183
530.1499817119807,401.64875511633494,19.39904170299187,47.228948507564525
530.8177915917029,401.9545310578347,19.374685981633213,46.53313759136189
531.6141907737143,401.6999752567467,19.409405317805774,46.26569890056905
532.6946681634269,402.6395135390447,19.21562888310712,46.74759950882472
532.4192078668879,401.4982539470367,18.915826209583663,46.84245084616097
533.6962753483527,401.2444047853109,18.584103356028923,46.78253747527666
534.7644807351257,401.24418430861624,18.55639619576416,46.60533560640039
534.278446093917,400.60507368623,18.282463280916186,46.078869351172756
535.3024094132011,400.4943875878584,18.362557882582124,45.85515792975194
536.170721893491,400.57430631837263,18.543611755010225,45.65748630124302
537.3152425833863,400.56813364250866,18.66628302170398,45.93699779066627
538.7240004660961,399.70051677657193,19.130963301206265,46.23341163728577
540.3996729252897,399.37260856522937,19.71418869531918,46.37088699551786
539.8008113429111,398.5001029012239,18.99116601046692,45.96759815263037
541.7536784996034,398.4676326424601,19.137662532043052,46.24915243968921
544.1487677136688,397.2867274207824,18.443675510162336,46.10096837620857
546.6798186928995,397.86385142613756,18.511410587833886,46.82944131276398
549.8355027072811,395.8349642487106,18.576385332508153,46.80067544544993
552.3236807138971,395.30693403083706,18.412605613221217,46.91966312729079
555.7139956028573,395.08230428382996,18.593920415379134,47.051326185758086
559.7475729820243,393.6989729249387,19.87281973419372,47.127894909399984
562.0254609253591,393.3866808730934,20.167843408070812,47.25771277773906
563.9211370825806,392.96085256267526,19.782557988159276,46.96953785560649
566.9594031236679,394.2867215901484,20.290925808328126,47.40599560144154
569.3622100539351,393.27407644139635,20.462774716348676,47.190868418476896
571.6573636055249,393.31279530129234,20.73114070887199,46.555538852981755
574.0171461436702,393.1750763978891,21.451105051526863,45.78573435021791
576.5357355446014,393.0816131263682,21.93866074673484,45.232319706736234
579.0394432541452,393.5964185320772,22.746064663584605,44.90606277715414
582.5594810139761,393.35266055216243,23.645518562868045,45.1184322526087
584.3035797665178,394.04714010632864,24.658267102706603,46.2253685300185
587.1370307851149,393.40472339782343,25.629823317465448,48.034310833747654
589.446329631456,393.33639743420093,26.48255436013478,48.99216027075831
592.5467726490302,392.2800696994906,26.847006459752045,49.50593878705402
596.2697618437303,391.99300108823024,27.082104120156536,49.248227865043425
600.3188997818834,391.7526207277113,27.137331661819186,49.05262750209688
606.0397631141213,391.36604763584927,26.884447770780703,48.70355078543032
610.6505953761381,390.87279668681765,26.654986005536287,48.07893818154042
615.8339159436567,390.56778418967866,25.99519301503027,47.31478715042787
620.1313062724955,389.5989907531529,25.446554935477693,46.465890258830854
625.0996014192174,389.61359612886156,25.162155804143275,45.70494427792139
629.9807739933764,389.780641373268,25.132263048403416,45.08208120610068
634.5061521565312,390.8051485705723,24.7862033773672,44.522767128874854
639.0989730860372,391.0950945767724,24.768057245894457,44.34532567799816
643.9783086456638,390.63998661995197,24.77887160027403,44.1435573387094
648.825589803438,391.59124675154806,24.405110065975663,43.99662179231404
652.8829455886303,391.64583210768774,24.115960019028496,43.62615957612843
658.6286809743348,393.48841738399403,23.776527821838258,43.17368555671891
662.8955555253776,393.3824429440577,23.55909341701821,42.782851233466644
667.7679157738763,393.7313951244458,23.1602438917004,42.85327267835452
672.2196149861156,393.6821475752071,22.988809578549922,43.031327103003704
676.7868619491999,392.9270009074402,22.797339334022155,43.220773880920405
679.6771052163775,393.39183746704947,22.96854347349504,43.26743437986591
682.5201376927513,392.68394816452064,23.067482182856878,43.369522799376654
684.2501893278244,393.3619345312994,23.471148443960644,43.15325953847535
686.2382124033388,393.776681748518,23.489990598595703,42.97055465481949
688.3842598305201,395.11541995488085,23.113438346772266,42.88409691885157
688.7783761392836,396.118626233056,23.00699894213588,43.00250125703258
688.9011634006803,397.1043186171019,22.902385112702053,43.06554031706568
689.3222789302017,397.64780008874965,22.540073487252783,43.110611675528084
689.1820510282681,398.4141873396363,22.22294933506534,43.25271815520001
688.6512547172827,398.4027421779114,22.31496798242683,43.58942073450919
687.3158993787574,398.3918347674089,22.807379709282017,43.82757466684231
686.2425108039497,399.4680257986485,22.810220701670904,43.88931919127721
685.678261216743,399.65390177649243,22.728560574326558,43.47858102953465
685.810413394701,400.03174713542546,22.348503044582547,43.041722709129544
685.2089615212624,400.39239427169724,22.077072074662752,42.867669647523485
684.6448250588606,402.0727688350972,21.802192533645794,42.75273961252051
683.0612931747312,403.3565943036333,21.772890945459505,42.92987016958885
682.8652020263391,403.34623213777877,21.784839477595135,43.17872865657141
681.5635030799692,403.86954475715027,22.130432499729448,43.67308852525023
680.0085227318,404.152074344247,22.494238410911645,44.738675103009825
678.47514389265,403.74555080262286,22.994833979836898,45.766047137430064
677.3747492895047,404.84853460798126,23.63559510995548,46.279012632182045
676.4223750740678,406.13093123593063,24.036803501766723,46.39021424933017
675.3434380871536,406.6618381944143,24.66205418457953,46.144272524745574
673.4252427980134,407.02152358476764,25.546586242352006,45.73375489345305
675.5873363557587,407.9275778887674,24.765779864166326,45.34376542607849
675.3213071691937,409.3806212007237,24.29225352049924,45.5252184750175
674.6370719991875,409.0919013412155,23.512393172035218,46.07249156805729
672.9495328298402,409.917923203691,23.643925978503127,46.508399503262545
674.0121672457226,410.38146130511575,22.9227556574805,47.07207647424117
672.9644917193336,412.0127181888424,22.513162862602314,47.597343468506544
671.7270741876467,413.30786586576306,22.383307374218216,47.64257667911844
672.347555378948,414.60293711338915,22.06193117325648,48.10388682058502
670.793754082549,416.8479700836074,21.94071296527307,48.1726740295626
670.4309240187226,419.4092629243333,21.98781474331647,47.935372771938894
668.3590636566498,421.1007848805179,22.496525701837086,48.259894167186886
666.3896179240601,422.65186500663316,23.369941703149408,48.662403104409414
663.689268091763,423.30675479462695,24.640544932196608,48.587471550882775
661.1133863878864,424.5205527420162,26.045955190535828,48.60373857114338
657.9411568070674,421.8756347527582,27.49878227209563,48.82046969126097
655.7058979663361,422.9326835142782,28.073502224066075,49.09441843286937
653.0592874673657,424.18985274071986,28.85549275325686,48.891817040532885
650.6690122426613,426.01880239046443,28.733180653837515,49.23072865412968
648.9552610663305,430.0237178196825,29.300453514311595,47.336940886514
649.8355467629066,432.6743065721927,29.864436564518982,45.7521177516108
649.4254219045928,435.05556077082065,30.799462892474548,44.588120096542305
649.7337049085751,436.86776961295107,31.55592850072095,43.87248537126586
647.9040486867762,438.0750155119088,31.832428444318843,45.561387128037865
648.4566590103426,435.35156167507114,32.282215731756146,46.25203869819754
645.9785474935077,437.4134592193124,31.838170210738532,47.16991536264471
648.3559629265386,437.7496353366249,31.807582508739213,48.06900477841026
646.7127345205628,435.81049005034015,30.577163099987793,47.46806256289396
648.9909260700264,437.4510687975278,29.245480928795008,48.34985367691706
650.6330722188609,438.14273379756526,27.729438142844714,49.07281640145156
651.3426106167349,440.05253458874375,27.081601581471677,49.85142038550079
651.9387246887704,440.87338822430627,26.367919579978626,50.162380350703856
651.141072839031,441.5914908573103,25.78226929996523,50.40738846360199
650.9903565862447,443.6830715771513,25.70175905651437,50.55230624755285
652.2216262425467,444.36806539174745,25.448082048598028,50.56272022968873
651.6949979147939,445.4833024134729,26.24895833300981,50.280076386433066
651.5301973067764,445.92696192608037,26.882041604708895,50.36529154090572
653.51308822667,447.4142159030554,27.468124388945263,49.79170826957285
652.1772890879982,446.4927624078958,28.097806772733918,49.19636757922801
654.2347093341785,448.16338751310076,29.384608126076543,47.56561236393519
653.0191516301043,448.3152385263868,30.34283840238924,45.833107847128744
652.9387130689026,448.4107942382605,31.109596262097007,44.24119381107665
653.8189569634109,448.6341329828629,31.089678541439937,43.36537813827803
656.2857480070086,451.1154631878406,30.818129535299285,42.347389359182095
656.3259107473722,451.6636056172787,30.126048683478356,41.62132849932938
658.5618713225525,451.67645865138104,30.663221771398938,40.69257677682778
660.4066778776748,452.8213799822184,30.752356219747888,39.95772679093431
662.6431154762881,453.8718122762716,31.10115155474799,40.02762331122631
662.2473602297964,453.65995038868925,32.0452041619893,40.21900150533634
662.504847332233,453.34708697316483,32.539690406334756,40.31068597798678
660.711507174354,453.5795402497234,32.768140131272524,39.84706116315085
660.3557136398998,454.30594261292697,32.44502871385264,39.89407333127494
659.8541756516506,454.2359884689225,31.219817947187014,40.20407134096351
660.8249606016273,454.54234784274826,30.445102905632197,40.69586003960117
661.5958680519493,454.5143205129327,29.54498112022241,41.3413922382947
663.0052039793649,454.15705890157005,28.17943426539147,42.15583001180125
665.4902913519371,455.8644877362438,26.399582396223437,42.97931462761002
665.7631865309968,457.04581782898214,26.22534355177598,43.976487205805206
667.0989184746951,457.30155557464343,26.364914820629423,44.346847651982706
668.2184152333942,459.0006249797249,26.762945229012274,45.75566990139015
670.4350473562857,460.20359380350453,27.52177387873703,47.044648025315134
673.3908634485956,460.139450217095,28.514820038843954,46.871238420790505
675.3977113478051,461.26213266960974,29.639735080268718,45.67825693861255
680.1139743552897,463.6365100079622,30.50614400182296,45.15003754022796
680.1805099208148,465.82529425455573,32.50811315397602,44.87088823649397
685.8604574283154,466.1290104654106,34.859003051084,45.500333256190544
687.2031971426229,467.8327300613055,37.823319154695625,47.01600502631485
693.2972684383597,468.777202446493,39.7495717048236,49.04058869832265
700.1220833426017,469.79443858031334,42.08187549008959,50.55492929689284
713.0615169745976,470.73348372800183,44.774953416527524,53.098881848195525
720.4308761044475,471.3216422483345,48.14118510799951,54.91421824991302
727.9120765106056,471.1076943082404,52.04714672244102,56.2790495549059
737.6767204023367,473.7056536099271,53.92943425636179,58.1452037054388
746.0927168302107,475.0126099415054,55.12258788498876,60.90786269755566
756.82471905815,475.73804922041495,56.18911626602415,63.53466663485366
768.4275667706277,474.5470423706553,57.125297061771946,65.47731876210746
778.8989591230421,476.36401685000715,58.42897231788058,66.96756108758342
789.2362146797716,477.74119124845157,59.57416335285924,68.60937623112417
800.9148279691254,479.6324323197043,60.114153571026435,70.14519242846242
812.3840215771324,480.75060537094936,60.9205173315749,71.80114979276927
821.728922085149,480.26427017471786,61.36133154991702,74.0534222360135
830.8685363650754,479.39377985816014,61.033305382642126,76.36059549608203
839.0161359686659,477.7966987090378,59.8742756090548,77.41587229627991
843.6321271229392,478.8294692063906,58.40199789035216,77.32436084258985
848.466857488886,481.50873291058633,56.62935722681779,76.62241912755783
850.8102226132119,481.983523958041,55.427001978166004,75.46492077288275
855.4145695846989,484.39419859218447,53.65855461722326,74.927781709674
850.2301535916648,484.2608002292612,54.30138867848681,74.48647907028626
848.6533360310247,484.2423262702878,54.69081786714991,73.49956224213932
852.3367067423559,486.14726604048855,54.45847585854985,73.65101693025335
847.953624172879,484.0242461986871,55.8721171937928,73.32846835702034
845.1333998079763,486.35915229726146,58.05278809156698,72.83187393330914
850.9583794922643,485.37150192167417,57.194790392912964,72.92195129581188
862.2824359233432,485.1847432175923,51.32811063622375,75.05810298131925
867.8226069295944,485.4586744541102,47.00887702215891,77.25840945359597
868.3967961753813,486.11283498797775,44.26658068390533,79.49905383996253
870.9075664926921,487.8008784132493,41.705168833463375,80.64377997770069
876.4662217647583,487.6686322572391,37.960416883081116,82.17327167936945
877.0061983068667,487.3196049728667,36.0801708301142,83.7439458770205
878.5722482612283,487.54413803127613,34.62568322607846,84.77777465766252
882.5997395620974,489.65257746078106,32.6426915911373,85.22802531525433
878.4395899867078,489.59447884908684,33.56504152316636,85.39778088825216
880.5257781496555,489.810422486618,33.25516824902883,85.43017278799451
881.6922240736236,488.69106561015565,32.83993997531128,86.0275443778333
882.5554095149756,487.4824489443551,32.82926733479491,86.62347338814524
882.9286489344203,487.1265393629497,33.06522562969453,87.31389972869044
882.888279426256,485.8432419102937,33.521330856960766,88.31710962423679
884.3002345478774,483.9150463755169,33.482973592233506,89.71474520062638
883.8588605485199,480.07525420640565,34.16313064856564,91.60837983181762
883.1409543609013,482.4640141353486,35.93153884899814,92.49350340654892
886.1312572274728,480.67595146111495,36.022771494761415,93.23509506360998
888.3810971139072,478.00567443708496,36.39326994454879,94.2326925687012
889.2120183124372,476.4942038765698,36.87144219592633,94.97267470535643
886.8285572967787,480.38900675234385,39.19192257685273,94.31047984248032
880.6784250899635,484.8268607955379,43.380004373295655,91.81642458812337
882.4460422940504,485.97152253309775,46.43473578543451,89.9508682028474
885.4258263168393,485.4126817908575,48.36228321837221,89.03717761701543
887.2805971871927,481.93438898227055,49.69024758118104,89.66685893731442
888.7576095603405,482.6554380005057,49.382676692307314,90.2813099731097
889.7283267561899,479.139487454574,49.47874840412409,91.00824890676994
884.5235843601802,485.11938727360484,51.50377274692488,87.95250200308334
888.0117428948922,481.51795530238684,52.2185262341413,87.87289524239429
886.0367732399072,490.5918365602976,53.23459713590816,83.59811856641645
889.3125213337075,487.18662911063103,53.29702306744821,82.20757521379656
890.9089514592067,492.48430713750884,52.0028444570749,79.14407951160344
877.1401957529127,497.6187684428184,54.594936558139416,75.56930973301553
871.817513968272,507.5823217249052,57.092823931131804,68.53816874501372
865.1006715673598,515.0228396335741,58.31474725834697,60.64858800580108
863.1734138073966,517.3783495903526,59.78519905756994,55.63013401021273
864.6417246236002,516.9360792528256,59.92857925621751,53.28455688741515
868.2117972713704,516.6856603554878,60.0046662604819,51.71819497505949
868.0416816041815,517.0793932229335,59.11423048060192,50.50929674505102
872.8599308205222,517.28377164286,58.88842235553766,49.79234288371366
869.5795965907253,516.635735094685,58.72699914032673,49.326102137290164
865.9841201259368,516.6617132276792,57.892683515216305,48.96398046602825
868.1417723134667,517.4409313806783,57.35858336378921,48.75820529284259
865.7633610024512,517.5139461984463,56.671482035624834,48.391289426837886
868.7368648384296,515.3862398910964,57.32005541835573,48.545139541537786
866.2732997145395,516.5811290871209,57.03015990930009,47.98366925495746
866.5458364112917,516.6277015514216,57.2916508468503,47.94762271502784
866.8639687226524,514.2791735499885,57.315725579597526,48.314097052854905
866.5004848082046,515.032326892383,57.02658012724315,48.25824507998002
866.8160458338407,515.1697040029636,56.76116547343197,48.381684218193975
867.81010822674,514.6740232526827,56.467407142711366,48.55688360938085
867.0090851491618,513.8251386113512,56.29352861525066,48.776076231887274
868.4904857998646,513.1935211212136,56.11289284118869,49.099171441654775
869.1568583744084,511.7865699989198,55.661358019249576,49.354449418664316
869.2831412027941,511.70768271711484,55.1936434366969,49.56595017856332
870.6971580573463,509.83074995935766,55.13198240825653,49.94148927806206
868.2127874586362,510.50409589639554,54.55412326388008,50.02643802898622
871.3974012711371,509.2815188331603,54.63942444747187,50.96724340057395
893.0077378862295,508.31732890236583,44.7852978481465,51.42183786177221
898.189799528082,506.9252644327067,37.5780196572151,51.79573425714522
901.4838057520174,506.324724106546,32.49200611071128,52.608234587200954
903.7453772251949,505.65712222896974,29.282019292285852,53.390917590400406
906.3444582402974,504.7094734042254,27.060923302120038,54.07811587465471
908.0447422082857,503.1403704242606,25.303543842705878,54.62200725938894
908.5178309876225,501.5446206042366,24.26813288559483,55.186813173851
909.9892166208746,500.97504165374903,23.38589323530168,55.30532593322461
911.1827295611547,499.5406958101832,23.098232589116478,55.58449430492663
912.1961260657962,499.0585094517823,23.09899695288022,55.49544600122056
913.7781912401301,497.7616909034823,22.942724880579593,55.166811369304966
915.0661220660195,497.4397467566439,22.90348432255083,54.90266438466138
916.3758059468701,495.9924070393926,22.741666609677925,54.88091620685925
917.9920918051929,496.03820978633576,22.629807173305686,54.49942423836369
920.3227632764647,493.9485036215,22.38780627177776,53.88353322330869
921.6212909525467,495.20286594850927,22.407663761410394,53.428733129836985
923.0039302939327,494.6005366344902,22.570684028833828,53.29756106939851
924.8482841704165,494.1026696454881,22.803591876452145,53.28433813822299
925.9174472193985,494.2167063087127,23.138105133956905,53.806585246344234
927.5018746685099,492.88966595597714,23.340557608780962,54.10924078091683
928.6553775488841,491.4575358106823,23.52375570545454,54.37653146701422
930.519545736208,491.34660995117355,23.945932026119152,54.669290778805276
932.1555715708287,489.723924614907,24.22322728070584,54.80212788200241
933.1148703355193,488.5686791330051,24.134829946637147,54.89843122373587
935.4002638599504,488.1177440864492,24.053621144845305,55.042992356886806
937.2591597594858,487.69767235754756,24.180876342844876,55.048876781486925
939.1316635949142,485.9276109783154,24.440492085073846,54.81864431534186
940.843910894899,483.8227864289374,24.748282031002937,54.12215022562131
943.1648144957556,483.30707613314695,24.636778784367706,52.90563075372563
945.687463598631,481.3926505821817,24.57265123291388,51.507644697453
948.127341823,480.2995224127234,24.400994149409996,50.800407384025846
950.3115895435848,480.80905368419536,24.37005363988132,50.30696434791791
952.2190589251535,479.19541139208275,24.497375618931315,50.13288174464313
954.2371544266099,479.2239136145813,25.099505538870126,50.22819053206791
955.3607032728688,476.9414773128233,25.692099008461582,50.406878443201094
956.2652283376558,475.45302388185775,27.0263899433408,50.78765493403845
957.1600716765603,475.0124594159356,28.805627215727164,51.2174288854139
958.8958889139197,473.7933696968696,29.994179508586292,51.7174521956163
961.7447958456897,474.02610961579046,30.259958174343282,52.34282318785264
964.2140069710858,471.09854305344305,30.239870884488436,53.202793348680345
967.8112063241587,470.6950879218108,29.787125620725714,53.62049767932767
970.0638398630578,468.2275461223796,29.1927624735915,54.18436545787759
972.0187539866871,467.41051452279686,29.119222678481353,54.206963202941395
974.4318012905682,463.9090298129194,28.70860963810204,54.27208167054792
977.4758104613315,461.8545762004464,28.207810534856378,53.79257947166586
981.1461019134388,461.1829740800122,27.463998870876313,52.82508424964365
983.6437537512975,459.130708710127,26.681784184416756,52.027423827304574
985.6367998083738,457.9720403151863,26.327207573193746,50.97267504589696
987.5139176891404,456.944478637533,26.16130494154337,50.278851257648896
988.8109034585285,455.7228101804435,26.16955203069689,49.88660162397623
990.6044679377137,454.5250574799938,26.554804664123356,49.95619454928972
991.4217872100722,451.87095216888025,26.917633160421964,50.20811549866525
993.665571299558,451.90633846059984,26.711299722661266,50.37035988299957
993.6001184098345,449.20888632461606,26.796032406405082,50.53703844695923
993.138474972483,447.7006162761352,27.325642523295844,50.505696463842916
993.2220007388734,445.36566350321954,27.90172453543694,50.50806050576797
990.7073115577411,441.9971133169312,28.462093498287196,50.36378270451658
989.0626675872887,439.3843290324139,29.01085714719999,49.783900834097906
988.0247256844341,437.5509139540112,29.3168740095498,48.91258401824708
987.3883481418685,434.87232973115374,29.324721257766843,48.27301784482148
987.2798412274069,433.0118903380019,29.18034592653381,48.00457778346887
985.5816232647495,430.5215970397292,28.997985465129936,47.64937946790484
983.069817068569,426.4136802158075,29.32521724225657,48.4081666069592
979.7204628505151,422.27228860137217,29.9066008492628,49.333680548720515
972.4805023960039,419.16027649221894,30.304444731918007,49.73247893694885
967.1870557317013,415.37793478669045,30.587718675757614,50.53017931577929
959.8680224852937,411.6736070906032,31.22753992931475,50.78525499603974
950.8666861897173,406.0690937084944,32.07164318453043,50.88743971924164
942.2415657567674,402.7424693296145,33.66313160902383,50.873009643993626
933.7517010973758,399.83619355846787,34.54184774421335,49.766554838630704
925.6558658957823,394.257089551485,34.834409260681554,48.30951321880733
910.1860539207905,391.5066347118016,35.25291504660251,47.73950004661158
896.3563947752598,389.5710419122491,35.230974182390696,48.18057089962291
885.3391796016766,386.66874170374194,34.243508167252266,49.19934367991843
872.3875005642992,384.251304541106,33.71409646661647,49.66091173077627
864.6995754543229,381.2201320524016,33.003841339889384,49.921651483575765
851.5776617081417,378.4194674487373,32.82724341721277,50.14439487547459
844.5305963938591,376.091239064481,32.64792128698872,49.665292561956015
837.5770024205347,377.9557384759297,31.21093198754388,49.13996805546475
833.1067538192284,375.40993717910135,29.63580419015649,48.645953583691835
826.997614008656,374.9738624670207,27.715106760520072,48.144415263712574
822.4442016089563,374.9283532704514,26.5252701829663,47.463415224233884
817.3955761352905,374.221590211451,26.226525036547883,46.7411381195785
813.7222544675052,373.1358857472509,25.757204627001435,45.861887868291234
810.6934028003983,372.83021205521163,25.881100588168163,45.04600441740873
810.0663580886666,371.65520012857166,25.806622506748933,44.47790693279812
809.5269428822769,371.61812600568163,26.296448402926757,43.89391308873443
808.7949456948613,371.165214592275,27.082128568773477,43.64849079836012
808.4936132491496,371.53060612082055,27.723596560782944,43.49818259478473
809.9667705992173,371.09372203134564,28.452132324514743,43.355318693656336
811.0409682268546,371.17215802402836,28.741481209864993,43.047445731728416
810.6304127847429,371.00112590133,28.73889214291643,42.99809152009395
812.0415759265444,370.6935277976008,28.848252260680706,42.99137000294297
813.6167891077883,370.9431478039793,28.590404023192747,43.042178818311
815.6572907411166,371.4616715734958,28.5645765377862,43.43669561033272
815.1154441627864,370.74161775111503,29.490280192493646,44.0090664386879
817.5276791374441,370.92130814390464,29.359795228529656,44.29069212283531
814.3284670999183,369.9162257588202,31.306330265495596,44.19511348480103
814.3061596162898,369.3484030867729,33.19510722005695,43.47912003495031
813.452804778707,368.4938690633115,35.296424439168106,42.60884237874811
813.6478026768486,369.4836688195251,36.47002727569733,42.196473090930205
817.2882865912271,369.2068872118802,35.67930908072938,41.782857961493555
820.686006450083,369.1356019425536,33.75854892844721,41.402937045068605
823.6161304014328,368.69179289849933,31.045105835318,41.094494952513
824.9375443571945,368.63545587386267,29.118464447232007,40.80398601838796
827.1828667616346,368.47776102519674,27.49670086393771,40.75778819130573
828.5992896748647,368.70336458008416,25.996679744508917,40.798204006335595
829.6557119977421,368.64676041350344,24.768585464965128,40.767048936176735
830.479374893552,368.6821122302381,23.669553740728247,40.65650460446524
830.819597367786,368.39785687320204,22.76504873366646,40.53411260857641
831.5967998368051,367.9564610710993,21.951801327366343,40.72976279432493
831.769212574513,367.6991553000509,21.4218180760717,40.75350672167552
831.9918461038521,366.9600363953067,20.840023002256768,41.02654433585144
831.8843676519044,367.1126218813149,20.758188829491885,40.94829444537805
832.0751487397845,366.2528150141201,20.805452032149862,41.143791663654376
831.7411243370921,366.38170553065476,20.716405500620493,41.231759531952235
831.2745240927344,366.19155615067723,21.067513704179675,41.269765506262715
830.3498453128583,364.70692289319834,21.561242296646775,41.49779056614244
828.4371518724955,363.94569530632447,22.202142788212193,41.51425666518311
828.9264048685758,363.5429037217971,22.790104081207808,41.20506322290973
827.3326305292775,362.0920862854222,23.55805131937477,40.84809976802272
828.7825786798523,362.4032050008801,23.795438343420273,40.59117300605226
826.564177048757,361.89634443584856,24.203433011861073,40.06185672156458
827.3312714056898,360.21367299712443,24.15284109975315,38.86281513856362
827.0888774627215,360.577216768831,23.81137318735003,37.74270696526769
825.8144829947777,360.77007458079476,23.47969947675333,36.229618599640986
824.3263686091028,361.25760095208005,23.243045252497467,35.19877972425789
823.5026603166169,360.15278786458896,22.596951400457655,34.22373640461117
822.5097811570927,360.42164347144967,22.281958987084202,33.69624857956161
820.8119440586981,359.469330361734,22.06202496854118,32.4775761539733
819.5142777784805,360.42261030799807,21.702515915206902,32.465188929902254
819.2131182969882,359.82471235249614,21.380541360125203,31.951893654382694
816.8374928507134,360.2265700654268,21.66481227220612,31.691688665533114
815.7624566963268,360.23731430600446,21.354053892502698,31.758289173635653
814.4323361006143,360.27334591199315,21.157552225040885,31.494934152576178
812.8792241673028,360.24149920907297,21.01395919713261,31.82338280744002
811.1384191018471,360.6245955376337,21.207819083903274,32.19591543108032
809.4138070587019,359.94800264011076,21.372344683865855,32.256208770071474
807.5972496010866,360.1374609928321,21.551304630834608,32.74949207683582
806.0265921186375,361.46500372801154,21.449539456572758,34.991615773957406
804.2017763444181,363.44237435570085,20.883770309210576,37.01268170852019
803.3556760943806,363.20036521194424,20.93556706172723,38.28994340423654
802.0466403335556,363.4497458829284,21.30540097351372,39.505621454357986
800.0797989610702,360.04796974333397,21.68697495383623,40.172294766261714
798.5643753200507,361.25276954343093,21.755274933629078,40.46492752690769
796.7111112160567,361.4238918796964,22.002696696304557,40.6297095267401
794.9681818794282,361.2007532530285,22.47911780852632,40.3272914065407
793.9480896738786,359.7140684784621,22.67078384804367,39.93640314317349
792.1808620178537,360.3272128629598,22.87437520745684,39.50557030679525
791.5970263357941,360.8535496176827,22.75988104423206,39.37053748338459
792.2696598460864,360.57640540580877,22.285005869350755,39.01987290420277
791.3124443977002,360.84892381262216,22.073231321786935,38.527211884032994
790.8490167056445,360.8139694071933,21.6947888543359,38.03551333405084
790.2931242869403,361.08460962170693,21.002145591158424,37.86531139623456
789.7098568305871,360.53350940425344,20.25770027925556,37.6995140894424
789.0532726528747,360.8083521149796,19.888739728430252,37.593317742697124
787.8781128107365,361.54302420523385,19.44985958360502,37.776561452813596
785.958120021778,361.71540201280203,19.23574512490103,37.635998952911585
785.7539385709442,361.36200428877885,19.26493474775993,37.629278165606344
784.2143224425221,361.2040003980072,19.543469677944024,37.62260070545039
783.656416357954,360.67477558547995,19.512934801182023,37.4289522470089
782.1245643712572,360.8293746686878,19.74693448990752,37.072810416042365
780.3289204361002,361.287402199279,20.148502206412832,37.10962095544595
779.4323890289268,361.7151581824379,20.332655413826238,37.516728007682744
777.6012443799556,361.5840950809284,20.577761789405173,37.66105635913924
776.4850546768457,362.64226626849484,20.670614828437376,38.821561823361904
775.2859459803959,361.6320720104909,20.613250556297903,39.001717490248616
774.16903032322,362.6500602237168,20.779531211470243,39.899838353835904
772.3634124687975,360.5583017256349,20.840779127346373,39.853329104882505
772.0836200674468,360.2448564968344,20.935962684930644,38.76910658640925
770.3313271904744,361.447064915722,21.20650150284015,38.09647838388794
768.4545246013215,362.1890015564556,21.453942130364833,37.72326184070214
767.3819291266576,363.35115559871343,21.742458885356672,38.10026296028802
765.6551412357572,363.87570767994634,21.785947081708265,39.034580123505776
764.1875400883488,363.78534063516423,21.938632897032956,39.022672001155925
763.3364956392652,362.4438023955317,21.709607598422746,38.07378284321395
761.8416355323216,364.3796956388977,21.7982276536186,38.56481221341546
760.4793683176525,363.0828148700159,21.908389829538784,37.91875136348381
759.1227384687186,364.25557685465134,22.030554556703528,38.30826615153716
758.5291692451291,365.30867771204134,22.047588023413663,38.84664909251889
757.7527972668272,364.53514199627756,21.76994104984174,39.237691776487836
756.6404918753532,364.25990622410404,21.562346632594352,39.409203665073164
755.3764875988721,365.2439339276671,21.50817897706037,39.539201236462645
753.7600902852987,365.16495946649144,21.501074922566676,39.7171468018804
752.3106572452872,366.10243737305694,21.582306420070097,39.847203500956404
750.9880260817112,366.784830684439,21.914878012358873,40.24773670241106
751.0966116037927,367.10624161905054,21.91080358684818,40.155863929867664
749.4071712367399,367.4196110919048,21.697856928375614,40.76916862429587
749.1064933248178,366.79515194906185,21.225177107688424,39.92291021320438
747.8157583562067,368.35683453420415,21.072737437977157,39.94670843403311
746.6102648673489,369.0007319862086,21.09187871256782,40.1034325729929
745.1321321107087,368.5044764394059,21.07947051979355,39.99594519247729
744.6650524834996,368.97116871557967,21.13740907108679,40.01725729540314
742.5346939527464,369.5630463756014,21.19864798317918,40.03004280787927
741.4390888139404,368.23566494064454,21.277179732958885,39.97576026763669
740.2876496562791,369.4120488512822,21.255732486758202,40.131644179759846
738.1385214781573,370.03650538313104,21.270648388900277,39.91101328158951
738.734021863846,368.9656202624429,21.185543613616474,39.79378846681346
736.7954860013743,369.24692540189017,21.295601788755324,39.58083333928609
734.7424356888923,368.25037011788135,21.368102560203575,39.52034741072172
736.4199774245008,368.20522807070347,20.986651901486724,39.55960611445242
734.7157659573329,369.3104749756493,20.838418952033315,39.66406134020527
733.0530097507684,369.73214924583505,20.71482705608039,39.66544699172834
765.8823503587454,375.9298546883692,21.543648891884196,39.06620920236316
762.2112108291984,376.04217094481845,22.22162131035311,38.68588363526543
760.3702671991829,373.9448512125916,22.122197535228075,39.0930551431762
759.604910917697,373.94334945817826,22.122232302789563,41.05421142299895
757.0174143201968,370.92118554574074,22.012527011461756,42.433286562327055
754.6174314012492,368.259550528141,21.555336477286758,43.20250233727271
752.6213318317905,365.22044747663693,20.321079927727695,43.28153241489023
751.1333672785346,362.52545957727125,19.36301092632919,44.00781192455905
750.8830637449008,360.65273273550963,18.762421704534194,44.40514396501594
750.712632724512,358.3315600865884,17.942929131054143,44.84724054459663
749.6553741348346,355.48522396582496,17.50089723814329,45.11634406053753
749.1131748395569,353.57758502997297,17.491248282312025,45.00571861192903
748.6742168168437,351.57932100794403,17.78142629062905,44.138759412334544
748.6070563037119,351.1612499837624,18.28304925781039,43.91472079663533
747.4823836674803,349.53280493451746,18.599281432129164,43.90705401035963
746.8108317626625,350.4442107318021,19.332605883854725,44.20735795534107
746.0191727354246,348.5623677142206,19.73997484165088,44.47401945437127
744.5849376420081,348.6189409170288,20.145638326823768,43.57960016057136
743.2155110480559,348.78868808123036,20.56108148054848,42.89892693812527
744.0081555007162,348.9797454949137,20.704613376009117,42.04056241593436
743.145379505475,348.6525573404223,21.38387020047569,40.99294287530776
741.6200698320837,349.12990559718594,22.322596847063124,40.41010305123354
741.4942897551107,349.7345790758524,23.429839374055867,40.33614732925222
739.0723452788178,349.89743392940625,24.53172393211041,40.613922729566426
738.2705292876319,347.4020743233447,24.520258868583745,40.98524191727538
736.5000940619432,344.2942596067662,23.85797380238317,41.69029700961213
735.4547216462873,338.95975442993637,23.684527959866642,42.91526134276399
733.6605990325172,335.8763472373351,23.172522943266458,44.58418144085711
731.9757690745369,331.890418528347,22.560569700047473,46.08992862934109
729.1521680897885,331.02029047362566,22.412865053333142,48.243819992690085
728.7127121937594,328.7653368621698,22.03672618621154,50.51373698122674
726.7945548587969,326.9301081114834,21.769738854183437,51.988027490412094
726.6591462050777,325.7920234578565,20.890638559082944,52.01288454180654
724.6205954618508,325.8233854600386,20.63403032873972,51.60602906771581
724.062531365812,327.36211770835916,20.447042676090895,50.87103283279338
724.49985172836,326.34664268345114,19.566176365057363,49.02878341971883
724.1098013492534,327.84446041726653,19.328622704325177,48.59641089154116
723.1698423103614,329.25759258129864,19.243788584843568,48.40848274511754
721.1420624025534,334.7157708165407,19.63688807331108,50.97598247580531
720.3842741877329,333.7913292137562,19.880064600608335,52.14891658469462
719.2488941685617,333.72373652002807,20.418326470005393,52.51286173777594
719.2793766852844,333.69972712379126,21.268585801794416,52.30949198044484
717.1850144197953,334.75423904682685,22.417439116952536,51.739149164647046
716.4755637647818,335.2542781383384,23.22640085178398,50.99590691912399
715.0486953491179,335.8174522130854,24.298353625494602,50.19002385752056
713.58748997701,335.3296870554301,24.656097621663548,49.65893185837811
711.9530224576916,333.80643351756,24.69872955971435,49.253809295446466
708.3948313229051,331.5753481235796,23.672899915224914,47.3339000052822
707.29760012633,330.6210770612826,22.057105350367348,44.831538199212055
706.2144436369338,329.9035533635351,20.770964715878627,42.48962331443378
705.0194246381618,332.4145192392375,20.55413778422333,40.352594517130484
703.3126902990532,332.9210595259994,20.21530238529211,38.32308022778635
702.1334926172292,333.88050724846113,20.434537592690013,37.10685964858557
700.7429032264962,335.8937548070015,20.177561772105307,36.00453597925862
697.0695764332896,336.381499671859,19.36291469933862,36.12114067093042
695.9929950397751,337.35637103282795,17.541597811074837,36.1884649045589
694.9987683176864,337.5678654596816,16.119315171267882,36.769054236886745
692.8238190783003,338.6234582995812,15.45934884291108,37.640649013630565
692.1027695472795,336.6624764730435,15.391239775069792,37.94761480293636
691.762511426966,334.4800044374022,14.96972812263055,35.64667294892605
689.4956801215309,338.1854414783945,15.372416917582761,36.195317299558624
687.6991518857199,339.3315873351749,15.650005554732084,37.06076331793148
686.2367781611324,339.21542747732974,15.766296583008598,37.195587000906905
684.8122548683398,340.3386696979065,16.188089445449386,37.1502286583863
683.6595356237442,340.7235216905442,16.482656047433522,36.61092475855999
683.2120367122807,341.0375898812274,16.998236450926818,36.44169645824831
681.9062872996411,342.00370029849546,17.1540925760108,36.362029945001275
682.5495941252135,342.00615975490206,17.336846905823045,36.29747205513733
682.202757836798,341.77727196743183,17.647752759021223,36.05852369208941
681.8182679956876,342.5492749503305,17.98956264143736,36.09062856613582
682.0670940120236,343.25341293837255,18.717198999878438,36.90408568331345
680.617992795588,343.30381542886914,18.282759831187334,38.13748632976176
679.7124019831601,342.5676849954976,18.071228748523417,37.80323627121188
680.5214163377113,343.99639975486406,18.278532681022526,38.802595387732815
679.5356974542309,343.79938946235484,18.172348988022506,39.53150061630589
679.1511439099837,344.0626011396043,18.189960715188725,40.29964055526412
679.6564442625167,344.9629585176698,18.245606042837515,40.9029709041135
678.8629065819217,344.605853919853,18.26460431662533,40.942177047989276
679.5487168023822,345.2191406769575,18.386994800997304,41.42647999862406
678.8573447060528,346.74787877411364,18.53482993603891,41.883400471792285
678.000511089919,346.29329520082683,18.611587683443325,41.78443468379553
677.8077571107983,347.94390618844284,18.776316222739183,42.41812634381739
677.4928457489633,348.4933985984025,18.576297332639815,42.924282209933295
677.8857445678132,348.9487252005585,18.52281475841667,42.87835221118764
678.4668285031663,350.1993613619413,18.30063407032759,43.153004571039205
677.7457554419087,349.7020830874211,18.157384379854346,42.885056542442975
678.7714030652586,350.4172765090012,17.78872157944376,42.54063771686078
678.2021528874327,350.9801797632681,17.410803478064256,42.52705960188179
678.926977023381,351.38458930889794,17.40858867784738,42.754915010133786
678.8033162229463,352.0056404219561,17.406535889068397,43.078677347005694
677.3313909385037,350.8262569674588,17.312681990180156,43.17464976137148
678.6725918891966,352.13448035472885,16.861870359790373,43.18701005470249
678.2485631517831,352.374336569402,16.8215382472152,43.03773433189916
679.185275205023,352.25764226123727,16.649102910266457,42.58867360740834
679.4824531359972,353.33292733900385,16.516897622048727,42.708679928925925
679.7882858173978,354.2292423626103,16.364140340302086,43.2449149329825
679.6194532812223,354.92800180145866,16.261917412164816,43.576033750598334
679.5995022770354,355.4342617662295,16.108879662237754,43.7645636257441
679.8510614571284,357.4315802118046,15.886881602344925,44.00552243771895
680.2342753226876,357.4032737605921,15.766678846812251,44.112100244929024
680.9219384396118,358.30686950654666,15.970042188159063,44.50694274960199
679.9593275812715,358.45610074476156,16.13516258648049,44.41397038547694
680.862159010326,358.9871367558732,16.065988070656672,44.61076371969888
680.1446375722498,359.81919303312253,16.298256898957312,44.558139507485436
680.8920848471174,360.4254358237602,16.37899253721038,44.17430535443269
681.0727039001971,360.7577888509145,16.387146826070556,43.86752471516317
680.8304504819308,361.7397579857811,16.265734778325747,43.623763142207224
680.9013717288426,362.1936367724967,16.266500927080482,43.19496369865894
680.5750540127773,363.01387416481697,16.089981390949436,42.898818748002796
681.199922446823,364.06510885078706,16.162822953033523,42.61975941024228
680.5704931985382,365.53339761644446,16.10340599794309,42.777153131368934
680.2344273347705,366.44897525736627,16.203531499892513,42.89429344278702
679.4563640601798,367.5517668829441,16.20369644018719,42.69032762327197
678.9839087731723,368.55978239467083,16.431039570354542,42.363635283900464
678.6914750450431,368.3385677955499,17.137222029054296,42.02528750460328
677.0158073328241,369.480418633779,17.575402851441552,42.071564771016206
677.4443599095542,370.57072126452556,18.908887602766523,42.33151889673009
677.7366172772641,372.0776704334182,20.776589969397385,42.672524733749555
676.3022188018306,373.222272561206,22.471657977393452,43.43838944790048
674.1029707206429,374.2514845849667,23.561697718870498,43.3856416699103
674.2968803049242,375.51122985668945,24.497486948745223,43.16484192236329
673.599496098247,374.84515435152537,24.901776846474775,43.22854505671487
671.9067742881812,376.05438437476454,24.919880378715774,43.057368945783395
671.6107216530104,377.43443107256206,24.582984794565128,43.07770157557903
671.597727087496,378.2041047959707,24.403483813289387,43.18070337192583
669.5796167983183,378.1609270943707,24.28298136918365,43.15588323801642
668.2516563426168,379.9644883575674,24.136259458321113,42.767220794630795
667.2142999888579,380.707183216678,23.95682177521403,42.5337689426206
666.4678641932385,382.59642189654977,23.712648078366783,42.39474165611925
664.5197612451542,383.7791028340673,23.530477204515897,42.712454732255935
663.8056539271325,385.7469167445852,23.485074286848114,42.95430188680622
662.6709317470259,386.3550519189056,23.611147065030345,43.11919608894662
661.8163398669109,388.22748060541005,24.00638124029942,43.38064059582054
659.7384209245549,388.98249000628215,24.986559945323773,43.35484420618572
658.9244510279289,389.6034126337186,25.165815046193156,43.60413359486749
657.1540601595394,390.4077499431807,25.457878521253196,43.755163565787015
654.7993198902526,391.4305731456414,25.94278020240496,43.54324213645156
653.4558983817967,392.89695233104584,25.9960782974417,43.599253296892655
653.3495186235892,393.2681312209001,25.568487472059754,43.33289344198884
649.1927203848345,394.2932747103982,26.222919520858387,43.333601336039536
650.9250442410057,394.89648034076885,26.107225055586355,43.268425426860745
648.5940194794404,395.42925561413637,26.56553922715454,43.06405041723503
646.5981832003752,397.72329915359063,27.651923088995673,42.70502827973275
646.2969517455061,399.05261415568145,27.96669678974952,43.004390829262036
644.0058046024902,399.98877563371155,29.08764158847653,43.30543823452997
653.0756615871722,401.02811620495896,25.51875891794058,43.706035656488346
655.1359062100564,403.1180797329853,23.52354433037533,44.32084736996695
656.2933372770453,404.51105496037144,22.5700713565538,45.01141363882746
655.6969058031834,406.0243002347792,22.478357888262074,45.626112665207145
658.0880769192859,407.313137358632,23.23098880058843,45.776343690939136
660.8512956337297,408.9580232986511,23.974403056270987,46.47393753355722
663.2937301557869,410.72990797306454,25.148234573680256,47.26712802359745
668.9841916587313,412.49489443357726,25.52217912150216,48.03277888186891
675.6155559835047,412.2883271085872,25.81967691238523,48.236868121692744
682.2639564872728,414.57540260621295,25.682772755434847,48.51818587644128
688.8881007792945,415.8443524162249,26.14847342920386,48.44046081696418
695.7069094807363,417.5132743905459,26.058127754836068,48.49856718570504
702.8327627306281,419.3801616588604,25.805658315599306,47.978995529935496
710.9728238961761,421.4957460871491,25.059044285284408,47.68903455910025
718.7146966278609,424.6904378230207,24.774105584610098,47.32246297700544
726.7565696701181,426.0234492129762,24.186148074314563,46.91741126643051
735.1848597744129,428.81126471337643,23.81369872509994,46.52957018262216
743.1033081201257,432.4079031245389,23.97826687742444,46.22356142670344
750.4643041513013,434.2652329127746,23.998355503549593,46.86621691370867
759.0551376086115,437.19028572383246,24.212699941468422,47.91413680428825
761.3138289724751,435.92745411985527,26.07256025573342,48.552272546422216
772.9986465288885,442.08896262119254,25.505217013023824,49.60366045097433
778.0487523654697,444.1840792804178,24.48682296681448,50.13164307490665
781.3967002147309,445.5076239143232,23.743960715557684,50.22542905123649
782.3031578178385,447.18981598048686,23.353103614811246,50.33173278512001
783.7768973103183,448.6306095478794,22.59710717379705,50.220424580999115
782.4554486649099,449.0112199357219,22.543837472426333,49.75565155922028
782.4219800619369,450.8111111482443,22.231715840481577,49.27229369472227
780.7237300845607,451.9409034340846,21.87958908624985,48.43328712597146
780.1592787841888,453.0325255796672,21.388588122540384,47.813702502774944
778.6620807507334,454.81904537921565,21.513309506833956,47.3997510384437
776.9397557932618,455.87393722515463,21.740414866113024,47.029850769417244
774.6494377667445,458.6779509395997,22.327719009967915,47.129709082714655
773.0584991383462,460.00906864218683,22.561308302897555,47.116185835743494
771.2818944778525,461.46308523200935,22.64012187193174,46.98647296859852
768.5194629711725,463.6164328171702,23.120307150916627,46.910093960386156
765.9635871967986,465.73659020658283,23.676623519000557,47.190073371014066
764.1535598464249,467.6105380160347,24.771348629904104,47.56939027652432
761.5636208287948,469.82043039976986,25.765878154422182,47.358681436788366
759.0843220142697,471.89844237771945,26.662555617456633,46.934591074639265
758.2628140938805,474.8999217636903,28.030547044172536,46.793998025353766
754.1905939654946,478.03201441697195,29.58030651481157,48.4024323476967
752.2486751480322,481.55267937727086,30.729250350908053,49.25970777377863
748.7089806105666,483.0483687684604,32.464767355526774,49.153918591008875
745.3131340400491,484.4383917786911,34.754553147929,48.12800770238351
734.293158560037,485.72293733870544,40.14850801420337,46.703691972979726
729.5556056498764,485.79373710234114,44.728060245657396,45.32492508730991
725.2550092949227,488.24514989883187,48.21290468896309,43.623378180851844
722.5875644559891,487.39439018450224,50.26877215003362,42.56641372279243
720.6182702430357,489.140349310382,52.240014384534035,41.822633898767194
717.13561305575,488.37572742853456,54.3116825188711,41.45669028453247
714.9155398195118,488.0495747629142,55.38764747279278,41.47548121147639
712.9716083652563,487.6951183510779,56.16904981001477,41.72840038280509
709.8811838466241,485.7675229938614,57.29263261192745,41.559299105050606
709.1322037383925,484.67090163796047,57.529972711203314,41.921212471149396
706.574223034103,482.5637406124674,58.56123258169623,42.1647856207683
706.1694676377338,482.53109143038967,58.81436214884889,42.79938940484561
704.4527375382236,481.4911055395329,59.38388496993967,43.72034934573894
703.7230951427017,479.455738354171,58.95585591820991,44.6187204352127
703.9615001459923,476.71501415592013,58.42525868018332,45.45275367058159
701.0550966100296,474.37821930646703,58.839231523593,46.39520323276905
698.0771841712968,472.29556637134533,58.727429447933716,47.25679816551243
694.8007373337313,470.5260987240064,58.685520266619406,48.127520569565334
693.422218260399,467.8402611827486,57.643135195510624,48.79018075950282
692.0339843337439,465.09703641393145,57.02885597850839,49.42621220631675
689.0397883610929,461.4480174508643,56.64047790427913,49.64266138733382
688.8137101166666,459.4127654634309,56.229688836491114,49.67585762294288
688.2014518416519,457.09143450194904,55.90128790605166,49.73603053223468
687.8339145356358,456.9839900261518,54.984629119646385,49.67162260882929
686.1397802711379,453.4287031731626,54.61102631075175,50.01123073863569
688.9754220943503,451.3617944593242,55.089706043232994,50.29534723857815
705.5489729690364,449.21759701955455,45.39823173526713,50.15687749409401
711.2876967345585,448.1951778449983,37.268898217894744,49.83989943695661
714.3071205795502,447.1023406814045,31.583627188067577,49.87219241648791
716.2587632868501,445.3965632926902,27.688535743194194,49.85827111969774
717.9974977911618,444.0513785216157,24.748664390821062,50.05500357688588
719.009810914681,442.0190093809655,22.758187313704305,50.44595950955342
720.1089384514844,441.9183077286279,21.37717772349603,50.79253493336918
720.8234308936276,440.9953452149475,20.50800729233461,51.17376879862057
721.0187123792487,440.2578525618942,19.829282089647307,51.406658157461564
721.8762015549141,440.61428311663826,19.52761855765211,51.73316472375468
721.8890742437334,439.8313004783818,19.356289073568348,51.81974462429101
721.9157385279934,439.8315890490344,19.264203180829455,51.98629699958744
721.868706785353,439.7147005577614,19.20607550400104,52.09127454365692
721.8801421635068,439.2337403192499,19.648719884412287,52.300768873218985
721.5670289719127,439.2320233639611,20.22259336232692,52.38956044981212
721.4905136688357,439.23664237504687,20.89494159543414,52.762799234281275
721.9295555067224,438.3535662186805,21.649060068098116,53.04047193275619
721.6464961029109,438.5487738221113,22.290725140369553,53.11639583722279
721.707191200759,438.59752549489804,22.734673079438974,53.18104764301643
720.6540384298743,437.76619590079093,22.85138511534918,53.02144120623065
722.7355201248016,438.5869499622385,23.316870211822614,52.667805397788555
722.584292203872,438.979513929802,23.574739872041263,52.35251083668505
722.5084206022345,437.8444513501733,23.6585204288318,52.32164112289556
722.7368649427345,438.6061955895635,23.63180752908176,52.165233332591725
722.2770638381338,439.2622596892406,23.75978376172067,52.309907501401604
722.3842265008324,438.88757013692936,23.690813660932825,52.70273448200067
723.5395325284196,440.02766007073546,23.71328571220372,53.23307097181032
723.2156437007455,439.1260386983434,23.60767591637993,53.29899377030539
723.1658463279432,440.1062490152505,23.446406404172198,53.36863295094424
723.5075380305485,439.2017014066297,23.29604301849274,53.37165211838121
724.6397718138702,439.97864776547686,23.24585462665417,53.537730103811946
724.9906986642045,440.1871405094052,23.17919379707934,53.67556944505678
725.121325346534,440.3363343610797,22.88859778105295,53.46942112159054
725.5987696011845,440.3203324279031,22.88501847585379,53.29376812759223
725.2412223112353,441.3205342253306,22.70219435458006,52.773512848166845
725.8568498293414,441.4743338067558,22.814445177743064,52.610246571058724
726.8206169736495,441.97397554106476,22.80301806686115,52.405869718651786
726.828255434526,441.81698707536725,22.912908991787873,52.19578353969521
727.3936376008418,442.3841565768707,22.847284429664214,51.93302656793832
728.332678996272,441.9173775171444,22.65889890442869,51.803428559461196
728.9519758158203,441.07187106874983,22.65754891767567,52.13593620722685
730.3923235285839,440.6394067247317,22.51922409761739,52.11977663842724
730.2475314488963,440.00671636188656,22.56852810562525,52.18165089439091
730.5811965116526,440.71069592756817,22.844908307261246,51.974268545254255
732.3776277805039,439.8820794806653,22.932603020535296,51.768037083591196
732.8947301556952,440.2767729948933,23.09598432972286,51.49213882466651
733.9255036918328,440.5214199749591,23.333829957643005,51.40753846805055
733.800262326091,440.6396730376881,23.961693060220355,51.45876732794409
734.3824949260351,440.2364834954544,24.373247147441543,51.77863518194273
734.3527778890265,439.3779380818625,25.010180611107288,52.75485076498593
734.5282890440318,437.9626089364338,25.428552221995098,53.37966799139021
735.8968615331082,436.9969545183439,25.542054216498464,53.67497524065598
736.5284234191577,436.5978090783276,25.50204445807134,53.36926221443855
736.9347309667294,435.03971947482125,25.35454471937331,52.791303848209104
737.1648567956709,435.0660716485844,25.44116806149032,52.03402491572183
736.7373421568202,435.1340683349191,25.85701887239486,51.111791919028974
736.518228307141,435.48860160373005,26.14911314890154,50.372390908750866
735.9738453326914,435.72464395396537,26.522394478660146,49.79128216042865
736.0310463323676,436.5116391619949,26.79889213751091,49.00626269163524
735.7513604884247,436.28352295063024,26.77678189180301,48.411683346786404
735.3612794845294,436.4409275893288,26.617231375179486,48.07831938188931
735.5824378330365,436.5720085290932,26.428454717227797,48.11257473868869
735.3265814142623,435.3926923088458,26.311673292081014,48.31274465476926
734.7232320586445,434.8597336516197,26.32803386855077,48.403060772932506
733.2563593633314,434.23714797318985,26.788649986716067,48.38202729580783
730.390808127883,434.5972288943465,27.827903702730147,48.47520468689294
729.0321403587845,433.74140609246,28.42741087178628,48.3190524391034
726.7785126158889,434.425000615305,29.39120932632779,48.51955138169467
726.8969457243866,434.43257674337644,29.916519623004113,48.47316438434082
726.0063892703416,434.1256044738549,30.715912560390862,48.237636877485556
724.0046808127755,434.7329926815502,32.19479334271067,48.22583287420434
723.1021009613502,434.35033175116763,33.277434124663,47.90114313828972
721.4774374109609,434.19678267154376,33.67580907700392,47.822636439139046
720.5355651427321,433.73105846449613,33.43495034197715,47.52810218721866
720.2879775922075,432.0849962535453,32.64152070669811,46.287588059315695
719.8158270324991,432.21992249296375,31.70313139642755,45.59953794864286
718.1737034327384,432.44300791294927,30.600247858644224,45.45002848562485
718.0227082898869,432.7065090742924,29.66160704083187,44.99709232504803
716.8526056854554,433.05129547980727,29.320843011413398,44.18439634507295
716.1263958910777,434.41055370060616,29.143776516184616,44.16175697867051
713.9459142547544,436.6278431540397,29.99199869996403,44.845311616725304
715.6297368527287,436.86687293258,30.50625047667145,45.14511460847285
712.7891701524333,437.4103420979493,31.530859219059373,44.37354493007792
709.0378840323066,437.9780421833039,33.04695074642193,42.97212303085311
706.2967783541168,439.4201134978959,34.714846306903176,42.64709295049731
704.4423019327899,438.32157621347244,35.88871919350235,41.85419254375821
702.5440755456651,438.1825560070771,35.85629928708769,41.2938540502989
700.2254454692494,440.1192085916612,35.743818839333215,43.520371879177524
696.1455592783326,439.15002905544696,37.92962271530739,45.063009516059246
690.7118090721552,438.93783894228153,40.04852693625584,46.65769308711667
687.5358847380651,437.40547547949376,41.17669701556895,49.1996081230437
683.8237080351624,437.8251954774146,42.156989142077364,51.6052853147021
685.2121476031831,434.8571921497226,41.18899367302842,53.26992966539854
682.473649050123,436.9315338946117,41.520238826023544,54.48834212288608
681.3319169288408,435.4434698910223,41.31938910374431,55.15363333807256
684.1329803323847,436.7621904916306,40.20702364919546,57.33557385072321
683.1131478905274,438.48340099938565,39.50439422138646,58.270136477791205
680.2433085803483,436.7083243609291,39.30820553217444,58.53784956915739
683.0081907930885,439.2802687013788,38.68409601392059,58.97394746052366
679.8837669361444,440.7996699666647,38.932089235621376,58.54569485670972
681.0529989890126,443.92541222501364,40.1453524248069,57.66338148258993
683.3719577526201,446.7192537188258,40.35336690442774,57.77085840707497
686.3070022520969,446.47351816120215,40.17360078145073,57.23075908775195
688.7494675793333,447.86959711243435,40.76054817873558,56.11795299192822
689.4473605332131,449.43564989992376,41.0607308989058,54.939353886675974
684.6607933282921,451.6146569160627,43.669113111482034,55.27036573330429
682.6981979255926,451.69157121410655,46.785496543834284,55.76810268897437
684.091207156997,451.6796762137482,48.863186577119315,57.834403676019136
685.7687372471948,451.43300107237764,49.64206804711414,60.98987859254943
691.2370193149621,452.31286465895806,46.895719976032765,63.554370169388605
695.6615230561436,452.6008376433563,43.74840316749795,65.10670484024064
698.9856627389292,452.7115797844074,41.15595571110623,66.70084860989613
701.0797125557567,453.5768148910622,39.1411654036233,68.19549131162552
703.673440047052,454.3651112374948,37.98109994739983,69.49399017149481
707.0837603332188,455.72026289050063,38.06666359869902,71.2540390383347
710.4006099669463,457.28079997550486,37.942577368353625,72.84219338395121
709.2357428428332,459.10942617616024,38.84160177771246,73.80872027951546
708.8975538100037,459.9407783950585,40.08488963341047,74.36792441105494
708.3898504064035,461.6901069860119,41.89678997088429,75.2807204762183
711.7249462352239,461.6767516753994,42.330327561290446,75.58640753787314
713.0261031060053,460.9524293340786,43.22165090468871,76.29988376348341
708.2442710959843,459.9029024236179,46.7161163163322,76.42101705217826
713.0149930529876,460.24972979086226,46.729466713848936,77.94826380694731
714.6167517645677,460.14101321184063,47.45717792838434,78.7491167647953
718.68953464002,460.29005980319437,46.79589562474502,79.06790590630658
722.3588146371876,460.25254984621705,45.52084271048799,78.75179728022216
723.1793666832463,458.84966742276623,45.358315278527,78.3261320734129
725.9693303295444,460.1197217621676,44.86528678964163,77.72428633406321
731.6735370477221,460.18010763566394,43.13375323609873,77.66815081753934
731.6281007657591,459.0909917842341,43.11538812912638,77.68051948328952
733.5588837942748,458.9572801548979,43.07167790705572,77.97969628200109
736.411236869309,458.7278107529502,42.306836869292,78.21381208784969
738.8602517728112,458.282489909061,41.72850921072507,78.2237317297296
741.044577295353,457.66022186459884,41.81997169103248,77.8614715540055
743.4602878407992,457.2793135551,41.567224916546124,77.78411580972187
746.4161535895066,457.94711332711,40.74088160272501,78.27758731062377
748.6358342532739,458.12984598236784,40.27181141288596,78.8533909210065
751.0433213918261,459.11735199063054,39.751530128945475,79.17681030096546
753.0935153785601,459.72568070038517,39.490100895711706,79.15580107481561
755.255245567545,459.35506035877313,39.440749404460725,80.10842176292253
757.0150812432258,458.74329674216034,39.77537187634131,80.74131178911684
759.5810117910077,458.293573998032,40.517152748551204,82.24817915237345
761.2318723646645,457.5386766875793,41.03678169889368,82.8697138855836
