762.0,456.0,40.0,46.0
764.3301481324663,455.6209504233222,39.92068212862214,45.629040315464955
765.9544369268865,455.6574452920966,40.08956974974261,45.7742207439318
768.7288611079832,455.26934142193096,39.87726923911157,46.27073488074748
770.5715042706645,454.9709751151979,39.48452441765541,46.74744185944792
773.117334924485,453.92198427584145,39.27984125942828,47.24131282038738
775.3073229060437,452.79567081754277,38.57393756193589,47.57502494206285
778.0025660620851,452.1789484201065,37.289896562353285,47.76238819396662
780.6922288087069,451.685060639619,35.88087746559415,48.02672930669948
782.8639937413415,451.70594634804525,35.03444843040303,48.45920105390945
784.0105230188,451.40559078129746,34.80897105224371,48.888845903225366
784.637963275076,452.10372053296476,34.55164913344184,49.1725485580939
786.3707288332223,451.55047846880973,34.38789108843824,49.3072919637477
786.6064496071505,451.4801930266946,34.45888423296473,49.25758574836852
786.5238707698311,451.3120620077078,34.42564713221282,49.19876721993586
786.6224673243147,452.0136947519173,34.736800580862685,49.01960756647797
786.4010585999915,451.8654145605503,34.41324534884506,48.732168315422854
785.185946167871,451.83433988013655,32.41822302070343,48.53360600632851
785.4241861035804,451.17827261309765,30.72137571764389,48.24050067224215
786.0547781237236,451.62907283817685,29.691469143177756,48.328676833411876
785.7912393441583,452.04542874137456,28.81624872867559,48.35624029557122
785.7871811325543,452.4452039094136,28.03403617239126,48.12976430031342
785.8068672006033,452.73622881136595,27.635334812660638,48.05722072199472
785.6344452492158,453.30857340595514,27.811599613873184,47.79519144492563
785.0014403467743,453.8324980481908,28.784259199029496,47.72108178447769
784.675736458603,453.69345049081466,30.35690110623149,48.03434840801912
783.3449171954796,453.10605579327495,32.326126302400205,48.396500473996944
783.061989238319,452.431228801662,34.86135782707288,48.93118253339483
782.1526994685868,452.75136617122905,37.51769066243578,49.95889180304976
778.1245351787811,453.1903238845305,39.585890579937825,52.530179867657665
780.2427334489223,450.6977424151654,41.14284425938206,52.89420328002079
778.0719240516772,448.41817477295103,42.871563273598774,52.219039858394794
776.9368764445205,447.2359979059871,44.75446671545126,50.897556800330435
777.2914887202313,447.08738901756664,45.80213913668578,49.631389567405826
776.2291274713403,447.881577079925,46.30138861200678,48.70828138702498
778.0343961870285,448.44664437160185,46.33892246969305,47.91417585640566
776.3390110895723,449.29588258212414,46.33792325542569,47.958634616025215
772.8928575810091,449.75112853903704,46.271398485442745,48.14265564165253
766.8259347844709,449.7190898098222,45.22355767715196,48.27735077586343
765.3054604602344,449.4553615091351,43.47263620843742,47.02045984305792
763.9929665634583,450.0372738311998,41.63653391409921,45.997840032912855
762.5241146442895,449.99240106402544,40.044818807123995,44.8736726033944
761.2380055849527,449.3509782942991,37.8468342890789,43.45507160964394
760.1089819590173,449.15258479742147,35.77812983196532,42.41983650867272
758.0147353488735,449.33827662453257,34.50052808154976,42.53113412886451
756.7764589600387,448.0767561003974,33.230102099453966,42.65053443006462
754.4085945897965,447.97309399291197,32.08487991220389,43.55774878175419
752.3634310336114,447.6057307572687,30.612752800941223,44.8051553067516
748.5624660462652,445.99562991484623,29.719702917235395,44.728283627338755
748.1870161387442,445.3045995347749,29.184408884620893,44.72890517849702
744.9953467623908,443.3550983306821,28.08161787658569,44.32828600465147
741.8040646563061,442.50069688234,27.88398189344242,45.13369229489031
738.7152468780394,439.54953558821046,27.78692872927295,45.23933824740726
736.132258275685,436.9079705587141,28.159296314840915,45.55080387768898
733.0938737466929,433.4860797869769,28.206280216575237,46.03238754518683
730.5021049078391,430.12652350986343,27.851823509517143,46.24887558769503
727.0676449778647,429.9525950841429,28.0370885843097,48.18190699968292
724.981951012472,431.5932772133749,28.34804865864971,51.24333143750805
724.8374882468877,427.3613981132062,28.5508230667715,52.29525492104864
724.2770429733771,425.23365834378495,28.50058629445679,52.23000997258636
726.5731187235201,423.67587506604184,28.73768894456134,51.80730748510376
727.419659903728,422.0948993768778,29.35013331754418,50.925908643705434
729.9043859407002,421.46927582752926,29.26854440277936,49.75517393087898
731.3777902179955,422.2314989877925,29.265430916548066,48.03449958300874
734.0175634780895,422.6838613360935,28.9928271453835,45.85465891960984
736.4736282164577,423.1398789261688,28.834344519233188,44.70451033613891
738.6683652191871,424.3689566861608,29.04403738389152,44.97137617845971
743.5458535856795,423.319334105415,28.98077207668789,45.07620605674815
746.9816564426794,422.4320408167912,28.744206645891182,44.956291901573856
750.0032214173874,422.5892290570191,29.06925601776424,45.68929396115704
752.2734498765232,421.18876742202474,28.95821194128957,46.42126276337244
760.5686731082841,419.7374532451345,29.46400266038495,46.29035229879352
771.4693006472588,414.6688982944701,32.459408959388625,43.73602543254414
775.1651037346561,415.1664337160404,34.521782276781636,42.736010741747386
780.8631554976041,417.5313105068975,35.95529911221368,42.971360309447206
786.3238393861753,422.46668992984274,38.54171331749311,46.02941921258014
791.729208039122,422.3571516523351,40.01773443445131,49.388403604509435
795.6535487146313,421.0344352092294,40.68104649163594,51.2361069985334
805.3372633113507,419.83832045128383,39.78076512534535,52.38720187086978
809.907158632102,420.24988888170174,38.494871578569494,52.82018378444805
814.8963799993334,420.0638191208084,37.78939332164573,53.61239776912542
818.0095008021411,419.55541030633765,36.89448106173345,53.78624359630902
820.452209143906,419.0213285409091,36.64187687820372,53.69313698556464
819.0507663493473,417.6813338867995,36.77589344876628,54.52054145491664
818.0906942606949,416.84808721886293,37.076790189547545,55.62694567946161
815.7318547228047,415.34894418522714,37.03757229267184,57.09930706411602
813.1894064481127,414.3678775663141,37.311906708266896,58.75856859784046
810.1675234836856,412.4619321474824,37.54878787149599,58.90526778511336
807.005181560564,411.8969660424435,38.015988807582964,58.76862895026916
802.2029905716792,411.3772085055307,38.14714996015722,58.164879253587
799.8461719506079,411.56251385625353,38.12218551772969,57.487505856828925
796.2563389490981,413.4777257362069,38.7724783518039,57.65113116918779
793.1794616182991,412.17216759999974,38.83974619699553,57.26636731464893
789.5609968112975,411.4452417538573,38.92909280318612,56.65988575498064
785.9624297754267,411.29360660386095,39.36083075676386,55.999426196574994
782.5100904254615,413.2110952697419,40.10698589712379,56.59016907965673
775.2016158486654,413.6473859884819,41.75516979192716,58.46960180233306
766.872463617269,412.3578377365118,43.291556530110455,59.343604922484246
761.8244821783354,413.3307549580243,45.31140856813377,60.78717477633424
756.4729432699934,413.53532649966377,46.6440487627476,60.69340034539907
750.9203056545987,413.704458735316,47.57932582459172,59.78186316901649
749.1135541669796,413.6770411036571,47.57455792580632,59.15734662569365
746.4171670747581,412.8741329834275,46.12371943935101,57.87232424310598
743.7232373616605,413.72027936784116,44.6693547444525,57.32871311490359
740.8344533663212,411.5244827332708,43.26128430739663,56.02262877173966
739.0138862656565,412.629264509331,41.6211227323587,54.23085086415046
736.7394185644339,413.03735632364305,39.693953398475855,52.16388903728415
734.4626396449192,412.12893119144405,37.49932703340377,50.16215104484631
731.4272682653115,413.33707519609004,35.724732878556715,48.540403440827696
728.4447792676511,413.4481788838588,34.87412859848679,47.44838405357141
725.5297273626738,416.48447830413824,33.93431968871491,46.428382258911014
723.2222989071632,417.62173285859785,33.42736568665017,46.083270732999665
717.9010362585522,418.05924547295103,33.60217858152842,45.71584438124637
712.6733129464299,419.0159199341962,34.15689888741378,45.25244663063104
711.085092318287,419.3610092461647,34.11111113979308,45.075741517436185
706.5919676381009,420.1791473860329,34.250223048993504,45.55303640469202
701.9024002588565,420.578207808575,34.06723927720886,45.35196145804534
697.3780712974997,421.07512250295986,34.86418821554743,45.52587193743963
694.6807069008325,420.9271720328711,35.95310035849117,45.42983562175781
691.2951762351609,420.3282908559732,36.55448395545954,45.420185255827064
687.4390704317568,420.44351581828516,37.61300903883023,45.507148661281214
683.7960846745876,421.21235597175104,38.82044356586382,44.981705903177584
679.848713613218,421.82145085268735,40.027777241337276,44.83045644892215
676.8990886860606,421.10428181024355,40.982721675730424,44.65131491955197
672.3542215239786,422.26227008978327,42.17818414930834,45.28022361437876
669.8269110086316,422.14602932521484,42.761445927072806,45.90546637398436
666.5949437444644,422.47917925927527,43.34975484505555,46.207153566410426
663.6858241638549,423.6870540292671,43.576548083423035,47.30556418267676
656.6255936987544,424.4750685606148,41.77763645503013,48.06799032017675
654.8668106132009,426.12438330127327,38.76380003824681,49.477704344719115
653.2688914306636,426.21328170476454,36.056852148438246,50.02930817250211
651.7405334378161,426.8013718956288,33.86260683042247,50.110848738039344
649.6443170241971,426.96576172448437,32.212296737738555,49.55117308423439
647.2580509028853,427.934922988326,31.018276245987074,49.925320038973055
645.3613618501939,426.41418076376516,29.45061614336212,49.530189497860356
641.4640372551322,427.445113423263,28.791117994618467,49.646485799958306
641.5449025209757,428.9744234941252,27.556709850626717,50.784688778351196
638.634500367253,428.157149323348,26.887050901236012,51.041536314241526
636.2794619829933,429.5862573340085,26.336690658036776,52.12588621088922
634.4053329118979,428.11925083102574,25.934222481868275,51.81783378716722
630.8185583631714,429.9988090952876,25.820204440649427,51.36178732700297
627.674301291536,431.8201430201297,25.927489946224703,51.567065644310915
623.0756879535587,433.59448266052095,26.300757271593493,53.66709852173157
620.6822752002013,433.22591677336464,26.141476821277106,54.526758372216044
617.8994110770852,432.65352632735056,26.285986195438806,54.10379024080671
615.1399105032232,432.95872582468047,26.541056068748926,54.10162183696719
612.3634079771376,433.7255166200198,26.842306360177897,53.9267743771479
607.8004237982675,433.01787095295083,27.564664488425926,52.849740882184264
605.5417402233878,433.8710208669633,27.239059836427426,52.25548634224525
603.1488431463404,435.1511148133353,26.90507249638165,52.3545239133684
598.210227429777,436.15815565715576,27.045807957828956,52.395877406391634
595.9959441247835,436.7672411230038,27.11826494867522,52.41926836434395
592.7107259932686,436.7177809171388,27.562587320103486,52.21096831708966
589.618633254246,439.3016360410841,27.81204989775803,53.807998059433324
587.1882679486544,439.33685176447483,27.88478612417567,54.58717598765195
583.6135365037215,438.6393115953195,29.8748557034944,54.89567795682194
575.8386938646388,438.84592235736693,32.565303310761365,54.90897010460209
571.6119509120584,440.266958692601,34.79340164268011,55.70875839604796
566.8461029462256,440.2383181661626,36.89550162707987,56.42813356513571
563.547118613204,440.68801763710104,38.24397383316223,56.67138904220419
560.2135785540258,440.47627165934585,38.6430485804248,57.37675660806607
556.4419410847545,440.90384207841055,37.582914705490914,58.500024583413264
554.0491461185189,440.95780233839724,36.48454772878242,58.97459307711179
551.1556442925937,442.02285092706165,35.47652269410954,59.62513554822047
546.8457227317022,440.95985514727613,34.64371383835355,60.21111856286965
543.7623840686038,439.960023603112,33.94231865478459,60.76545389240883
540.4801485362995,440.8881656012802,32.81137040786981,60.65106747908017
537.1371545722976,440.8098306584279,32.20345879974071,60.76606561185507
532.7703463186164,439.8427265042826,31.172945668431293,60.67515795334882
530.4786292590595,440.1633226157126,30.943101589302955,60.81407132130918
526.4005794567262,439.35438774386745,30.593418112914847,61.57030776421822
522.5786101694147,439.1963983497075,30.639013792029957,61.61710625468656
519.1496661139765,439.86223055656296,30.915465745679665,61.74174066910058
514.8976568900209,439.97134314874427,31.614720399645627,61.96557786266769
511.7654645736998,441.0948719519398,32.1927341826786,61.79841527580794
508.105826768482,441.91166423608684,33.20758169252818,61.140752338373204
502.89830174213404,442.35403369920107,33.858578400497564,60.13127281155876
499.6587792392241,447.19608820686284,34.75044994440334,58.118855690766516
493.4985976405056,449.0663864646881,35.42092605687943,55.92666005402219
485.2436461793679,449.9835128870736,35.18217175259237,54.31666563210281
480.0011903759857,450.8247058410694,34.18930015623174,51.23083734129871
475.81102418672333,451.1380394125019,32.79277706600646,46.9828017902306
473.53006509948204,452.6249223141898,30.936222950449924,43.82831088919848
471.44880427810955,453.49797838002826,29.715489588312142,40.787124294631006
468.1572982589436,455.04583480286203,28.87201847234708,38.31854767943222
465.63782422251023,455.8805415642668,27.626695304979584,36.65943383923976
465.650215498298,457.71345937229466,26.115210788071927,35.2371895317778
462.63292809514684,459.461721264999,24.949910716444585,34.43032486502143
462.097281702304,459.7425966950321,23.2879118761538,33.92380319196709
459.23902858537105,460.39010248176584,22.342461322910253,33.29035167709331
455.30087663935325,461.0667308374883,22.738777116801366,33.076842585277284
453.8320087405238,462.2309736549316,22.763144689362573,32.91702760468766
450.8963400370788,462.7917116153566,22.73412198883063,33.1324199699705
447.42322115540156,463.05009060032825,23.283379466540612,33.22315253957784
445.8604108264225,462.8467124913888,23.88733264403009,33.47090454603092
445.84141700974317,463.4566751364027,23.846081385787045,33.99120600160869
445.839395558554,464.52657707905064,23.780773091876398,34.93740065146909
446.3502976540915,465.6376236446162,23.44708688175847,35.93516378254497
446.1913865089697,463.7005625537719,23.18996562952153,36.22047981188986
446.18015124410783,465.5678692805652,22.855250795475715,36.28018551113522
446.1978163943347,467.82098903584296,22.266125634182128,36.979603959564045
447.35346822534217,469.2956704616427,22.266444591796095,37.577795124077895
447.88984089102314,471.1917992124698,22.760136028012365,37.165725610704946
448.3061430142068,473.14247129816323,23.53434330508248,35.92488864146654
448.1338788727507,475.97788247626244,24.286983160260316,34.61671429552202
448.5055866047936,478.2479095215415,24.694828072151033,34.69432072742488
448.0192111357685,479.66910817644697,24.88574154682232,34.698839616344344
449.479734783725,481.305687219666,25.322451819268718,35.87298530187886
450.9644511120215,483.3607396639048,26.013938352128857,38.094713299143535
451.54521587518303,482.00690482499647,26.10698646252455,38.36704972500709
453.0428033509746,480.85377630607394,26.324122301957022,37.55392199722716
453.9084686431868,479.36049369088863,26.50610653686862,36.75186723248051
456.3243721178569,480.73467799705105,26.800428737918963,37.17837960160102
458.3673313326753,479.25066410304134,27.717501030938436,36.35220267770632
460.48647517217074,479.6383069846962,29.29275094960383,34.398221235685675
461.56479352697966,479.0299024502508,30.924551129634494,32.25454141297499
464.0408933825836,479.4453293982452,32.42408786862191,31.438129960833916
465.8710420523961,481.35409975574674,33.292568605168746,31.291823376690157
468.45105971279446,480.8958632555155,32.347834798043884,31.60984667012134
471.3270601676142,478.6347855097934,30.45490371262313,31.527571009221774
476.51410980425914,480.60781779521074,29.115075679567667,30.456124968660596
479.58543162785423,482.8344605620408,29.024006739408666,29.514054644961327
484.78950048612046,481.20538353361536,28.855187870532557,28.818954002105198
491.3863049456798,479.7862304774189,28.335223970945066,28.2121078317833
497.3025444550005,479.6327006048889,29.230909625155224,27.662157689148046
503.19787338647166,479.2579721568147,31.425275260748037,28.06339376010113
506.3693202834873,477.7527494879543,33.67333910831842,28.705392747724197
510.4393308654497,476.19618830479527,35.167793652401436,29.449374489042256
515.1811219739885,476.8031470341405,36.801215829855046,31.23792895417991
523.2069130000752,476.07477929708546,40.14340208822853,33.16266674762592
524.8772331032153,477.96587013694483,41.94433292687008,38.7447886567744
526.4318504136097,474.56716198456485,43.61497501506564,43.22901831602654
531.5929224542804,470.51310197899693,46.77731274524797,46.76218715528745
537.4452368866642,469.32403934084937,50.05316788926923,49.163887260684106
536.3132055596906,464.25652131787433,51.985382398685275,52.304569058587305
544.5527068525959,459.6641006976257,55.287660330452795,56.26446523072508
545.0669594573627,453.65079051678924,56.646758880684814,60.942468038687174
549.6936301364252,449.4132358230792,58.95956437314567,63.334325472982144
550.1324446436442,448.8053792998592,62.553218317692014,64.84172553114088
550.9773891512239,445.13254012031985,64.18794478104844,66.16819307479003
556.3722454530856,443.43019562469703,66.87586279255915,66.55359495666063
556.0868900415393,440.9020392683498,69.83826673088635,67.32954267912069
558.042797798433,440.5526298444898,72.30593730108339,67.23945161473132
560.6029346130707,439.5344283071806,73.79751059563588,67.63837299989669
563.9566656983891,440.3882431102364,74.6096407101553,68.19725340355066
568.0634439819378,438.2023274576459,74.74554093016732,69.17482811693483
570.7822557316372,436.3736061907225,74.8569896963935,70.8425550746096
571.8862480851495,435.60046138880926,74.78624253819697,71.36092109445181
573.6100887960957,432.0832494705015,74.71658235653899,72.33623238223913
574.7714557656853,431.8747160302772,74.3518867474379,72.362247016594
580.3331520886547,427.5486568927343,72.73847334954604,73.000968074883
582.5861067820452,426.9618834195289,71.88643359167125,73.67344690605948
585.7575048190397,426.8393784125297,72.38342023252605,73.87548817005779
590.1102077704327,424.71373544188646,73.82394938833383,73.52869061525058
589.4145149989556,425.7193660152921,76.46603683558487,72.92789089422051
592.1144756040926,424.68033487145345,77.89707876007652,73.15487896314777
593.6690767017539,420.0336339979486,79.60889096905086,71.40317572968877
597.8969394863275,422.311015966036,79.72625499951306,69.11095451812335
602.5645253125134,421.35154214121235,79.69223080807873,67.01851911113005
605.97094543096,420.63628063129954,79.68142304188866,65.00244789267434
606.6734311694504,420.40885065286363,80.59447524654851,63.797090564389954
609.4043160693162,420.3181311931037,80.46531653080109,63.095198185081756
610.2897440055563,417.7716530297651,80.81741598058666,62.619459443399435
609.2065264517037,418.054655569575,80.93270362735436,62.02598854346719
607.5583316882769,417.0953404205514,80.90423353506723,61.751137396201855
606.4163213225357,416.4655091633633,81.22701159076834,61.49203160003113
607.7233610403058,415.5172277085885,82.11827273140021,60.756056667783874
610.6399317823286,411.9512098650442,82.26083925516693,60.105102852919416
610.6736429508131,410.0556318592759,82.33861955491669,59.65828279023727
611.2888339135588,408.24942489056684,82.27663362551907,59.14981660070224
611.6663765085543,404.4858977044817,82.21014706834049,58.873251588106925
611.1591657024952,401.5847269475791,82.90776570194316,58.89217635386526
612.936863464962,393.42806162356,84.63822833130646,58.37625285151286
611.8384606853992,391.9648485961418,85.23890351933818,58.46408637705236
611.4914116156746,383.18541128729066,84.83662714706892,59.58079180530154
612.129422293367,378.0627542753404,84.41335847723073,60.84279894443632
612.2932405350086,372.6968345611565,84.11251642754128,61.37099457397609
613.1066974987929,363.9321099169774,82.57895577145727,62.56844312991228
614.9934962925056,358.3803009730435,80.23809744184433,63.930270246295805
617.9346472227002,352.07177200785884,76.63570280801767,65.36150664346198
615.9359443804487,346.8881099908708,72.30977475228612,66.83368907587558
619.0101841091042,342.51629054462614,69.19782483599087,66.67431283164618
618.3519834330267,340.01995809870846,66.03595470377081,66.36531146371587
622.6206273667776,335.5821856443258,63.49125106478468,65.60799809611402
621.6292728524577,333.70056239375697,60.55864637272126,65.18079965096268
622.2687187114743,330.5071949146115,57.4321899574225,64.84437481921451
621.1302455114645,330.67791147915136,54.9353173877154,63.344311319041026
620.1501665859574,328.69441159068174,52.78652748482338,62.63064703348028
623.2530860125019,327.9826478418719,49.922668612203424,60.990301240084385
623.7543685340381,326.03496739180355,48.04080059061509,59.12604910311164
624.6885947557101,324.2529954647331,45.90071118438044,57.32547574533845
623.2140529962002,322.83468074246315,44.93907387820511,55.691951381284674
624.0828761809253,320.8833699861015,43.42081837789561,54.02155958834387
625.2458145550646,318.9868400654865,41.174760355202906,52.39880216883165
624.6560197618865,316.83071555107466,39.67217525894189,51.251853199608455
625.3269172300253,314.38418743990286,37.66247260782045,50.63438085749893
624.8579359682009,312.41822997993586,36.54876887170374,49.988063965909525
623.8126957747293,312.1462169861758,36.18456786216246,49.557327990539136
625.5164455448648,311.0123820984093,34.65180892247737,49.21299825435325
622.6249364816313,310.2680378223183,34.7263309551945,48.86436075673056
624.8664751489371,309.3017467871762,33.063642414528125,48.6479712693975
623.4223880167015,308.7934383880382,32.763797880171204,48.36525640263454
621.639487880968,308.62648828765504,33.16092749734137,48.2896107049634
624.6181284506802,308.46057655091556,31.3112055620186,47.94789597043456
626.7989232180163,306.6608806575037,29.77626092480735,47.71058731780514
626.9358851578739,305.67118867445015,28.737032479662282,47.650573090552776
626.2509168799404,304.31422626254914,28.442845500373046,47.62275291923763
628.7861800594358,302.52916071717783,27.359578052515136,47.59802011837872
630.2515279469237,301.47492831459226,26.95276228242218,47.44850457687014
629.3699305268684,301.2111771550734,26.88195748874371,46.86414471329063
630.7032053585017,300.6231097199362,26.7937311897348,46.379223065010365
630.2467965863846,299.58675988773564,26.836935086508248,45.73836071769278
629.7407886608938,300.3279371260972,27.29493482420837,45.664392471438404
629.9872800865776,298.94574676588365,28.082851020692466,45.435395506318635
629.0036196132614,298.5266911949243,28.79319870072316,45.14284563749518
628.9729725421663,297.7537198447253,29.234711348772855,44.88220874804932
628.4314844606914,298.22856922678,29.663833141605508,44.765502537651
627.7357760479906,297.2115464724131,30.135480679897697,44.61737336376761
631.3614851688632,297.5130811385291,29.122572569988442,44.21924482743398
632.9213908538821,296.8721720120833,28.201903656005186,44.1546122746615
633.8427500236879,296.44134186708055,27.12143812401082,44.34618284298736
637.3220689850493,297.70074179204886,26.9837535704288,44.54712481433973
635.2686190074554,295.73464407514587,25.855286704327458,44.82270403720831
635.5790214938551,295.1226924720059,25.619995037192236,45.27254413313668
636.0740841775336,295.91520310229396,25.433168620030536,44.85997770654485
638.2005582052712,296.7592374907821,26.48496909971133,44.37205846570146
638.3848123961722,297.95353264073543,27.290868676893943,44.14553176442761
638.5055231924679,297.99325000613004,27.857247377271346,44.397121203560204
638.7513478071807,298.2053113061894,27.965405887103493,44.86089228019931
637.9705149854241,297.04085350925567,27.91119628647605,45.31206129203553
637.4428732361148,296.1050880211513,27.912616259703995,45.553297468439595
639.3565835581583,295.2340347863242,27.332647397843605,45.80317066172662
640.9804869842812,296.0164974501412,26.762773284855538,45.960169162217596
639.6748934323739,296.0533801000311,27.020749939451534,46.31522161146121
642.4503886690499,294.83648229504115,26.22499323074804,46.18192432593338
644.4877392231689,294.3008102261122,26.104149544384843,45.367770416916166
644.9371736984735,295.33126718228937,25.729404739283424,45.973863950850934
647.5466628039877,295.3150270870957,25.454594619075316,46.86661940979302
648.5371051766216,294.01845102072963,26.06556778396388,46.82721844193923
648.7266918737553,295.4028477683696,26.624993022508978,47.699339863651346
648.1654795519107,296.29377837437767,26.63328192401055,49.4053631731197
650.0302991727987,293.76031376451306,26.32293894688312,50.93811270534884
649.9051648699366,294.96770890468895,26.40560501354481,51.30829556952831
650.0970469927566,296.07100740384686,26.291372017904628,51.62054317570475
650.5242667383687,297.39201207638706,26.425610505196126,51.42904957769461
651.1132738439717,298.3060629099714,26.938483745162117,50.58556705115102
651.5987415427098,299.46832515815055,27.001972175810813,49.56106086533954
653.7480404790853,301.56362485656433,27.299657262044427,49.00411320191035
655.8167590165402,302.2040752117705,28.25279635900927,48.811637174115276
655.8644392383916,302.780989887113,28.72327759011126,48.128739830266184
655.1246486191784,305.2428004168163,27.19367303752218,47.379328365586105
657.5796998874739,306.9763234267407,27.298203679641944,47.3269704560889
659.8245341979707,308.59839695694745,27.498323877007863,47.20916616911286
660.3201460452976,310.7316281767858,27.311802941143,47.12506151752207
660.6064918691211,314.62421469418865,27.03539120072256,47.88471880498206
661.36639729316,317.88930112795816,26.690888580183703,49.10083805170082
662.6488326158841,320.52563532942787,26.3237870997748,50.452925508136424
663.5964386577907,323.39603653327555,26.08278033822719,51.65088957993328
664.3188473289775,326.337863418889,25.951775251712917,52.65783029112819
665.5622568059415,329.11800299378206,25.61000634661318,53.45195177610779
665.6105001106209,332.30962610661936,25.330917808543276,54.07815074086284
666.9400899337691,336.0134609422164,25.124588504043988,54.33724437533286
667.165221684009,339.3869773927454,24.856469168603084,54.19957121548574
667.4598558113703,343.1336745850059,24.93848082110711,54.28569038076946
667.8383657052137,347.2218228793685,24.939120945529524,53.89206285942706
668.4439581508638,351.69048932888853,25.19075038528411,53.51851169866823
669.873459549262,356.44816683981134,26.202810820909747,53.193143859439786
670.6011436317638,360.45609773442453,28.19808047328893,52.90427181630722
671.0816236481754,365.8122722217372,30.132384112340638,52.25810020984585
670.6203209767816,370.58528901376576,31.851467726612576,51.97740170879664
670.3973589405085,376.4075750417891,33.85444441146343,52.222813783609325
665.3257753262128,383.64444262909905,37.019096015054934,52.71338830137226
669.571832355829,387.6506958685627,38.658802634533544,53.78124986443707
668.4686831619409,391.96490967400445,39.60933320004397,54.306035754530185
667.8938132614592,397.5152205006145,40.25327466116362,55.04689054173983
667.5222528144981,403.32328907211195,40.74313017422642,55.9687630422996
668.2738670723413,409.3762273341941,40.70628654623542,56.18580827106494
665.0970783128887,412.7512710560043,41.70392229267968,56.7757782004913
668.1547861125592,418.843275007346,41.42886924216671,57.0262643163627
666.5839027427173,422.302900425653,41.27009887247541,57.04280449537379
670.0015932206503,426.5926861917043,40.14420583164863,56.602255790419626
674.1591223537009,433.1258294776748,37.418045270625385,55.8090710251191
678.3804756146515,436.2258936939414,34.44324951532599,55.45055636211721
679.9976805220193,440.2983994291208,32.21360044277776,55.05197433511769
682.3112633468385,441.82855945552353,30.832101297045618,54.29132164071071
684.5778774011607,445.11628439486117,29.122023823166867,53.86926836848079
685.1581131203386,447.88783657460027,27.76247096391261,54.2193067091979
685.8037991181596,450.94026392896683,27.06599337745021,54.71052133640222
688.7173565860726,453.5833751925272,26.413072777561897,55.475125835648655
689.4286295293864,453.16399893085816,25.808199620426482,55.71770221152592
691.7282856262768,455.5154814367413,25.213342993051775,56.030758928275134
692.370760452509,456.2810052216454,24.89009378004062,55.81755193463893
692.8387931502542,457.2180192914359,24.914157168729744,55.61928978626882
694.3361437446149,457.7733378727459,24.87735698098507,55.133591588492585
695.6568242099966,457.7837280579613,24.75375728069037,54.680346618452376
694.5966375044421,457.840082987756,24.763687576565005,53.98804691511305
696.3567373061877,458.90989105033475,25.276157040456567,53.52785889054138
695.7854275682191,458.32708068328145,25.510237698034516,53.02161988343711
695.7716301011218,458.498887357526,25.652349844143234,52.607358341588736
696.8990849002998,459.8763814374216,26.040567687193374,52.39761249136773
697.3260693309903,460.0377117200337,26.54640107190619,52.153824606807575
697.1462158360739,462.67630968262483,27.090846220918575,52.8179433788909
698.665729579736,464.3312453935099,27.61741626777412,54.356979427824
699.056856792494,466.11033329952375,28.08618418112514,55.4659178736088
697.8621765383597,465.19670338181385,28.94566798040949,56.385005101606666
698.3232865577371,467.95378863990095,29.41442389380313,57.418045278791894
698.2355608406772,468.9292274851987,29.91865645585263,57.50070640655574
698.5608943240759,468.49755337935113,30.33540281913342,57.35036748446181
