577.0,335.0,29.0,54.0
577.0285567602026,332.8618440681985,28.83930981943854,54.833639134110854
578.1019797396178,332.432326100856,28.51131151685813,56.29687733930365
577.9878180768713,330.81250915059474,27.922343582585327,57.415631112873015
578.9461419750572,329.47994155772886,27.377430405354332,58.55168304665162
579.6004346822701,329.60978151044884,26.684231953819204,59.22991512851638
581.490543231856,328.0860772227819,25.762047081209886,59.63987253197526
581.7305992153115,327.95515022005145,25.118864435587888,59.851769262045565
582.0024586603768,327.73373410798223,24.51140958354343,60.05702214048088
582.2670836743149,326.8589053418919,24.229779184573356,60.17774290508334
582.3642996162997,327.0112665950235,23.867195445134904,60.419620740616956
581.8602554834865,325.819540581247,23.946710102362964,60.95834620567001
581.9449853296163,325.4578167941291,23.94135868647053,61.44625911193716
581.9998216263955,323.81086592154384,24.15921600013867,62.30116549577947
580.7704735164689,323.6770128147935,24.71117393874195,63.473778935842645
580.0618007490515,322.0168775615935,25.037531314396993,64.77103918833646
579.116927350267,320.2825090927133,25.95129544595027,66.86669873351866
578.2007838168994,317.28941518608764,27.2190683525294,68.96267353407472
581.3146412611998,323.8024264272344,26.678304147522304,67.62454778029675
581.6079261702365,323.2190370917924,26.70724336265205,67.65233414161044
583.5481809161461,321.9305639930766,26.62601975950468,67.60063348845624
584.6979189970756,321.47982351371667,26.712880877919222,67.67658344131667
585.6011585338646,321.3198792049946,26.81445234145059,67.65218800114357
587.1678905943248,321.2567681861626,26.74637213166273,67.50709351048728
589.7072082416119,321.7293736055944,26.493710347830888,67.13500278881122
590.7960655510335,324.1167717757373,26.551942384261217,66.51914199540045
592.6178303202504,323.5272534919652,26.486812504030418,65.59328964692892
596.0707202166027,324.2009945999919,26.11426635390394,65.00404717696935
596.9132719244374,325.4782579216233,25.839105565187804,64.23402065577682
599.412651376594,325.9079018116817,25.62409910228065,63.656593227222515
600.3360779156019,326.14612098364705,25.545495535983726,63.29232224169033
603.1724589954015,325.7368216344225,25.471793434978288,63.068699870803485
604.4344110151887,326.1397687125417,25.49282652919273,62.97519279952602
606.2291501210108,325.9261092328354,25.36585747282221,62.89944474233698
608.9963470848023,325.719997743532,25.531887739575094,62.87505273070937
611.3359667429203,325.0015365587201,25.339907334471864,63.10003052025509
612.5848961505112,325.132913010558,25.24112688843071,63.34182473571991
615.4317269976281,325.1808126404151,25.362589705915717,63.326790246513454
617.6898301072758,324.69181984449085,25.348672304979672,63.47320235203391
620.2572148605934,325.58300683864013,25.37102254932097,63.4948444770166
622.6652080280687,325.3085913574305,25.07993855812031,63.50243093259999
624.8068132857039,325.3421739810377,25.245107559451494,63.50315203792451
627.675947805881,325.46330739564905,25.187365252495802,63.65648457393628
630.1347060197667,325.13793765899476,24.935894967302623,63.53532768494017
632.2787350316158,324.8792309314878,24.744913359619893,63.74423894268844
634.3536644605276,325.2915272562,24.89287554671816,63.76003935967021
637.3001767150748,325.3383494471119,24.629886438014406,63.822065143862126
639.9132067994701,324.5245731160853,24.49545529754412,63.840547981696545
641.5534908075289,324.31116884673247,24.36094441033294,63.672019606339745
644.2314695131676,325.34024530471953,24.237042663118086,63.564046744076535
647.0659713316436,325.4993946860026,24.372573938275238,63.67354339166667
649.4900567296801,325.40447381245775,24.17903571056162,63.470105109459524
651.9762112580165,324.9723371941418,23.7591253355294,63.17857085097427
654.931514755689,325.17910557226367,23.377723662450162,62.80081595508199
657.5860094524552,326.3444413634761,22.84542189098811,62.03423128671969
660.1076902051223,326.83480771800544,22.694241782138278,61.69067509133287
661.7313393472484,327.10015127883145,22.66277906917503,61.31593279389965
663.8279903268233,327.6030137639146,22.662226133462756,61.01183746240518
665.5372545279495,328.81838646261724,22.600341407968326,60.26848525347643
666.7054311907217,329.9679176689263,22.594890182033268,59.69287254788953
667.3773905750737,330.7850180497695,22.303049660399353,59.05063040436717
668.3274225232644,331.02909488969533,22.113129806986723,58.46752128017969
669.0657552823955,331.8871872659905,21.978261163724696,58.15415330005023
669.9912127209263,331.7827685768617,21.31388498295197,57.70008784627656
671.1263402497761,330.8408598024496,20.715794842244648,57.53545873982745
672.9773406366767,331.48021135669296,20.197342042076293,57.139507096184374
672.3338993811956,331.44762152485646,20.145921940733956,56.90479051962297
672.9085559361644,332.0003774462847,20.093212224350943,56.76525157715718
672.7536864847924,332.3146034418418,20.091442948383836,56.62639309190226
672.1638244964898,331.56191049143877,20.06802666619994,56.558613099153746
673.0604490625329,331.4407909415408,19.93345368157468,56.647669215551225
672.5544908860761,331.3463228870658,19.826473550113484,56.674038185829275
672.8925138378627,331.63361568039045,19.686423129938785,56.69433174957068
673.3702497667648,332.032003588983,19.647867165689163,56.79254494605739
672.8314052092769,331.59504816133216,19.635544683985245,56.68185191952316
673.9066231354055,331.7556517302263,19.486817816102977,56.7842898012661
673.6182188527163,331.03552140691767,19.50745877894246,56.776750765266215
673.6253432759653,330.82478673904154,19.399108980296013,56.9352501303153
673.6134650373153,330.66365315044965,19.282713480056735,56.941004245975655
673.5629733235261,330.33373669369115,19.214064949627538,56.91442053351618
673.9813600764953,330.6417747589802,19.065172913415573,56.82494047227394
674.1016349299857,330.39672643279897,18.98423014002849,56.80235707092553
674.6228564108418,330.1676700879693,18.94377082089462,56.88551553695201
674.9429216463176,329.83748663750356,19.01022909506025,57.03027269667258
675.4731431454271,330.0986374263734,19.12530794742703,57.0724089851439
673.9671233869739,329.46866101592224,19.317828421364858,57.24021397889773
674.5112561000234,328.527473057911,19.491647956203202,57.430970021873335
675.0439006605998,328.4125366988144,19.64426960165212,57.50494369221495
674.5460902973937,327.54995308226023,19.938336983337727,57.78656844485458
674.377498166364,327.5394889286375,19.947396245396895,57.97566386635778
675.8217253391142,326.597842769272,19.66395288622474,58.03839954446384
674.6421751405264,326.7656975803974,19.714749450392553,58.35460642611935
676.0629435131088,326.14569110871247,19.554441342922857,58.547774887067206
676.0466981087702,325.8635645691362,19.354617088123703,58.745344006258904
675.7318411588215,325.08571974549335,19.182420587630435,58.804955162333584
676.3821304541127,324.6146100998831,19.123419145485496,58.73768348675716
676.8767588538534,323.38506385436284,18.93190709698076,58.70901352662592
677.8292619342196,322.49137382140844,18.770431209685732,58.521479041753395
678.1743450521205,322.3745423544738,18.535663533454166,58.45153784964613
679.2621093322406,320.9328935593683,18.481793298409386,58.06852379434924
679.5439856697797,320.91538602647165,18.548091282511077,57.444206584751996
679.7701531519228,320.5387216592534,18.686988618029353,56.68258170590727
679.9129434295384,319.7959279856937,19.164805279595086,56.2697162942376
680.1590458711106,319.7144663485941,19.876412041958385,56.245398967850804
678.8264576884276,318.90984787908735,20.80901394443393,56.27161283557529
678.2788684154341,317.38166445449485,21.869448227725528,56.2454448947212
677.5993429293578,317.1090774699824,23.110533501636002,56.11968990866794
676.8446830133843,317.3898001640158,24.47256024276271,56.15294056552302
677.5040998270767,317.55742819473306,25.74721721596367,56.28362688690102
676.923990618167,317.0935558918419,27.091090418939622,56.31703860694122
678.7353533174582,317.35980314922733,27.856151885591363,56.03027163123282
678.2080336916626,316.6607980414688,28.85105297800294,55.40514952253117
678.1464017943449,316.8790739146805,29.80457800310709,54.815552121810924
678.3334468690329,317.1723278005838,30.511176330293637,54.07895890078559
678.2959242517968,317.160553293814,31.19686304425788,53.04185422780165
680.0262266846469,316.70748992123634,31.693274169768756,51.99561891241011
681.3938138281691,317.18504951292704,32.552338163974326,51.55755905520058
683.2967690446062,317.4157822579605,33.55634899574856,51.10718670478221
683.7775562864875,317.56417436767583,34.53749301784516,50.90453395507808
686.000575528915,316.9759787569995,35.70519354666235,50.94887561588377
688.2479880314784,316.7707126012735,36.972590831574394,50.94748165780463
690.3910227483309,316.61007442240117,38.012983189861664,50.828297810471085
693.1560956995075,316.3718885897672,38.71843299063337,50.59782133120778
695.5151425695391,316.71771145801085,39.603030900960974,50.61895940819709
699.9178125700324,317.2615114305129,39.670249493724214,50.53953817413048
703.4653008463225,316.247552034196,39.75799694016756,50.655759579068885
707.3137239846776,316.2075889810917,39.662896268926076,50.28443751633224
711.0749413169053,315.9643410966587,39.467610041970644,49.78600896879203
711.9075604235062,316.43197701713035,40.94380554458925,49.671904120036224
713.6882144809877,316.19314545880945,42.75603258587624,49.804047217146774
717.7036916214435,315.8808099297718,43.155620297152254,49.650153822097096
722.5783791899082,316.0721437496984,43.067149090886616,49.479156104118815
726.8935124535185,316.1117566917071,42.77242333515049,49.34185526892953
732.8004686096311,315.15941872276846,41.89329495847201,49.16425581618182
736.2249116529704,315.2962213336938,41.300146176481014,49.502650106049906
741.5236520491128,314.0363596395194,40.469144876383794,49.52000838209399
747.6569424692877,315.15668486759057,39.036655222557414,49.58964540153764
750.9364652490474,314.36705661299396,37.57245829585057,49.488359918543296
756.4288126022717,313.26131560071553,36.30924491264409,49.97234865696734
760.1874433161644,312.8950208078551,35.06282699071804,50.210568735852306
764.7163299263278,312.53919544413066,33.70776678308652,50.18398398966839
767.5052316163265,312.5039719329359,33.0130200437142,50.283483746432864
770.3122984807142,311.02914034442546,32.381094566892074,50.542564648063134
773.6258154973491,310.07645856066733,31.74966600237222,50.84703710229819
776.1805369945449,309.8563772976528,31.115717392746078,50.8009935736397
780.3137886102259,308.97265083905984,30.301774586188856,50.956614825786595
782.525410181416,309.6725427493129,29.735358226035366,51.080741527741324
785.1816732470882,308.59311548306465,28.838222109339362,51.5726191315269
786.2788959461649,308.78702427610887,28.349663552006092,51.444017854032296
788.9280276460296,308.4461320028073,27.626412359307942,51.80371988110418
792.0411012923836,308.0685940290177,26.067180960154694,52.23064031110526
795.0048400702789,307.71404361975334,24.539788853582955,52.86071586107925
796.5432980800078,307.35100665538073,23.45185598842187,53.60616845193388
796.2745389677818,306.7392383938399,22.84018903220982,54.401726459390474
798.0669082616282,307.18668896828035,22.04893799334511,55.266560417931515
797.6788873464493,306.82839866256666,21.608808559054445,55.732500160218294
798.2236080174932,306.52409916934425,21.370471953294842,56.25708425408495
797.6085474118661,305.90096885522047,21.23439748583819,56.622775424324715
797.0057432304426,306.0773984358413,21.145404408255516,56.68291064784869
795.5008651471042,306.36403835922863,21.04300847532298,56.68862555205058
794.4739456577125,305.7295512108081,21.342941204106097,56.63411352076664
792.7345890522427,305.8300536317797,21.800292110358434,56.57274185753428
790.8398481232452,305.67124013230966,22.292349651946928,56.56920186428688
789.2103612965816,305.5387664601434,22.528023134375825,56.538174477174195
786.9350666424308,305.1967261138358,22.33396827763844,56.512980877797226
784.9471868177048,305.02154593045765,22.246968527676163,56.605559262131585
783.4337307201758,304.72158564659924,21.95578074714837,56.662892549574956
781.0077180928324,304.1143170534175,21.64023398035076,56.687930834571304
778.3148172964359,303.70078393213925,21.58192851747978,56.682447028299656
774.5517909561826,302.78570263715585,21.708673947009927,56.72368444736796
772.0087825336288,302.4312959934377,21.7433602257111,56.80209612347617
768.2927791506429,302.401075293841,21.990232103987672,57.00041594063825
764.8227156346086,302.33261638496896,22.157608281564187,57.1257065611168
762.951615347668,302.10745678705507,22.12763783493744,56.975256713975746
757.0955227848863,301.7146168619334,22.659753990774313,56.93822843433634
756.016291755672,301.3879610351213,22.545327865609217,56.99717973639809
754.6461631569821,300.87190928394557,21.515733378418695,56.63945169578077
750.2738192036026,300.21788282461625,21.34478712990431,56.30543002947846
748.652022032066,300.7673343444666,20.615847293289715,55.729155773957416
746.660769113345,300.72315345620416,20.25625107995054,55.35174301434954
742.2538974227487,301.4731559341422,20.720095169151023,55.34496315612965
739.899859184807,300.79324731507546,21.35952235304207,55.431739622778814
735.42018652823,300.2755624963067,22.146580678891464,55.48339038824595
734.1143174444192,300.60233563098984,22.731738035966316,55.59525549583286
731.4385800238236,300.52878816511924,22.892554307821396,55.84566768831617
729.0334806332772,300.6299124769224,23.11953165336734,55.890275754163
727.1933987783791,300.3736891349812,23.546033253788686,56.02621181792823
725.2568081875129,300.7129490573886,23.727884479466407,56.123128374480686
722.8288828894641,299.8070869187858,24.07583102282957,56.3394699612566
720.9665554417271,300.3668005133252,24.31164009310821,56.264583177451215
719.4660047861358,300.8492470162432,24.339047556634547,56.30094139231821
717.3079284271319,300.372790842525,24.171496661361335,56.533486308114135
716.7811522323467,299.9604958950633,23.971844705228463,56.36094485538126
715.9173147864643,300.3663186152879,23.32923456281354,56.19878977137729
714.429970187864,301.64008211290843,22.40692058618608,56.1414513747691
713.7521454211529,300.28912965979805,21.810635305155127,56.03708186692734
711.6199954070588,301.33388911606335,21.35195864877307,55.837180874318605
710.485419252375,301.073661116933,21.133684200328155,55.877381745626124
708.1554445779298,301.51776904946774,21.01680859804666,55.88572654950205
705.8216010510793,303.5041631303112,21.01703044178669,56.129323275510345
703.32149340734,303.1918898673216,21.57048364430441,56.175226002661496
700.8633489032158,303.8630176635443,22.42802631466223,56.258522778380076
698.9296881749642,304.075334118796,22.741026482102754,56.306332494829874
696.8287364743953,304.38156164679737,22.742749829529565,56.39840624742092
694.9110515624212,305.19989318525717,22.90741958023562,56.276483160735694
692.7773963103797,305.63774119788013,23.275071881193764,56.36283852709125
691.0492625587087,306.4853969044019,23.84983914039496,56.38983241189928
689.498558650413,307.95701062586346,24.116179207963164,56.35749364085119
686.4753157591756,309.0846743018345,24.0505586671957,56.55361282211224
685.7257101945277,309.9228137054178,23.892970480085232,56.37449588018003
684.9936277139971,310.4565176112406,23.77405133470113,56.14464300017502
684.3751603535569,312.62346245795266,23.38029452726119,56.05184217393841
683.4157800739005,312.8056081948017,22.56614493032399,55.71507755570906
682.5977252346802,314.36655603966034,21.84582455505361,54.97484995681218
678.8503266442095,314.9445579475797,21.772674348299656,54.48152009116873
678.681526824387,316.22203155132684,21.707594544585472,54.08613404090103
675.8372821147306,318.74536109079287,21.664058817413995,54.0487370469299
673.5113818027473,319.22430963093797,21.901659612278827,54.10402356038966
671.341214325292,319.9630919898607,22.242177672658322,54.16092844703644
669.0232392111251,320.66189854463175,22.602310029898227,54.147348540619284
667.3491060161673,321.9206212801939,22.972732181532553,54.230015984533985
665.6361802542255,322.6755507130534,22.919488246431857,54.376117201822936
662.6830230429757,324.4952660792357,22.8724182695172,54.59363532199738
661.3284135462065,324.5814197971577,23.206118464227476,54.86026221232526
659.724963385353,324.6656172079444,23.197061144333112,55.025882283329906
657.1208083985182,325.2980058445645,23.09158937972137,55.228680083331994
655.6611539374317,326.4264713922172,23.17137498646475,55.09902254759682
653.5490681839772,326.93986426566386,22.964958724819187,55.23149278214888
651.7567571242054,326.3965480870328,22.893086703737605,55.24337233179375
650.1475443418939,325.85324514901765,22.877213562305954,55.25914690899597
648.6802879706274,326.6839358735481,22.877629014799815,55.081087603489806
646.7470827380121,326.4953154878698,22.76105302983516,55.20971692465109
645.1868543804401,326.72904613739934,22.888681375838505,55.33315223203731
643.7630175082652,327.243269664463,23.194866472727476,55.29324582732396
642.3569166850016,327.4684677164183,23.34939905187181,55.395355216577514
640.6770161984117,327.9813935219004,23.412538648098515,55.347591984519596
638.9155575881653,327.7619176399845,23.856125424255445,55.5303029036247
637.3596225825928,328.619387338541,24.26702192465824,55.43979893131639
636.3275299835327,329.5081584192948,24.515472259497145,55.23481231180105
634.6842858438469,329.7491168947448,24.15687997246244,55.11314011187761
633.4307453823249,329.73142028584033,24.52205415722518,54.922764286717786
631.6490235661744,330.68319581239103,24.593813829565224,54.70865109982731
630.7357316127911,330.54292473284653,24.89061258008167,54.579952536260095
629.9087567766255,331.3112556645788,24.87477770651462,54.26419216205334
628.7154697157627,332.0729338357174,24.917952780388752,54.15535608344807
627.525751426673,332.29211538736047,24.995234817552593,54.18501055828685
626.6080050238462,332.9808711362338,24.940072105628012,54.24293912401676
625.5766506689835,333.08541576448664,24.970264335861188,54.2310544573548
624.6614996661713,333.32298095170074,24.88609185418093,54.22067628019225
623.8547869842974,334.23326928826896,24.807103887850428,54.26258740002453
622.7518226351209,334.3902611375518,24.9008957453831,54.33994586454483
621.9163209088517,334.83682831158285,24.953170560226326,54.328220207888975
621.2516778918174,334.84275465792604,24.910187917537066,54.2174753032886
621.9495474117778,336.4093756548077,24.577193018241342,54.39262869526738
620.9895456466628,335.89306897921114,24.13087879944791,54.40175877009337
620.2282159472644,336.3056745674922,24.078388662111728,54.31868931716407
620.7572891358022,337.30320114469305,23.76648862292672,54.204632866863875
619.716392017044,336.4819514358348,23.549836205169793,54.21874483340858
618.491569971339,336.6304062292026,23.715285350290632,54.11250907479795
616.7862985709806,337.08303288210624,24.168629054327795,54.22204153559226
614.7412642436846,337.78577534446424,24.73968525774804,54.37058798294651
612.4908607461117,337.9964308326256,25.447264103479753,54.70789822244413
611.3459392177533,336.8126498940105,25.865280988321427,55.16484608600242
609.604115890364,337.13084963453724,26.53159060696715,55.52861445162863
609.0423990519337,337.77845781887225,26.943613761366983,55.70748865913052
607.0776931462868,336.36676750561054,27.482400572660666,56.15152053077115
606.0764483001386,337.3228747653541,27.804699224918018,56.25500730522931
605.3872571813197,336.6998425063846,28.264975383454278,56.696796310473076
604.2640864841741,336.3560035703605,28.353434087316028,56.72367706338056
603.5133534181631,337.223508302542,28.34200654257998,56.609547725970685
603.2215324096575,335.56723034889455,28.319645751974022,56.579665889124925
602.5202872064896,336.5333694111811,28.141768116317703,56.613253853419046
601.8710803089604,334.7430031864695,28.09353274145433,57.26207101963914
601.6513292137458,334.8529504941042,27.911925923094273,57.72039906061967
600.6282447934224,333.72632427966374,27.88349454401453,58.06149633813347
601.0038460937452,333.01050237708023,27.7866956298924,58.363455695058335
601.3034278118791,332.30839829797924,27.482057340108913,58.38440884837741
599.724363824941,332.65645295090985,27.508517223164922,58.170507794469366
600.8366917584534,332.77870571491314,26.86189480340559,58.12119269615033
599.9758385777805,333.02449803364635,26.757963347368673,58.03279104208228
599.8782329726388,332.59523985287785,26.510471310581753,58.103984405572476
598.7442872794526,331.6348432414892,26.700268214532436,58.310788370537196
597.1989785671724,331.6318320093624,27.109946918389515,58.57396720686109
595.4803879163808,330.77547507525867,27.787850876222834,59.01711930749052
595.3460861695747,330.3913448913418,28.00787038545985,59.920542028839755
593.2968101354556,328.2320884664743,28.557167082604447,61.18955536685612
591.3001829387574,325.0991111525851,29.139700650805395,63.49141392529851
589.2641580765246,325.56441767213477,30.14845691823993,64.26290354733202
590.5390881660203,328.1618151232922,29.613687681631355,63.0418482690406
589.9710915215043,326.5134474225373,29.554139588827354,62.688025198870776
589.6619656350726,325.35251460392647,29.382077640987553,62.589038174959605
588.7977875835973,322.99745326495696,29.294073270305525,62.21787728356264
589.3175431478008,320.9789353059307,29.110900642874967,62.34260546235733
588.1858443243635,318.5101775527123,29.130462840530658,62.192184567426956
588.181260814725,315.9080473076831,28.970806617620298,62.3437717176416
587.2555454362383,312.63872418797763,28.983888985921755,62.32457188771663
587.0559233462634,310.3717929588799,28.956329577004343,62.33366933126363
586.0650259539187,307.26208095092966,29.07504147595158,62.36617318114849
585.5208515406782,304.7292275496139,29.094435834659116,62.48020456874103
585.4585225964316,301.316944427697,29.057274265144653,62.64174591023092
584.861115384872,297.8368584225715,29.08500494802924,62.67020100153674
585.1029112847754,295.31081566425263,28.88370074587889,62.8464778023541
583.624016234527,291.8040271935149,29.080702882508564,62.804375422540446
583.9169466979672,289.10976040840603,28.904693029846747,62.85996221541451
583.2747141070189,285.4471983920933,28.9958903894779,63.0645875908134
583.2197981124749,283.0792730254678,28.81730074770635,63.228767791837896
581.9598698795872,279.5104624616983,29.073637926372463,63.27874243500183
581.3452308238126,276.0153754433741,29.080091941242017,63.28763900582985
581.6662528118192,273.18213248163096,28.885222037494405,63.084190847284944
579.9422956743839,270.0600607520163,29.08525728404466,63.03622004870179
580.1403376661037,266.82242246683575,28.785639365058074,63.18630130656294
579.9275992128381,263.4837992238195,28.682399230573743,63.47888897911881
579.032887361444,259.8312847198822,28.767675594494925,63.70066603386839
579.5015830985451,256.81688277449354,28.51342010662068,63.61240449495822
578.6149773684556,254.13810394863006,28.661402684963868,63.68569090645082
578.7546234184481,251.19532221046296,28.471740711931975,63.729152332003736
578.0884146995899,247.6417547063669,28.534672676015617,63.60272105601621
577.3392200214055,245.2848287259446,28.55350880972808,63.70298659107952
576.8348950257121,241.88820874095427,28.529688097990054,63.56690527199769
575.9381959295685,240.055479701805,28.67228367797243,63.751650459671204
576.6050760316161,237.13640501248014,28.40854605688502,63.355699496524075
575.6471064057149,234.56655297059913,28.462317950288867,63.32079725704391
575.4177461051769,232.79637379618458,28.40754978183371,63.06980428751367
575.1252621706171,231.34024410677054,28.320718944898623,62.81501044368548
575.0646076769134,229.64818443120637,28.218746071954484,62.70724747059506
574.7245317115304,227.7850763931053,28.174624321079854,62.535712692305005
574.8807437445954,227.10645512308244,28.082018370184286,62.60676138469448
574.6587680981513,226.53667589986426,27.994536557603514,62.5958223946074
574.4667693100926,225.64303049537693,27.760568435479044,62.66857462936332
574.9016945839146,224.870504591065,27.664353752092637,62.561282687987166
574.4757896645004,223.8351191116455,27.532582047952303,62.15469768979493
574.1641532912809,223.00501884083727,27.43933257759458,61.61751053609889
574.16510003352,224.85564321796443,27.321289190772333,60.86512957969614
573.2820009805346,222.16531401091677,27.449379996938706,60.25132693422115
573.0962509394482,224.12219378743853,27.419192457041085,59.62666039875576
572.633703215263,223.24527060278197,27.964908632950433,59.650068535647
571.6839836181798,222.8118522936888,28.419950854460787,59.653288210474
572.5009513732668,220.3996317609383,28.888615441942882,59.713401273045314
572.4623146168475,220.8190661004806,29.68244168915649,59.446843995327896
572.6544690557555,220.81863892682043,30.247870360168683,59.172979104366945
573.6182837698753,220.91700911367087,30.70731063407738,59.03875398945513
575.1910681286365,219.83292605540336,31.07336911382063,58.99311395364638
577.2977016735286,218.9042499594416,31.615701999622374,58.45985640435903
579.0198885400766,218.7807726071527,32.627871235276466,57.77651325737432
583.7877966919631,219.70783134557607,33.880537597519236,56.58549697681662
585.8693952037389,220.5377416916733,35.34565173119409,54.39860719282528
591.2926218615205,221.347577388409,36.266471364849544,53.13393152689291
596.0635784681118,220.3371546510044,37.32456425518263,52.01641030248338
603.5579209945705,218.52978837582467,37.31627165831991,52.94524502569442
612.0099330447969,216.62393960051563,36.28903283618741,54.483596629046886
622.5509513302384,213.65931835326796,33.45978862370286,56.2888614624094
634.4030558551084,211.99669876268027,30.48864231810359,57.66183013577229
645.9051858929326,212.9171350085908,28.088676065697115,57.72595642324806
654.5989051912832,208.07777703716823,26.707020550050792,59.85143445105419
664.2879533629203,208.7785894227782,26.302663830799943,60.85592235073267
673.1457355615463,208.56608532583866,25.884111762649546,60.76541235613519
681.984849672914,211.69804692103554,25.399227656125134,59.58086538644453
690.8585565937569,212.81185472118509,25.150898287095586,59.30747341895794
698.5331013171502,214.45700293719318,24.518849855933876,59.41665208459803
701.5163086582569,206.4164749293981,25.055425896376857,59.52663876425065
709.5688369631488,203.83957603390567,24.364920067843034,57.63237136968866
712.3183012010659,201.79252358440812,24.177377700407277,55.811833934699365
714.6407383357226,204.25132915237893,23.70707923675776,55.57050758879685
719.5212852274577,218.8992402625055,22.292817728678365,53.319225773817124
722.1060478557008,218.7552134198265,20.938340689965628,51.70087687128449
723.6972074173218,218.51121120108678,20.03151900324708,50.944832236498286
726.0079162874025,219.0296835847399,19.125097600976247,50.3203172787624
726.0562426855826,217.6650974142,18.86648801750681,49.566335322967184
727.5414092756613,217.33834230345838,18.70276494477105,48.664334069841054
728.0551755005182,216.52376805371895,18.83836420892461,47.82357290135117
729.7758692651717,216.76568355860678,18.70166417961771,47.2986957489974
729.1030904709921,215.1872571240943,19.233363735750096,46.9271672703661
732.0242986634407,215.1718563164171,19.139421471946658,46.33039015036895
731.8364781336438,214.37424235843176,19.502168854782745,45.8577164550115
732.5979173077664,213.33988563355425,19.55660679071734,45.637443698711806
734.3331949059019,211.99779884044682,19.30853999776658,45.73307816139152
736.4568762539627,211.58527489957825,18.804753351449662,45.804387639808326
736.4076850632151,210.60295968303134,18.536436514194676,45.67715253335138
738.669793298789,208.71189384149469,17.74307026277337,45.667421728631744
738.7561589288839,207.1060605662906,17.375537672017355,45.38435256126644
741.1264184993394,206.5683177776783,16.71178549887984,45.364562259584815
741.6719315377954,205.54565816090383,16.479188377045784,45.64885701803609
743.3195272016218,204.69273703407003,16.195303812088373,46.12487902023883
744.0584852241299,204.0897817307067,16.133792491193304,46.52742964161396
745.0954768631788,203.37394792238914,16.030458932333815,46.95871578852251
745.833335631537,202.63896495008674,15.979660524035276,47.37857186984607
747.0381379739616,201.11392557488023,15.845263358717432,47.56382060316925
748.216629857357,201.39561084350967,15.770536672004617,48.09896843749236
748.4081420642359,200.7849577539435,15.801139882758672,48.45309474601924
749.3417448579437,198.66681236114587,15.625615203546278,48.83899795837232
749.6250115811553,198.1822768181223,15.514251434857423,48.673379713364795
750.3903895435465,198.0841066944932,15.460363185856384,48.658690907888655
750.77168346304,197.6352887937778,15.404760820502089,48.664770923186616
751.691856366057,197.7243111416497,15.375877416811706,48.599656525294314
752.4636715519568,197.0031746857815,15.3337729239184,48.593816949237784
752.8374587903381,196.75243713307688,15.204194662976125,48.6451882948814
753.1720484556341,196.3830096270861,15.2091333743763,48.71970614865984
752.702258157366,195.7157794796374,15.371271038783584,48.75336230537364
752.4141493827202,195.28614439000705,15.542917054872085,48.80784580250544
751.0974524030174,195.37536580532685,16.21815824328164,48.85735402167054
749.0688977695237,195.10356984493012,17.319479851577704,48.730047504963956
748.0479425859199,194.22985776112154,18.34724532132408,48.911874138401465
746.67997305734,193.70572011097997,19.06601824078876,48.97629323751273
745.1258154529033,192.38003515082156,19.845674392044877,48.90502216661862
743.429438324579,192.6638019666088,20.917643126232523,48.886072519419166
743.311067018908,191.65847231280685,20.917676142848105,49.06146571374175
742.8229428884875,190.43150514843336,20.755344081423292,49.9194832944419
740.9896480447567,188.28775867499942,20.689130424158563,50.63791496201286
739.5951142871738,186.3988756816479,20.652026064324115,52.63328653953623
738.2228806559275,183.97650145648865,20.70710123697321,54.98307039024535
736.518675537171,180.95855594459465,20.28685241686897,56.74167869918958
735.1273118083947,179.73374176757127,19.410812174226276,56.892845139173836
734.654886789714,181.3446356793233,18.517191752603026,55.31093463500578
732.8403998424958,181.21637460829132,17.604356565008445,52.31068187472594
729.9569704108163,181.94784087291313,17.02014120961742,50.197435014427626
728.3970761074822,180.31510035566106,16.347022101441787,47.97640481846301
726.1917293735372,179.62703955809843,15.911150322749755,45.626414047865616
723.6500436229331,178.51632712133775,15.597785678938495,43.771453423340134
721.1057858048674,177.08316280133172,15.59155186438635,42.28943916784438
718.5532770229422,173.23568521162252,16.06806753614693,42.75353649814165
714.8368012696515,171.86288907110634,16.695072692630568,43.16598363757245
711.8076979527171,175.5305846927626,16.989218352378188,42.75731205978731
708.320490390974,175.5010366308165,17.413309989536486,42.735460307702944
703.7620650285078,176.902690194987,17.90448932775001,43.79515977115881
700.3164634212384,174.81925121143746,18.523887732718578,44.77980964987897
696.0616781398084,173.03709475304947,19.719569745774002,44.70855585522915
692.9072353173008,173.8030065646578,20.317319526531335,44.91685979548908
688.3333758757663,172.47138398765097,20.95076381243223,45.23629391434649
685.8135513382111,173.4972392428591,21.12684172055034,46.85070584045367
680.6270643295433,172.58536964396546,22.103377139253283,47.56516159097531
677.6301679004331,170.57610756401232,22.85841572501263,46.9717930506863
670.9831615896268,171.45571914364075,23.87407751654725,48.23423737189821
668.0333924945323,172.3155142516748,24.443766463572054,50.50608697516603
664.1020654763533,169.42988003906993,24.677605802664328,50.77541753416486
661.7197551176364,169.92552111081915,24.812038531817088,51.06579737797106
654.8772030289335,170.9503719104941,25.145275033441465,52.94256367412898
652.6290477853673,168.68113705719105,25.055022410222445,53.79570012878198
647.9486783877431,170.1984774081768,25.46027109316605,55.10449476860733
645.0055633841007,167.74813956981487,25.649327028185354,55.57951126564372
642.481929570155,169.3329691815728,26.02267497834248,56.5977335118544
639.9776875930891,167.45293091643998,25.745193966653808,57.00965025208096
636.0233714721679,169.3045793566304,25.346865148925854,57.59295920666109
633.8227362518585,169.01662496701715,25.45417501825567,58.040800969286025
631.3338198451905,170.03941055230254,26.030991596240053,58.54167755262149
629.9713539176829,170.96185091812276,26.157168568442806,59.10145990691851
628.0951172424685,171.0350948104221,26.686985668871515,59.740692947515164
627.6064050544685,170.80698997399725,26.729977061473278,59.61047683911491
626.2483574045359,172.07164767510278,27.227459690439815,59.67813104139597
624.6523795175219,173.15710472917243,27.54983233458516,60.25538587856922
623.9255780982535,173.83710763372693,27.39572338112987,60.42664532824929
622.3053951907501,173.92230199101914,27.14666353695685,60.28356984608675
622.1646427769189,174.56490024715245,26.80496890172878,59.801184002765424
622.2042212798698,176.0222649836071,26.63038342903002,59.45731634626237
622.518753472943,176.62801063771715,26.39641486807878,59.284429774370366
622.0400479674145,177.81002811262644,26.463551831284345,59.1302031741612
622.7489701075732,178.41900459300456,26.46308120819348,59.13038986184246
622.3884483456518,179.20062617766655,26.27444150449726,59.0255970099013
622.0601290143103,179.34026662709266,26.10335189569592,58.78151813741627
623.1598598056497,178.8839323317256,25.49155205618114,58.485049765259745
624.1161919565898,179.0038217232269,24.8622434671916,58.49980284260871
624.2417880555088,179.76907022920415,24.364804931462885,58.814810591396366
624.3550174902996,179.9921287509688,23.837427482779635,59.339884954117096
624.4052656850458,181.35193872360978,23.486122377466916,59.64490795317109
623.3356299325054,181.8553575927292,23.405316367899413,60.35968886727595
622.4065701089833,182.2953218672635,23.205391581349886,60.923882632660494
619.5549759675299,182.52599915039963,22.929347076170572,61.97291930173982
617.6811065205156,181.4444667249295,22.841514681136786,63.09638759506289
615.373561401636,182.13754035789339,22.88287445014581,63.79474350296325
612.9051852760072,182.59619793637674,23.079483879138028,64.35394506962933
610.1322888289352,183.18570954012543,23.48022672445378,64.22208677912413
607.3562140034305,183.7411465196474,23.51791104343192,64.11637029078331
605.7834798614275,183.07499042631053,23.49046672978168,64.09969871280865
603.3847828125408,183.76096557945857,23.422428088297174,64.04066039381726
600.4168378268553,184.06795373902216,23.543391912207376,64.13621776609631
599.4603892105786,183.53411351059827,23.533300253159307,64.35901907255344
597.5314179187533,184.15422258474155,23.432182167864426,64.13782863422784
594.9294577686435,184.2053435171987,23.427148610662144,63.84277671071975
593.4922624626553,183.622841665494,23.403910438459054,64.04775844147294
591.4433540122178,185.80056025917258,23.252001997537086,63.91264290938922
589.0055217194008,184.0485201223911,23.428707232585136,64.31061356381159
587.7266534835809,184.78781352146717,23.48189658508421,64.40015725882344
586.4039359989912,185.9397833981606,23.407635509341873,63.955638281803786
583.5482888606414,187.85093701766883,23.429003638580458,62.937164050599826
581.1098821224933,191.44617060688435,23.42364548401729,61.16057626670005
579.6514027911469,188.53415444231578,23.744519551983608,61.22400373743873
577.196520122391,190.5820349451296,24.125613624846796,60.44922661852984
575.6414813939358,189.72319877448254,24.239917766327675,60.87586807603491
574.4319605565345,191.07709463369014,24.244515471403652,60.54388507344001
572.1898076374122,191.25089217118256,24.30920461042967,60.538895589275505
570.8249637486377,190.76870686635172,24.477964043251966,60.28419576436687
569.9405049954318,192.50382682694055,24.188425128765353,59.696981966236095
568.9625254395622,195.35040450925652,23.726827477809234,58.57201812992447
567.0572290663619,196.00680106830285,23.656804989834804,57.34999954796459
566.6686770399931,196.57772227730487,23.326914413666145,56.00928933210901
564.5143361001456,198.59657198632183,23.234274882228487,55.20288263868444
563.0318295388184,199.76400459644321,23.629433268554518,54.608556969222946
561.9529003109507,199.7660146402689,23.71527023991511,54.04328810227468
559.2206995968105,200.67974925743727,23.909316443586054,53.19354103590672
558.931853605086,202.8651977183535,23.843392704378804,52.6378906961055
557.8147065337961,205.17651569834845,23.987370074497782,52.24296164529527
557.3358821361427,204.6969858309382,24.090572458671684,52.07694508617051
555.4998676759435,206.97799025069008,24.33537054410899,52.010282316002616
554.7095541962323,206.7689541083887,24.544919012320584,51.75579295509758
554.3444297590189,208.0085181132647,24.680349771513022,51.825111600619046
553.5863757122669,208.1152616910491,24.853913309352976,51.73869964036274
552.9354526266098,209.70639175892074,25.036206868362278,51.768628225322544
552.5431317174275,210.31271572571745,25.200868828328513,51.835231390362
551.9487792582198,210.4621202135887,25.387345963540742,52.05960051520543
551.8852297750952,211.95672747575628,25.350275618266465,51.985806523096784
551.9596372307985,211.75347617133795,25.2929218885005,51.970968189550675
552.7788871060629,212.33314713180005,25.113986346956175,52.23963530182961
553.7379159144438,213.05482738235636,24.952154316132052,52.12465920013104
553.5134916643663,213.14408196487696,25.026933602419895,52.48252698821482
553.7200263824119,214.01069692505072,25.49225161750039,52.58296100829698
553.66786954588,214.31830099712482,25.672889753455024,52.554270198133196
554.9377878052916,215.08108436676451,25.48370020728803,52.80252242858034
556.5260615945281,215.58095310399216,25.091149210846226,52.6846971855704
556.7843998779425,216.34724950812924,24.952783801243797,52.46887683823371
558.3802148020268,216.9899998744241,24.581588523387726,52.50706079802682
558.7164407409485,217.89569206416104,24.623400561559897,52.48695144296701
558.8539438763308,218.56436351834986,24.668813602318725,52.516200941815896
559.6399439050889,220.20442381530117,24.77598224597458,52.769466578382016
560.7707105322177,221.12932192747843,24.97172438234206,52.96993280519938
561.5765252494184,222.16727126111027,25.348742408878117,53.14884065649038
563.02409728396,222.62547728924235,25.740600903271243,53.3679724234684
564.4151880183165,223.28922517791688,25.829223267566153,53.300867881470914
565.5257899740826,224.20492313412913,25.7119469683387,53.39841178838237
566.9719030805004,225.60990813552706,25.40886260120623,53.57939332367244
569.9845619785477,225.95396630285435,25.702773931088235,53.657634410892854
570.4623170128649,226.17772269429798,25.80208869155541,53.62003373738058
573.1587212638774,227.35370737722212,25.619531044022516,53.518644205516686
575.3583521577077,228.09526743176116,25.55519967628377,53.6179825925324
575.8649337517245,230.14564699387984,25.62138219137527,54.27308284329504
578.5307177421024,230.47568452062444,25.6888162858146,54.57513547535266
579.79925644511,231.61094649077435,25.6552331424948,54.61058077333412
580.7518785565364,233.72016503950812,25.40117300167318,54.81613964754625
582.222439255624,233.85307887528435,25.39584261912314,54.44832222990006
583.8436985044996,235.44430175419487,25.247409814731334,54.217445075594625
585.6900963404375,237.87780375185758,24.973513678988216,54.082588297066096
586.3307298694458,240.0440507221598,25.123032753784074,53.88623327247726
588.2289208279157,242.07046384663556,24.943273761649138,53.603365519619494
589.3228312038666,242.81961401422768,24.774892707012786,53.10283740123214
590.7561495911935,245.10231027342465,24.53787934544486,52.8656156592054
591.6030743446458,246.5110204661601,24.374318534829325,52.58966866240638
592.4574137078498,249.58024486341708,24.335500648265317,52.36281044406431
592.8276523372186,250.9108764302974,24.335303540894735,52.010553047608305
593.8572285295497,254.23899006431543,24.256085848615356,51.49438620437694
595.230721726316,256.97789283047183,24.366155119145375,51.28812608222037
596.3571482070013,260.0836086953554,24.497594760313874,51.03451905948451
594.2909766822798,263.5229273948314,24.458276432803633,50.67915131385281
596.2548949235195,268.7318060770925,24.591230965949322,50.00094167882287
595.5245547151734,273.44661825248335,24.602021245922753,49.82726825577552
596.9657959871874,278.8425638071385,24.672572149160246,49.57193720505893
597.9009307517364,283.29498058955113,24.94419409955449,49.27768408456958
597.4041413239314,289.4267035716559,24.978819097742548,49.717271567625744
598.4193442441432,294.6589487204665,25.379535083491067,49.537266133285655
597.3552623595968,300.38921127880167,25.680779296919482,49.681996143568576
596.8784282321212,306.0470339034612,25.94137809386293,49.6071498444447
597.7563807772303,311.3349144399653,26.39189390208222,49.35199118842872
598.1161354872476,317.6888697481645,26.676061850211866,49.27701514234286
596.9005325418179,324.0836208544389,26.85482633482124,49.37377391612216
597.3504902479667,329.9043130008186,27.403214145179884,49.06127756281588
596.4991120917557,337.1169291035399,27.336378172445663,49.13184919038113
595.7482130485753,342.7929985877261,27.32506895900179,49.13281385970404
595.4888584690775,350.1217890862628,27.38891361604428,48.93037202278689
594.8211732726136,354.9616466292994,27.482065991393924,49.04104695136205
593.608370166617,362.73976046711743,27.560336387957435,48.950120789397964
594.6986908135417,368.67029334680154,27.981913722037767,49.0791368171391
593.0064571818248,374.51958443681065,27.658022220823007,49.33883710782406
592.6803793102055,379.95000182213676,27.775799912303974,49.15778138990622
592.0484748504273,385.33809872799344,27.81538092658674,49.09833867682566
591.8970376290985,390.68126671580944,27.83019994932262,49.13456739845928
590.741676065858,394.54632606101654,27.933540873655105,48.96267624710759
589.1943628024018,398.7709281912481,27.621001873223864,48.786940004222565
588.2914622193899,402.5742434242673,27.947768615419264,48.74726510459038
587.0807582144316,405.9332925850855,28.16089415463295,48.44707449779776
586.1952665395518,408.3481637560032,28.397972475095607,48.064094240923296
585.3147564728248,410.8207514851231,28.552013238432547,48.02060640475384
583.4118793889998,413.03836264685407,28.753259959793553,48.00283403246377
583.1887538823777,414.68529173688415,29.272707384170523,48.08887392369265
580.7258200740173,416.5308224140554,29.588742237219435,47.926270210951614
579.2278295836653,418.7036910177795,29.979010327298237,47.85352799862078
577.2321910039534,421.7340421281904,30.29421631972982,47.625909884244166
575.9675792112904,423.5743658850887,30.77432186306365,47.57529777083821
574.4318439694761,426.08234451878565,31.03817515919237,47.88793852590531
571.6167382337205,426.52541589191935,31.804632358242536,47.74869824545819
568.8606260382612,428.8022113567088,32.497291929825145,48.19593129048865
566.5753219852796,430.0300813061449,32.65611109535872,49.03074925294461
565.0265658112,429.87052638542065,32.61849160758048,49.719991540682116
564.3778026159382,429.7204185074106,32.24946831548692,50.32275856623344
562.1083220305512,429.6497181227732,31.856819378838978,50.210817660703626
561.1060309592968,430.6224974270807,31.393918000839854,50.4981081731823
561.3301715533651,431.48736814523113,30.709613863484726,51.18348209332686
561.3981545650587,431.0876646012985,29.715829236581786,51.67656899076232
560.9558385640742,431.58108855813157,28.855466121363406,51.871712654244654
560.9907033003612,432.1998751550309,27.973633377304928,52.06289617431324
560.7921977039696,432.1752016677486,27.186760903096065,51.82102915962004
560.2942894493367,432.8312671962476,26.34264210962744,51.390627228598554
560.8665505454503,433.3272576926465,25.45329264689238,50.95569884810534
559.4281206970867,434.29451751405804,24.735364745963373,49.959671026571456
560.6994801783376,436.1251134381568,24.027164216078848,49.841096976225415
560.1501641007983,435.2491645245369,23.459338241274445,49.35686504272307
561.2828289533618,437.0347754353678,22.933800406264805,49.584746004264396
559.8736003861217,435.7364000141535,22.879790499729268,49.336693990247696
560.9182332509577,436.05029473938333,22.64777879837758,50.14223889037396
562.003022514705,435.8185559212463,22.53648884510166,51.433856785437115
562.7769724238523,434.9356561121779,22.453081824658646,53.31994143775357
564.3611920467462,431.6104167650666,22.279454590589623,55.41924215346063
565.3437430652134,428.3369987137316,22.48921827631145,58.231596444607135
565.9029457814862,422.9969147461301,23.619180153336202,61.79988693840396
567.2890123808605,428.13342728408423,24.069336993650065,62.42011137421437
569.1087419354826,428.43682974254546,24.347358353155833,62.65499652076841
570.9701517128722,430.43269851766416,24.604961772009595,62.86250823810921
573.509726050639,429.8528936691339,24.768244737100996,62.46283753966186
576.0158181392508,429.1000605273976,25.252551038393,62.09097086415006
577.6015546990959,429.05843045423217,25.849037513429153,61.92729802708256
579.2955252629424,429.44643596924243,26.446875194330048,61.6436270849527
582.7086295027415,428.10106269692096,26.92248556238807,61.242897189165916
585.1196657573132,428.30419180729774,27.353617398947897,60.760467093412316
589.0363145423947,428.260575247597,27.591547856128585,60.826643083907626
592.1385001976386,427.93526748630103,27.73335269310178,60.97687713677298
595.9866108475574,426.97445510367186,27.966406905959442,60.85428193132821
599.8032238572365,426.753407904623,28.183034402226255,60.86211119270713
604.7371300470639,426.3602011253011,28.279745338001014,61.067546357796246
608.8060743219504,426.0961678232472,28.332530616353175,60.613419968740004
613.2232349695781,426.75830186494625,28.46354135234769,60.84560940487309
615.8799031140885,426.4118930946853,29.064725326998754,60.65123517293409
621.2033337312744,426.29140288137097,29.15074373129891,60.58346926167216
624.118559750977,426.7406097058571,29.316385441893573,60.080090402738975
629.5770490292679,425.89297845227725,29.3016896001556,59.932152226304886
632.2891195967093,428.8520065346515,29.49049402191343,59.68214110550175
637.5710578501344,427.9217859884084,29.324002158617873,60.26877848705044
640.9824043935453,430.6721473497088,29.583218251483686,60.12448581816055
645.6762771758372,426.8993752435258,29.402503936899844,59.899140748299914
648.3388576732356,429.71198091733334,29.683849289759397,59.37625484013796
653.8408766773539,427.6523849147121,29.535707277616346,59.68543402799763
656.979900847115,429.9200016029033,29.616850832625403,59.173332975833944
658.212342845129,430.18947302751906,29.681019570972374,59.03890062464939
664.0712114732253,429.9162367403041,30.167231289389367,58.61167935142307
669.4915176005218,428.5074445950985,30.004704361944697,58.56639437913894
672.453368194079,429.90475763401025,30.093255982447637,58.64328929740923
673.9663134120982,433.33181237293246,30.242841620627757,58.53142835472097
679.1050910608187,430.8484514580723,30.287429877874263,57.95504410533982
682.748033712159,432.41655394382707,30.258212666014096,57.91342836722872
687.9446102136606,431.7061335013229,30.236809540940545,58.09563705008859
690.6971442810387,433.3260929114423,30.193975903254564,58.09100875719355
694.1811447025713,432.95750549590923,30.20848848792386,55.66578429626752
699.2911402495265,434.23943863413234,30.25926460592739,54.075596608688436
703.8004074464758,435.4383941908258,30.387138293083552,52.54986261932491
707.2542363744071,437.97350520313336,30.20415084737711,51.275203338850524
710.6579775285469,439.8582942483419,30.28119002347272,50.60715723085523
714.3438606423564,441.16916004327015,30.061401334916177,49.36453025525657
718.6409678899469,443.6603850456887,30.029580028211797,49.15188615862256
722.3557914965078,445.72871835629707,30.034411574855596,49.1283024231481
727.4006624840041,445.393900231288,29.5772379592379,49.26418623175998
730.6822974797001,443.8979966704783,29.020773387767832,48.775433050645006
733.0705849976747,443.4410365108789,29.16070225806864,48.150412940156286
736.0902412332354,442.69273537576555,29.205755631673778,47.890759106867385
740.0422738947591,442.18034723906567,29.069375245149867,46.98873179139994
742.5606658801913,442.4705451700274,29.29208224108224,47.10406041678114
745.0621313649348,441.7415301107868,29.478268703235912,47.77383675108261
748.1639454367935,441.4084243821366,29.45539617475288,49.00085448279704
751.551353481008,441.21960465289584,29.251289314839433,49.98646513268493
754.5037502262915,441.1888328221432,29.13421555083501,50.76028906762771
756.7011686157206,440.95002196554634,28.95782359619558,51.62957337847763
759.1110613394853,440.08212789817503,29.19043683030666,52.37526446732178
761.1622179942815,440.44345235119425,29.462665757042412,53.39756490210367
762.2429170574561,439.9857086675285,30.39718437874005,54.673510643458606
764.1628518513248,439.9475519968339,30.80852023533859,55.916587290511885
767.1106960241888,439.0145534812262,30.659444438438918,56.833975923289785
769.8058159481575,439.4394879093804,30.66307971257176,57.88246827303617
772.3226668278571,438.5931227928542,30.37872182524268,58.60867628929152
774.9138195774754,438.380819551147,30.114720769365682,59.22171355883885
777.522837631648,437.55946296647755,29.90764047156727,59.910966034818344
779.7376423593165,436.7285986745938,30.013095713495854,60.296068031671794
782.3629140168106,436.44087462064283,30.00908865339049,60.31292238957371
785.2045200042913,435.23712783851033,29.88019796749147,59.919024352276246
787.5292136222499,434.15657766826155,29.66879901282436,58.809830503320704
790.5272096374805,433.0991704580088,29.51320004876945,57.34400222363084
793.4946013751526,433.0338526646868,28.81706403436282,55.52807408957179
796.2627714913085,431.9578751718299,28.182731858691554,53.452322166105745
798.6238600514938,432.3144155279643,28.20382561234433,51.64332470579021
801.6672598976123,431.31947409376033,28.086996623232316,48.661314263651235
803.8856005265238,432.6370012149288,28.097977718924945,46.21394312678311
807.2516606392928,431.94045356401557,27.877438914285424,43.555005957906374
810.344082459367,432.5713395773859,27.93826177804351,41.22365385304065
813.3511324685355,433.4900305438708,27.831861344667267,39.31653925405537
815.952611167683,433.71830506703964,28.118070206137777,37.7402850075223
818.0472397327758,433.86329212445713,28.35372457497571,36.19269675694514
821.4722601885492,434.12458080094837,28.386358834327375,35.09915077603301
824.3953915766397,433.8218491216773,28.571712269083918,34.52355334355942
827.6954640262371,434.34573131999446,28.8514806999672,34.50584876137824
830.6646291745603,434.2738420847828,29.075793835937958,34.735953830922696
833.0020431706457,434.5541965545103,29.345484886735797,34.73898085338167
835.8557585238343,434.67227360857413,29.516838360046307,35.39171224330098
839.3567194692362,434.2020592460016,29.632058192875355,36.2375822526257
842.259581559833,432.8097383933006,29.5797672392206,35.578528889668334
846.0441907480647,432.69393144415267,29.33157852584319,34.6234209862064
848.4850508520974,432.8458589409856,29.403547892973208,33.96291468638826
851.2854930013413,433.5399443480643,29.39485719800118,33.41865408951595
854.2445333662968,433.70025870932363,29.48049961262133,33.381922766899585
857.3049605841104,434.24434344341296,29.24447183715028,33.21435418983426
858.7785059098076,434.6129849374811,29.403963827357515,32.99272671927616
862.5608999126412,434.59132487620434,29.597201944737293,32.94791970559909
864.3351260805393,434.39999664457366,29.883130712456513,33.10375426944644
867.3204846752085,436.9120147087038,29.967085764329134,32.43515637360805
871.6287128016376,435.6039119222679,30.212156000728736,32.08068170966334
873.764932226207,436.0076672798105,30.071843006082098,31.782059239207168
878.1051174427628,438.06829415834665,29.80512308566596,31.016823548541034
879.9967964413585,436.70199216470996,29.512083386814297,30.85277531413479
884.8156712231057,438.15638218184307,29.618581259843257,30.264216227134156
888.6099865771973,436.7357036482764,28.9882864281249,30.159200308427717
893.2760969094514,436.937485004378,28.468291105413613,30.505828331087773
895.3176436724585,438.22352103010854,27.89504712773927,30.558626579919633
899.5784798597144,438.72459966248726,28.176109128227317,31.520290726294956
902.606365169386,438.0762420575918,27.4324265215795,32.33727723735541
904.9827861329212,438.1788349521081,26.860553832790476,32.80534736873301
909.8835269949251,437.4341549573302,26.139989467181003,33.45365053455836
912.1189931359703,435.51324290757526,25.56377916995385,33.39693032254474
914.5421816935542,436.64454601939474,25.268473221778248,33.156312013944884
916.6149011383596,436.7063452296734,25.04742703236265,32.70808285608297
918.3609025108116,436.2691825813149,24.777950837751842,32.12384339449912
920.0506479932421,436.77043988970496,24.93514200179691,31.5288071102385
921.1851641443833,436.9325458396626,25.15551247051082,30.921559932002864
922.504420344416,437.7656090731763,25.792833200328268,30.51050701233882
925.4264316026118,437.5408134482125,25.56238185092865,30.25563811822351
926.6235224563131,437.8095458115172,25.447054513643224,30.079532034192226
928.1621990113167,437.9593348283428,25.335926074046238,29.73059944731832
929.5057042020751,436.68408770491124,25.31478635903334,29.37425623080258
930.7554194380991,437.24291944540363,25.463556875754776,29.45155429766925
929.7424424971053,439.0993750639972,26.755471451101762,29.27218187884155
930.3765856035333,437.1617398228317,27.929720638636475,29.42690945345776
