954.0,272.0,41.0,63.0
951.877948867416,276.5504143227001,42.10842111282436,62.68834066612327
950.6189434839333,281.7044931936235,43.03286498525833,62.24332684517487
948.8671797766311,285.6230342221302,43.63542194087841,62.0862069463646
946.5668697036564,290.3688354149514,44.24702841495287,61.92390448748009
945.2671320675606,294.81577412143196,44.52210183167564,62.04241721123761
944.5712088598121,299.0795012527706,44.11832446787569,61.806939877271255
944.7432039279701,303.42640773078375,43.201900859880155,61.561597990580886
942.1218396976269,306.65758834678013,42.471133837168,61.38080719315852
942.0875575743864,311.00145684998284,41.86194844986004,61.028504146714
939.1555504026563,315.2872662618999,41.796260034530995,61.01712702209868
937.6630871771628,319.54653271099215,41.88805904411188,60.82220252235163
936.8604698357451,323.3732931352513,41.76808925917377,60.50556521875521
934.0879196058086,326.5936995829369,41.78990480693751,60.36989758705589
933.9849843105358,330.452620121511,41.526079352561396,60.06424217885301
931.7862320312204,334.38938618111433,41.4713744385359,60.140996924880696
930.7156984425129,337.79060316730204,41.47923238743516,59.72593783043496
930.4110572878112,340.1893497349747,41.25628508258079,59.54038317165211
928.5074747520466,344.6107686866436,40.4960978591879,59.3611957810096
927.6314282726687,348.02929754322156,39.930411276928155,58.61770496238495
926.7349176477918,351.20973428163546,39.45217703351795,58.09907086543997
926.6678097576805,353.1394553445456,39.017087393818585,58.523838944697864
924.2260947971616,353.2527117914105,38.82191929239551,60.29638000604624
923.3915418928539,357.5430729597862,38.63122285491735,59.9576010286698
923.7371944590443,360.84352978999965,39.65332714636455,59.18014317878979
923.6241969558289,363.15115871009976,40.928714852990595,58.785481652066125
922.0385680412911,363.45611736310553,41.464367823667665,59.52544837925767
921.2872957082451,363.1713835431418,41.80754969679099,60.75528589223195
918.9760558418526,364.5796296349724,41.7604279891463,61.81675391364895
919.1334788100787,366.62879025632225,41.47028603218623,62.3610870898946
918.7226356584453,366.20596298214156,41.357157882328195,63.46446258552162
918.8522557445895,360.5989561949961,41.278642807696116,67.42469198012499
918.6853181166624,363.4656528539151,41.33013891315959,68.36224287615411
919.6927785146115,363.8564857382984,41.71002402546445,69.51327058883291
919.4610850537548,365.42616812356994,41.76403289542008,69.60350481731322
920.7325373828901,366.7588722549243,41.86019684066506,69.56437829288575
921.374659003098,367.5728519868732,41.52906334146029,69.03413611414419
922.4858235484777,371.86477369395055,41.14038293234143,67.29366123026298
920.9306428046356,370.593940581707,41.44474466416639,67.2122805797501
921.0076741595799,375.18284999614167,41.79702961052767,65.54073311318545
920.7503073623517,374.7417621618995,41.930247702054515,65.24709701409171
921.3151483367946,376.2499627297133,41.82978633422347,65.2668286909641
922.081213075837,377.4331863983391,41.73237975652915,65.15025928339998
923.3136933508479,377.33592536487123,41.76452003658543,65.19266648217159
923.1633149434847,382.18346463002376,41.71942113842127,63.79890325948372
923.043566412487,382.55940216355197,41.938898669166605,63.32725585356018
923.2376213997383,383.523235473194,42.08649426107037,63.118858033104146
922.9805196829406,384.76722222590723,42.5151569231813,62.58515393685745
923.0562688166596,384.9355461875711,42.80923055515745,62.130052034037526
924.4131780176721,384.792424775205,42.684599775202656,61.914219663457125
925.358949943347,385.5622837356167,42.36735096779815,61.584111727985324
926.6558271974309,389.09761159033775,42.08649318814595,60.176129968738564
927.5560178861847,391.4202959536877,41.25036046786499,58.4385066033668
929.5462868248272,393.8812151932069,40.771424763431405,56.377691073547155
930.305027170996,395.8403291955146,39.78508725957033,54.461019465416186
933.69585852275,396.39013133447304,39.476111323640765,53.21692971386648
935.5046024016411,397.55577220499305,38.884944976991264,52.30566140056077
937.6126772547422,396.1149052255176,38.70775095926565,52.299074436660135
940.9726959927282,396.32570115405457,38.24288621278591,52.01177518212528
943.407322421037,398.10210648793327,37.59815117843392,51.26052396261004
945.332338609885,396.27756985526497,37.09411184272996,51.541326353923225
948.0963682659891,395.3840399919644,36.54627713989686,51.623063814899254
951.0295580150521,396.7521604075159,35.99000201188803,50.99680833535884
952.8116175886504,394.7181017350102,36.0291238314882,51.05480910322184
953.7058731387725,397.79050849654493,36.637051329876755,49.51277878327738
954.6414221461497,396.74401015297656,38.350883735044434,49.042100543656275
954.4549295800472,397.7140537063742,40.572394868226056,48.485771981782776
955.5977616601701,397.6936757468006,42.61598485837072,47.51088764214106
957.3396986057745,398.36289136120877,44.47819556188854,46.95045629125437
959.7520036621133,396.9380464169505,45.67568017577344,47.34313018855991
962.8188416605764,396.3941642208041,45.92249734290979,47.407563892376125
966.8459300356167,396.07715729485926,45.982730993219775,47.76760618664864
970.3559901773986,396.446238498867,46.00750206707778,48.03811077082066
974.0632480811573,396.45347580172046,45.58232036600563,48.781158748121555
977.7899646169537,396.7975638493882,45.448589442850285,49.50468004048135
982.5588476270979,397.4993282249668,44.969218808304205,50.474594892839846
986.6120389157461,398.0901503018472,44.92806755424999,51.8028384343916
990.1808307240394,398.24766867870045,44.96165703336638,53.67240251076319
994.3779421714435,397.51272602909233,44.61243230750369,54.73796041740124
998.4110921431228,396.61724862828413,44.691731729379455,55.78646831960363
1002.7863595360135,394.138900585898,45.0514416945746,56.51484714363368
1007.1774403936853,393.80974403174326,45.249031566145,56.55902450975562
1010.9241431114473,391.6040295474626,45.422038484136635,56.67627928398108
1014.3283063896897,389.9000106718377,45.68379554581581,56.54044801667613
1017.5293466405617,387.9918453206949,46.20815242200154,56.46452102853205
1020.5620115137007,384.91731056582705,46.46144145013766,56.36941939568965
1022.3590388350618,382.5506284357224,46.24443148514968,56.08651778675834
1024.7637930317953,379.2365339454079,46.405198970589204,56.059570658988875
1026.2813323046557,376.21882748447536,46.51564349615751,56.17997503593209
1029.5510084936782,372.3243693598027,47.08053916498719,56.29274382433991
1030.6967789719522,370.0506062272788,47.563900552189494,55.822905587434526
1033.9911230458183,366.6485246601213,48.072395631996365,55.36676903913238
1035.0197361940352,364.49977796272094,48.9886648189607,55.235261579440945
1036.5469295895457,360.97487631141627,49.37940742247125,55.22608966232372
1039.4221269441728,357.8017356263765,49.933517107748266,55.75570538298911
1041.5334854295272,354.90362608961544,50.999191250320706,56.556730975065996
1042.7725458133577,351.47547045812973,52.149625780511144,56.83185022143579
1045.6663514931222,348.838908102401,53.739089616294734,57.02041072390895
1046.9371266754297,345.0816265507146,55.08326618039073,56.96601935950834
1050.177696680456,342.26728293635256,56.257048655689744,56.91887956186516
1051.5147250739428,338.5711310225404,57.314452440004914,56.605479654137945
1053.8775883486874,335.8401953461607,58.30695709168784,56.240004205139485
1055.2470927129223,330.75629012931944,59.05847265521008,56.135918276517394
1056.373810804467,326.1149096022259,60.09365646723781,55.69281873500128
1057.049352951728,321.18335535121963,61.241534575059845,55.06789012763885
1057.6012441160842,315.31089322607875,61.899715136972105,54.369653367178444
1058.935164383127,311.78177111574644,61.99945272788676,54.050608769483674
1060.8930783818491,305.47285642780906,61.19031418356745,53.82619876547564
1062.471762455714,299.8653320216645,60.06167833564244,53.61542055139753
1060.934060832655,293.610589061103,58.72706266086186,53.04163926060653
1059.503493752364,285.6790063315734,57.430420942537594,52.52251101849373
1057.071549954892,279.913163620397,55.95257269763789,52.05790432658884
1053.3034367114403,271.52986864630265,54.49285802243173,51.8124398314181
1047.8306660470462,264.62503681052266,52.6740713482906,51.61992149614215
1044.138430932071,257.47170505837613,51.536050123162696,51.50269584027902
1038.3874716239404,249.4118475621441,50.21255980387682,51.311650334696225
1032.7662954766124,241.7514090687177,49.12881651747815,50.904637306900526
1027.0784216981804,235.43085963496145,48.15535142785804,50.81239877206926
1020.0298860288167,228.66350827322816,47.7105068730307,50.78577642229365
1014.2849254299899,221.13650343433187,46.75416952576228,50.74107699364095
1009.1551672417589,213.34125796943835,45.53149290906036,50.80553642928735
1002.9528528773976,207.11114961038416,45.05921428915014,51.09696042278636
997.5790357237481,199.92152824315147,45.09319503199594,51.29933853322832
990.7798425445495,194.06553463858617,45.249564788830725,51.39104070817924
982.885272971577,188.053819976334,45.83429719649446,51.513179139128866
976.1252029913891,181.7534384589307,46.23691396351086,51.572560337997956
970.3600485167068,176.8018799893084,47.628383191195795,52.304946686422305
961.5981032040968,170.81722356061638,47.872595471689266,53.05680654087659
955.3553507599485,165.7319267702016,47.51160377795463,54.06506186487026
946.5967399756607,160.77037426406247,45.41352993637394,54.90804297578131
943.0165446087838,156.42371653011696,43.6295236974716,55.52831462043014
937.0007858980529,152.6491070985643,43.264678814245755,56.27676749232455
928.338950539006,148.0148235320494,41.975541304800615,56.793152618518384
920.473693945696,145.02100518053547,40.067870897670545,56.6027039943978
917.2320080908494,141.83259221025145,39.45761467767617,56.656058865629895
914.0360063775616,140.4003382144888,38.744942811282954,56.55222884445986
912.8054881433401,138.85429909281856,38.47081082269488,55.75693220987071
915.0365124616669,138.925164331263,38.622974222173866,55.36555268513026
917.5845971196676,140.09010289653622,39.69523141984452,55.67655995399786
921.379181112691,140.50584301436822,40.87382466426643,55.22006445954478
924.4103603356626,141.6310537204149,41.909839631409135,54.97818796932642
930.034153490667,142.55275288378016,43.4459752452284,54.93532675197092
933.6488912179376,143.81898628415925,43.60353897525761,54.08073165531431
940.1191494069843,145.50302333917085,44.087201674312546,54.0956073743927
944.8852101839695,145.57534887786406,43.664287273662524,53.765088987435966
947.5271024220173,148.73377876018938,42.2863560690513,53.47526779700406
953.8808408369421,149.09168798508233,41.64310348236587,53.20018421049943
958.6485414066784,151.23140093582293,41.01872834386967,53.14797693694787
963.1023931569631,152.71181999827414,40.11889837845651,53.02916456888141
967.3379512392786,154.92445883921746,40.11863792671616,53.11664323465101
971.5411503107636,157.38438966817804,40.73384622905884,53.10745662555797
975.0332208933785,160.01636268641738,40.99349473668056,52.90784164376679
978.0702507579915,161.8977089401855,41.13713215100908,53.50049581591803
981.3971999763654,164.93199849465168,41.04835822598021,55.17227315229822
984.1550437012975,167.387802142268,40.99440173314726,56.69926448987809
988.6056593024846,170.60066637511926,40.98381078956197,56.998832044683354
991.3628281751757,173.45616886808426,40.92577187230505,57.51544241519869
996.1368136156319,178.5049298198376,40.94367318377513,57.721860331027926
1000.246337539891,181.97911575111533,40.93782113603833,58.66090912276934
1004.2126941293251,186.74167978237935,40.738613206193676,59.36371685125694
1008.9530768902471,190.4972295682661,39.864430325951204,60.27920724530371
1012.2189510788052,193.86130942573394,40.0089057037179,60.51854630966493
1016.0859223717408,199.39870882256443,40.25337193132306,60.47304439100397
1019.5016216914387,203.1418349256597,40.757910791927365,59.23540363500873
1023.7432456308417,208.05782876170403,41.230931223668115,57.24803571389664
1026.9472673450844,214.24478266720791,41.448192970964286,55.290235080623205
1030.917498978221,222.78255646335248,42.124169524026954,54.13471617485754
1033.6491365256586,227.93862856141217,42.87006190962041,52.97279475705849
1036.531359237173,235.43955593767473,43.6542004709665,51.71524847621307
1040.806559495321,242.35316318343965,44.22170461775638,50.27666008331603
1043.7961021460176,251.59730472511418,44.747151176714674,50.51262016402944
1046.2799960038703,257.3801382077623,45.48871404694695,49.73065986377229
1051.071362451222,262.13730331937876,45.64641389150124,46.05208403507062
1056.5781664316098,270.52499237722685,45.410348044983536,44.318530260194734
1060.7805991087866,278.44962534497245,44.887166040239315,43.10949259618789
1067.622390963974,284.77035179179495,43.80767778884885,42.106650542386646
1070.0306869456513,291.197094849237,43.5683715920957,43.99127783082294
1075.6605265841615,299.23082285365666,42.795249321911385,44.69255961495229
1078.232257024081,306.59186213681664,42.77312633269743,46.17462838749952
1085.3803383050972,311.60417198723746,42.31070400503981,45.92050124036878
1087.7738471563825,319.7656103983323,42.125370872781815,45.582853910366644
1095.7921526761163,327.5814738202043,41.95031684015016,45.98617650509928
1100.1166351616862,337.37665371133784,42.7024291395183,48.00253669353525
1102.4552343470316,344.0056343468613,42.69411504617101,49.8196486646758
1105.6504960777527,349.6657205709995,42.87262234644783,50.80602528866505
1109.4725650752082,356.6696097633095,42.861815650364726,51.506346269279476
1114.9053117430979,366.3730752457992,43.047530810679135,51.8344922085969
1119.7646251331096,375.4789993537573,43.27436911854639,52.06412653662603
1125.3036471339435,384.7129294835873,43.529470258479975,51.78858805430978
1131.078707200246,396.09039311473606,43.49769119032805,51.2096098886919
1135.9147707864256,410.1622671207207,43.91342412539085,51.47147100758212
1138.4659700850266,423.35601626251594,44.8816889803373,51.69229486754631
1145.8906643370635,438.3145433447012,45.154645446966654,52.71174888188671
1148.5335595221718,452.89648738484465,45.83768137069538,53.57172554769354
1155.4536778858094,468.5457609137898,46.204979433459286,54.72903481304539
1160.9781760824765,484.38662043551847,46.68064124325014,56.032621555720866
1165.2245179252284,496.0164994239122,47.029296669074625,55.364233207839725
1171.0918374203143,507.0478419510095,47.844035120309115,52.52486053157471
1175.7681099239567,520.069636652553,48.66864465403986,50.2541898296597
1178.319709842289,531.2673369801432,49.420059075187304,48.6554200338542
1183.0174893418007,541.158719512559,49.9428045195236,47.25897699050703
1184.5740564815496,550.5373159158571,50.49318342361951,47.59156689875447
1182.8126165343751,556.5315890637227,51.66260872812481,47.32167905028907
1180.184301278651,555.9961787536339,52.417164044260566,44.617200598200995
1176.4538652453975,557.8240367317616,52.77204856193948,42.340940208351874
1168.1948658897468,555.7021730592014,53.02999173124857,40.09106098608936
1159.1916116649377,551.436434335313,52.82858392110108,39.0107372864052
1150.7175918920193,547.0024585356006,52.15041802260207,39.013561322353546
1139.2144027306547,539.2995298763294,50.68439949474535,39.39451629714582
1127.2677440535306,532.3203595740226,49.540546438837325,40.25530746328295
1117.5554094520892,525.8708142872788,47.428075749141854,42.27242477016887
1104.2653037861717,516.5047477894324,46.724458345625386,43.648417629143154
1095.5200142164947,507.57117184530404,44.96354212365122,44.678335020329406
1081.336194016973,499.5033469258624,44.32404140941329,45.209065425618924
1068.8019929604181,490.60526184098904,44.07203946978885,46.18623535122505
1056.5599456467935,481.81539820429225,43.71479498570979,46.950548195907686
1045.8260828851332,474.07308032664224,42.611322999264914,47.640017935582655
1038.54330917527,466.94937616805174,40.03592498442082,47.823324079912126
1030.951547028889,463.30063572718586,38.735104794760844,48.11668508859706
1029.6761639343522,460.964985726133,36.599194958443874,47.760778669804225
1027.635420418382,462.94170832030625,35.782961653470664,48.082556259778165
1030.4281436599297,465.790561388162,34.683919589320325,48.309380153363435
1032.615105523647,468.8137949889401,34.90376112067488,48.46971531997136
1036.8525117397874,473.9550457399701,34.675973224526714,49.932010570841086
1040.7775980493564,478.11401901081325,34.508051581951314,50.96320038169378
1038.3080035656476,480.0889228551109,37.90324946050186,51.65931249290318
1039.0133902555383,484.6686091919563,40.81797656900137,52.05146874987649
1040.1291899730054,487.7517108852389,42.60746478055174,52.85055161819409
1043.3562995996085,491.8618006089678,43.56129606445484,53.45983994417375
1045.5036553792074,494.29217794472305,44.455686678108435,53.9777473820383
1047.715612249274,497.490787429586,44.91667589207687,54.5614549259842
1051.6172416057693,500.7476353556845,44.896635562875474,55.24743558745914
1054.2920436185836,504.18919881628307,44.31314481849661,56.01828510669168
1056.956601077165,507.1458304274665,43.75154699117796,56.12520926225455
1059.2252159350521,510.35243590231306,43.27089686524737,56.1146777559208
1061.5659122035847,512.9430556481633,43.029323664119666,55.84422012457178
1061.749906094298,513.5864264549866,43.65579694226349,55.59338244158921
1060.2835174483494,514.2000943980539,44.955868545684126,55.22046244900925
1055.763013839508,514.5138646442838,47.722202301452626,53.90069173194014
1050.831487338684,512.0649458970456,50.48910967321818,52.79535539829148
1046.702018736485,508.7147796664268,52.43852234148315,52.38669432925582
1052.145390841655,505.18209387998075,47.40073137821341,53.10552354374942
1043.7534562531073,495.9451130629735,43.606963836559,53.87175202346706
1029.1309504648236,489.61628434628295,41.27945038871212,53.93109707891847
1014.8148472081571,479.1081566473026,39.62198405048285,53.866969176097896
1000.552455494219,468.92165825610743,38.03730092562453,53.81990675438671
986.9628336572973,459.9631184504809,35.86791178696788,53.59472867521005
971.7281103847248,448.9735242740598,33.90982232137074,53.57489359055224
955.7367528698719,439.8646365127978,32.47578930420147,53.406957443154425
940.6547379620708,431.50815288490696,32.19816872917866,53.181875382529796
925.0902576779015,423.7184763149776,32.002941065095555,53.00941272649018
901.4572470365074,416.7076134612262,35.292384589094674,53.0615186830164
885.9327265307509,410.5532864515004,37.133906069357735,53.241785251296065
875.1964504827617,406.4441543495226,38.20010135381233,53.082699601736095
863.6826263903374,402.05057253715324,38.7869536402237,53.12840814834982
852.4951794299142,397.58462517601015,39.23191592044506,53.68470777786257
843.264615239302,393.7102932165388,38.83217394034139,54.36507335696154
834.7937747190633,390.71668714260005,38.47726989781094,55.32854282905775
826.6809696243404,388.6917898694668,38.81455916440519,55.131404391925784
819.9789096994763,386.13529309335377,40.03738934128182,55.31648046368312
816.7259377357453,387.10717881688663,40.52570936737645,54.76470730763295
812.5148332207096,387.69797138009625,41.4177670302605,54.6625136607059
809.2583599959058,385.3729678193225,41.47667295252427,54.45499209572996
806.2165377440015,387.60824863841367,42.023208081333074,57.670602942899265
805.0315777492656,383.8264790680694,42.037964496585985,56.989665765228395
807.7714827159552,382.9854511831772,40.67618129660512,56.75984104184872
806.1610094799395,383.6360226453818,39.85939278328517,56.823276364509915
803.0743972774911,381.9238284213363,39.67160949775201,56.848296526468104
801.5011441478669,379.85483633606367,39.842590854656976,57.46594073119299
803.9334631953928,381.23212309419273,39.20039538655803,57.56569155575515
801.3261370298286,377.9625163725437,39.001076770420994,57.87881552151416
803.6309157216608,379.822660831485,37.87755759476438,57.883090202264334
804.205279860148,379.0520944862033,37.098458224039746,57.56609911353086
805.2767701307928,379.32042261285767,36.71072670618789,56.867684437370656
802.3182881529212,376.165760458667,37.35765587189191,56.11029731997059
800.8947528212707,375.5141180520273,37.93231137406027,55.183159159617276
800.9784836256811,375.14099462151347,38.322177035747195,54.03228077650434
799.0318024088969,374.5013448392247,39.451821817948456,52.476833026628725
799.9893225942334,374.3561104763137,39.746391432626936,51.6354658149508
800.3481720214282,375.29308191334945,39.6146148194483,51.46013133931669
799.8089870753133,375.4120099829513,39.59641183570139,51.92218059562077
801.0274601316621,375.594515907599,39.25593178745697,52.31693437132546
800.9678575013822,374.7839411297244,39.32847567106372,52.35757855598089
802.1712917234645,376.30295566211237,39.01935502963354,52.76719658593147
801.6600720919824,376.08076760742597,39.786056987910115,52.83576397948403
801.6859626958285,374.5438059793339,39.86081691791343,52.79347629816816
801.5801700214505,374.7818684515635,39.50280692975533,52.7567739611308
800.6092227189556,374.59085808745266,38.70152221345589,52.64152601259463
799.485616132654,374.0606200759953,37.75380435578589,52.93268440855633
796.597419496273,374.0440974901791,37.627060421516376,53.488037929798004
793.747475451756,371.604554969865,38.099516259573974,53.9013179167154
789.9439333386956,373.18485900707736,39.33543044174945,54.067431033696835
785.4956691351978,371.5389691795989,40.7749581163231,54.31119127947407
782.2856115021681,371.65056069319195,42.22537733746061,54.13393720736606
777.7199903930083,371.201941612557,43.59555693370998,54.05920576414388
774.8758178930673,369.44473196106907,44.93174434081856,53.46516559446347
771.7335966700766,371.53235892658313,45.596908832698276,53.32793656577903
767.3607308454488,371.24496926805824,46.22086008644614,53.111089906266294
764.2671907048815,370.51045851004756,45.914791563869734,52.34692660783458
761.4033049442197,370.40125776570454,46.29376242601359,51.88583896077841
755.9999903796527,370.8725786443823,46.0777932885463,51.681829405571264
753.1859186777385,370.78189836719156,45.452579758780715,51.32537868065599
750.6762403213344,370.416165566991,45.11771894229214,50.726903485158616
748.1773443398847,371.42097633745215,44.089906657144695,50.09197676845508
744.338875914025,372.2236658685814,43.11230249323908,49.611368824360596
742.0273067343834,372.051792792835,42.54627764451458,49.335150376244115
739.2337246136138,372.43804313578806,42.2929114905458,49.218335115142594
740.2416796986477,372.5351765537778,40.616295754071764,49.30969755162414
738.3383331832025,371.6967933896133,40.10411061113397,49.03814539850782
737.5707004541002,373.136007130831,38.71081771972932,48.43007314068173
738.4043091466086,375.3826185458954,38.233862175532785,48.89148593067017
737.7748919298833,377.57987578789454,37.80501350351464,50.07315858046097
735.7611499563224,378.2951492861517,37.24395069770688,51.82542713570446
735.6239024964589,380.7269992604803,36.27721942114472,53.8748283833363
735.0191489054074,380.99019756564365,35.5050371501226,56.02636451226735
734.8414110871778,384.35040650530163,34.5286341244726,57.72521238002175
734.690610247566,385.18551611112,34.07948812303205,59.51203967717403
733.563262084548,385.9042719507929,33.72497729574769,60.26739909157825
733.288997289732,386.1074058476383,33.5555656011999,60.478074657262475
732.2168670784711,387.7528588867215,33.546353123331215,59.23097656249444
732.2810387625278,388.08810580155904,33.23768138607706,58.05559992031946
731.1310594234653,388.8458667543112,32.93844267650673,57.40758594938542
731.2841305525511,390.25723979026236,32.36092285485877,56.6285563081471
730.8075386818012,391.8866065509445,32.00320876920992,55.854472444986015
730.3515141215127,392.9986913903837,31.66600557045115,55.0705798657169
727.9877309131676,394.11663571094283,32.04919637678974,54.105763612294
724.8708758168464,394.03500970316577,32.85527900595569,52.911303835855975
721.7850806836004,395.2462164841198,34.25456092283811,51.97553883351816
718.137729529011,398.33356157000435,35.47126030232957,51.78372830042099
715.0892115209047,400.20409973610697,37.18208110858123,52.799350576614174
712.020026442493,402.35976284442324,38.904069429467185,54.064974433223774
709.6197851811271,403.4464410419046,40.37577082426916,55.47450378044854
708.0145582295523,404.2083809439848,41.275433711793866,56.462052809295926
706.7161679318483,406.90815431774826,41.63642023981891,56.681356769776905
703.4599759183104,407.36688782517217,42.26428278251984,56.755390609421255
702.2392995485263,408.8901578497961,42.5668720943536,56.36114853380632
701.2929868590295,408.6619678037224,42.11059000264409,56.439293762672385
701.5762420318672,409.9170399116573,40.73182379759363,56.30262366789634
701.3821751832653,410.4494364369935,39.29024558073502,56.17316386917709
699.6747138788382,411.59561854927995,38.271681251112646,55.49896370710416
699.2812616978933,413.56048590889765,37.02292582296338,54.60719285505623
697.9302976919255,415.0398496151336,35.833404860289676,53.923383045123344
696.7110719774684,415.9078892653756,35.44351766615706,53.627886020030026
693.1327157907787,418.20178667514006,35.10148126023955,54.47798792901676
692.8426048435689,420.7885672580224,34.642610137080915,55.83019885797866
691.5756490107341,422.70628213522764,34.79207661232087,57.8241148066931
688.7032608165875,423.93708123083854,34.92453305432502,59.82879469164324
685.88263097758,426.29248261680976,35.18002002726198,61.448146338646104
685.1000778115608,427.9459318828637,35.505471818284505,62.17106348036633
682.6573558433968,427.5310188898073,36.32280052023775,62.62201373405733
680.1360180467449,429.8445195677176,37.00480411647108,62.97465715362722
678.2693770691492,430.0619925589512,37.35316785877205,62.505562001238175
678.0839842884967,431.5074398281137,37.262344533358245,61.9488349433819
677.1006582666988,433.0004100373793,36.76761657207119,61.25613793305388
677.62869253958,434.65027941157626,35.44522112201183,60.221642714933424
676.8437637330298,435.0724480367521,34.14406127905755,59.26022477610513
676.2424485310077,436.8953888618487,32.88973672704711,58.164300401302654
675.3649531948888,439.2932064070928,31.344236066276984,56.816526028587916
674.6719734766774,440.36025072771884,30.3294539255515,55.61859461389825
674.1724764152871,441.1859114127001,29.566286793449372,54.51231718924826
673.4819840095917,443.14249949690617,28.99083544761356,53.74722756868764
671.0362696063985,444.5005010945973,28.940705416109157,52.50075257154758
667.5202109454586,447.873449828866,29.561064315137433,52.79808325242429
666.124728010143,450.1243491810866,30.941202549049834,53.968541017709605
664.7886500093683,450.99470356152494,32.02542214923214,55.23710960058287
664.0014035705638,452.06829541254643,32.99855089109896,56.25885595225087
663.972546460052,453.6021010692846,33.65100693341178,56.67316297373554
664.542717499583,454.56820540606583,34.4541768172404,56.19191255212614
665.3986691134129,455.47252198384865,34.94768740793973,55.762582375076185
667.7139244687834,456.9002372152658,34.97231280559723,54.9460923419293
668.3410036823848,458.2451904755341,34.6165461020274,54.41588430772086
671.0908787004164,459.22099235032806,33.6129050747532,53.594819498562586
672.0134451864616,461.2574078439127,32.96287097961593,52.57873594791686
673.6617509204128,462.68045709521994,32.08116124511175,51.5232410829976
674.8596440474487,464.6683064322481,30.958202139477542,50.90328581714445
675.4930944152734,466.39700158032485,29.901811657734463,52.23244032079555
676.6943871361432,468.99086249423453,28.911503437674668,54.16242479180434
676.3453191831808,469.9739906999589,28.289036926607217,56.53914018211339
677.9434294901765,471.89080077874064,27.86179824620938,59.09391724134686
678.7907908168403,473.5601461681547,27.48033853233507,61.410316794549985
679.4215526282776,474.7340164955539,27.304920256140147,63.2605741866266
680.1999961543484,476.1358360594004,27.55554357997508,64.1874648440899
680.9566517041147,477.7566542650526,27.77114483395797,64.26650714372295
681.9180196383059,479.5312689972664,27.84010818432581,63.683235320896834
681.8230121826205,481.11155876284187,27.83821330565752,63.18098098505841
682.752843574661,482.09804833326996,27.63704356356868,62.400186292444495
682.8605941390317,482.5135762024326,27.048526077405292,61.69263519279103
682.3061504227092,483.46136544914486,27.050571469034722,61.07932903823365
680.7893675872904,483.8188241388852,27.538391290263107,60.43054325054991
678.6259062393016,484.7993494277727,28.271838644443665,59.9608867157436
678.079704801262,486.00497614952366,28.937025944351145,59.617733247827715
675.588640509958,485.9305526293607,29.382426621685553,59.19758004401295
675.2235533769601,486.01091050135904,29.686895931626648,59.05825712228195
673.7308541805573,486.41704507943047,30.1440350470885,59.0932017112563
673.9129881698279,487.3530418084974,30.22570517889876,59.253480591989636
672.4587997669835,487.07147130884033,30.531497145720557,59.57769947216311
671.6945947632538,487.6208848691975,30.991761401226803,60.105382971566
670.3156066261204,487.13974896201233,31.421627934282803,60.6395084236316
669.739033031813,487.15297160938877,31.710990332858287,61.43551185934743
671.080317979267,487.867221675167,31.154335965294294,63.164421395759774
671.9366972362945,486.0912805010868,30.37570525885627,64.39089480837325
671.687806421306,486.25379849645856,29.836499584145827,65.99603459887976
671.7485734722117,484.96842109497396,29.33039822159226,66.94542099364578
671.5540514981888,483.73415881373876,29.097036163778668,67.42522180123348
671.4838081937155,484.45625644325236,28.87869708913158,68.96119011642494
670.6387065085084,482.01691109699,28.936728828686267,69.29752241051223
669.5791874573708,482.4417162345567,29.117626061820832,70.22897902991008
668.655405076472,480.54108484895426,29.35232156092311,70.62261851009933
670.1468575392182,478.8904705008518,29.003892343438565,70.57898331470265
669.2787723928836,478.97860116465205,28.62936012145923,70.52930890116461
670.2887070176837,477.27390325000994,27.881661892366935,69.77046132224577
670.2486198082299,477.96363852211283,27.132338020258842,69.39251665694626
670.6875382305423,477.4313281803509,26.260513138524956,68.9731590689858
671.3433864547048,477.1424120660328,25.554224405043474,67.86788582887186
670.6229256452975,475.57387633891386,25.551496731865825,66.24279602822699
671.524903913724,476.06638060121566,26.10337515595045,64.47073916377963
670.2878621861589,476.83731010399106,27.198613396236865,62.897721710963154
670.501990110324,475.4926349511656,28.608873783258236,61.11667406739533
668.7989305452883,476.37548142961754,30.05130883129846,58.67127835170244
667.5572998944797,476.5325863615868,31.814416324321805,56.82893128073255
667.05950009091,477.9474748074859,33.33986212286758,55.34851962330943
665.8819495091262,478.50199167319226,34.74435598663032,54.17707744463104
663.0122261947006,479.0558637000757,36.043647586184846,52.98682911840333
662.0738215665202,480.0815733632459,36.92733855641277,52.24906946003163
660.2111516021996,480.67558197168603,37.7298269225539,51.4839953583857
659.5405709377344,481.8644047365234,38.378681732929735,50.99879062460947
657.8571122485212,482.34187707286344,38.775201162137435,50.451759159937154
656.8306062844989,481.97101542220577,38.98605000424441,49.98573404816662
655.4439221517117,483.2728112053236,38.99322869462346,50.02241652978246
655.859301757823,482.7386414515454,38.61690673826029,50.1100889230811
654.8282277568023,483.3392089108045,37.892342093817255,50.17882094792234
655.5692030952926,483.6085087257918,36.720221128750815,50.331368168533515
656.9252393455849,483.6624432377305,35.155563789298796,50.35684570227339
657.3783382576877,483.05667618378965,33.317938963140264,50.58571379453006
658.5306000629229,483.4417338104335,31.340792672005925,50.617768341047096
660.2244451854583,483.8878225243842,29.25083191912251,50.75620004400507
661.3656547712209,483.66910540524754,27.81022488138634,51.2533724414581
660.2472113291409,483.3897044940353,27.097236887616592,51.38582843868723
659.3709699991846,483.2095300090377,26.729999088544815,51.73715946434649
658.2406705841204,482.95404275011964,26.527966693087343,52.20572980737795
657.1805515824278,482.76702725609334,26.935192001159876,52.66623235304765
655.9784087893144,482.47360696039067,27.62692265574626,53.272588935664004
655.8893261738978,481.0009069612063,28.947330318220136,53.74305912446248
655.1510229793308,481.078087281724,29.822069031572788,54.053908444364524
652.5103733880202,480.3361088003411,31.21577971321738,54.5545890399428
650.1807801352512,480.63754084059855,32.41119058398975,54.869037581498176
649.847370365604,479.84958024192025,33.166236441643534,55.63975248002665
646.8363263036165,479.34222357956844,34.32347166034517,56.35336412016004
646.9879532040011,478.54801341988275,34.16755672676336,57.13666969343759
643.6550675487307,477.8924756821441,34.922286777538524,57.811789358368095
642.4046660298118,477.4371209037012,35.127389742134255,58.486582777558496
642.8311840212272,476.8742115029652,35.044480102076996,59.24693832219463
639.9402807630162,476.7225775326556,35.3059008763113,59.98648555968883
637.1555239434011,474.87284749994103,35.42602791886179,60.38588153820382
636.7406481305593,474.32303323222874,35.430858890248615,60.970419131245635
636.5388197870819,474.8443389396397,35.405880933648525,61.38010874181425
633.1180517198505,474.34650344200145,36.30741462670511,61.52560578689558
630.5665773529743,473.9547474529717,37.27298848252805,61.35898348761131
630.8139423381725,473.4109212604627,37.93267745744403,61.13018384626203
628.4449842368883,474.33317193717085,39.172134797707685,61.33835583268957
626.8511917727534,474.3709888145745,40.42608019961034,61.26157766870254
623.6451131994555,473.9426976296821,41.68551212647964,61.02715662051872
622.5233503198522,474.0294413960008,42.12647135736587,61.30494777440465
619.1322614146619,473.1084745391247,42.82399340602775,61.37031593639899
617.5649658540026,473.3113557006862,43.02398369726815,61.63070656737759
615.5190936639332,472.757785005705,43.01912468385244,61.66385808917599
613.6172217446897,472.65907876272814,42.94174974792537,61.891513495051505
611.8223892168796,472.17213122787723,42.5638855066705,62.05565514678465
610.5088951437357,471.4215400010142,42.152146846317635,62.07925276164349
608.4704778587561,471.68335316161216,41.734917085222165,62.23532919923665
607.6106152645751,471.5218673462689,40.97234246889663,62.07514653304819
604.922449100575,470.9215710327631,40.79902269728742,61.77923342275501
603.9584193506074,470.9622760710435,40.655365888628864,61.4278495913114
600.8312253320858,471.40671132469413,40.3591405223519,61.527077228541444
598.8781359150103,470.37908615984617,39.89128066021375,60.97440214319825
597.582166062705,470.91827119717914,39.505086209550996,60.48561641911826
594.6676057087465,470.8585683385186,39.65061316746797,60.1375233571425
592.5750228429259,471.45155764131385,39.39867562762466,59.79891108455982
590.5269065035045,471.6095515871906,39.31360337482691,59.596463842220324
587.6458057000167,470.7736814975923,39.5606072278962,59.09747343059671
585.5957554337526,471.0847895998884,39.79536657390099,58.548377343192044
583.8038333481456,471.3537309857146,40.1248009550758,58.21038470825833
581.4195241621081,470.68305504110464,40.7482929843775,57.9517304939626
579.709089989577,470.5055498191799,41.19699336068959,57.720894990546356
578.0672698492216,469.3922895625006,41.52795114628344,57.43372837011604
576.4390655396423,469.0559972837833,41.5782440427857,57.284138855284965
574.1489899167784,468.0593453936116,41.892404077575954,57.652610482308106
572.2091399157305,467.70900305155425,41.835870559164086,58.234993774821206
569.7740453279713,466.6403096885914,42.22816972003408,58.545445686293725
568.2096896283879,466.383239562993,42.049401260802455,58.7141879882718
565.4458586933937,464.8407677836973,42.29639296477503,58.86752143944133
561.9638671179014,463.8930792743582,42.669311662634854,59.19498158800238
559.9709403781704,463.19731703807986,42.6161026420967,59.14311616798088
556.116500583813,461.7395965966902,42.682617728858226,59.74352409177585
554.4781030493372,460.2565276010062,41.838532670856864,59.96700156068284
550.1356084064764,458.9438772244072,41.31830650247674,60.5357990179825
547.9470144887064,457.60833444480954,40.82403437707936,60.41843242874023
545.1459912533588,455.72199414677135,39.97783866027453,61.06498387442601
541.5715298468953,453.26863904738923,39.50340942242037,61.95922764252618
539.8389048719517,451.90876586683504,39.169953317619886,62.460285038790815
536.4061750392336,449.72785538534094,38.82500954067331,63.25641691486496
533.8591558491767,446.99191070506555,38.4227252889513,64.20720337014237
531.0785462198254,445.2160548833659,38.529751432419445,64.87543112682289
529.1207077712993,442.091157458933,38.322549301151426,65.59338088291526
525.361174835051,440.6927603471969,38.68855426056217,66.38416314349678
524.0073008528213,437.5374520047336,38.540497781662076,67.01661820732967
520.9037015534891,434.4517513739764,38.28665206880302,67.4513709092738
518.932548054262,431.13818445783755,38.066712363155574,67.89007395541861
517.4025967006899,426.28044432553116,37.93301155467501,68.31447755987514
514.6764744976393,423.6519064232463,38.088945535971234,68.27315248553866
512.117305321521,419.4670360587983,38.18511286770022,68.25039138337988
509.8374620680672,414.7510324662187,38.31175494101393,67.70444751873453
507.9940478174351,411.7811098870931,38.53219855458296,66.58086189085286
503.8788499530352,407.87429060881067,38.82469755486701,65.69641084780835
502.8530509417218,404.1681109003996,38.41519023081419,64.86551464939618
500.7179644569987,401.0125027489259,38.49339237506513,64.16151793964825
498.48717136604574,398.6336618274565,38.458030314783464,64.18064387438389
495.9267046124765,394.9872867918026,38.59239155629704,65.02823403358225
493.7413354017622,390.59331979886747,39.088755588077106,66.05757732121032
491.16367441679785,387.8207255649618,39.71511637636527,66.0391671562093
488.5816822854906,385.0958261885035,40.85885222589374,66.29324142182108
485.9034977195286,382.52447313854833,41.52740092324744,66.1915474973174
483.91477549033027,378.97919761418973,42.60012126055037,66.34441544056583
481.29474270422395,374.77695332956546,43.72716498217706,66.2664516172363
477.3270624900981,369.74081078157616,44.96458839870998,65.94618910579297
475.6465521157662,365.71245380647423,45.734529435459784,66.21738059505938
472.4827859812925,359.1027315090688,46.507526792297746,66.66247216252641
469.3030912199117,354.61686114833407,47.15346111486402,65.7060970392694
467.6157856709207,350.74438939925835,47.131572579057085,64.594167978827
463.98674501803094,346.08328968176403,47.37532588190681,63.49305808764381
462.2484295808891,340.34815619478115,47.0144933772843,62.751014270593984
458.4462730134268,335.51811379083597,46.20544591650588,62.07387984020312
456.5922126513756,331.10513495744004,45.15641026853797,61.846630109533926
453.8862818405112,326.7253857738582,43.33853556214176,62.22993829115077
453.1171582228785,323.3154321180464,42.02007808549294,63.29441347386817
452.76312722397796,318.832138896838,40.6045438918878,63.83874344655841
452.1768003777853,314.89987729999115,39.28597138798414,65.0175824361505
452.5923285870059,310.88188507985404,37.826970023253864,65.9246758852138
450.60991480145435,306.58987301261385,37.36291881017718,66.19641364274105
450.9504647145347,302.2758756049113,36.88399793909464,66.66736500111492
450.5954359039061,298.0406311866081,36.70050087285183,66.54974958967443
449.60062420622336,294.7222705185111,36.58361792056106,66.66065305477463
449.41774011580264,291.153739174422,36.37487743441034,66.80180509842157
448.0143177075992,287.10762594002756,35.222798910973445,66.28291706525741
445.82465385793495,283.8700445898716,34.64189101459881,65.74628472162392
444.01866362270033,280.086922949557,34.62632326729463,64.82533012627667
442.67278024934143,278.72098336851116,34.90155559018433,63.9951975696183
440.603136622841,274.6040898309662,34.300074410567966,63.48369961052861
441.3838610208377,273.35340649328225,33.50899609797305,62.573552003669825
439.86464602656844,271.8671021776279,32.59741387948035,61.853640493377085
438.322423584525,270.2336160507725,32.24623559462191,61.13571894825965
436.58119011047756,269.43654550574183,32.45836257689645,60.18365642503979
434.19150005497147,268.72045082656393,32.25788428947112,60.10029707734087
432.640021088152,268.12729837393834,32.51333856100061,60.52650066423266
430.3600811658197,270.2655211756713,32.98598390859498,59.704416022680846
428.46635231827423,267.7171087105908,33.015552809740555,60.66061595284182
426.8376662913367,266.6667991503648,33.285223447600096,62.25264437505162
425.95903866440113,265.48796758067823,33.75431647002582,63.74208241676853
424.90985959283694,266.987472370577,33.50813115612302,64.19322237310384
422.95467064071636,267.79962775745327,33.50792556427045,64.53377060814036
421.47347730962133,267.2327277754926,34.00188266103072,64.88246009842887
420.93484868110045,268.24607614951907,34.08773061631476,65.28908244217277
419.34046629782216,269.0404245404992,34.27625124224629,65.32569083599384
419.0366370486411,269.78785190941005,34.674330272834965,65.39368705032055
417.4575617247834,272.652318776002,34.738791955706645,65.02574574877728
414.97292329129,274.5056481446586,35.26222226507623,64.042231542714
413.45285304132454,274.787256663563,35.625238741569646,63.41759787892863
413.24815704482654,275.74498176432195,35.46854491913597,63.46993637369981
413.2526584619781,276.29850055285044,35.35828476061404,63.75076195582261
412.89670745428253,276.72095813603954,35.2883111656537,63.9031459837803
412.7346392445456,278.59648251866093,35.1277216329792,64.11333989431876
412.53571914036013,279.26032158251513,34.95172456107663,64.61395461329008
412.5437088032755,278.9440107268422,34.78199767665218,65.36329080217496
413.07751959494163,279.36568367154644,34.70683825152296,66.02543807682902
412.3310710473819,281.9655810812615,34.74723595699399,66.37903376032857
411.9443877566003,280.33317542544455,34.62214977976819,66.7347721959859
412.1152495668456,283.01866232518523,34.62680067099636,66.7568190263874
412.38210772010655,282.35202983816885,35.00871851974783,66.89268104631856
411.8734530455647,282.7776508748473,35.07622928484718,66.30167762042257
411.7071027253164,282.7179202400537,34.992731194875006,66.00455868981447
410.3658770331899,283.7493583367226,34.71329903420606,65.46521154921106
410.98991419021905,283.83795817063105,33.62239024749157,65.59010538725354
410.84492694793965,284.4837830733733,32.82448936583946,65.52335487376125
411.26160680645813,285.31738259534814,32.24111439001341,65.48721356906933
411.97026717757655,285.465366461138,32.15284943390937,65.41719798592719
411.91827716599875,284.90224890288465,32.12066002347131,65.71297350770722
411.80228619959803,285.06457179118803,32.010600940647706,65.79096139809269
411.99775940035244,284.7715305342843,31.95218932917798,66.04524154373613
413.55860394963946,285.190970457091,32.21532689076014,66.28289978406022
412.6854060905582,284.1820347517572,32.57828449857102,66.6010336458996
413.94096313613375,282.69203496797104,32.63635375702938,67.13671253476105
413.6135031818704,280.96928726915405,33.038954329618626,67.61864592067631
413.73564457815223,278.82711368338374,33.36235952533616,67.91463554827155
414.6645619122576,276.8180535637474,33.970207840523784,68.27690251605986
414.86113313249336,274.47166746736934,34.58588498013048,67.43532717463629
414.3531429240424,271.42213949463456,34.66804276519641,66.14999896483246
414.20454337812976,269.1909739779996,33.759126134365516,64.01528409966492
414.01600993130023,267.08107013838804,33.16472696357146,61.61987266267707
415.9706276890419,265.7029396153606,32.96591014925994,59.603153972403796
416.7269522839795,263.6548530670119,33.16813522696288,58.483308392343346
418.1712846110091,261.7172959794293,33.74378026528649,58.13366060461798
415.5208309431929,259.8684622951393,33.9672645052158,58.08802658159645
417.1846080824226,257.55702939809015,33.35968092988144,58.2120062672963
416.5719471415211,254.3737250868104,32.745952518715654,58.70927590059793
417.4044633104888,251.80124310209652,31.947207412225524,58.88481848330699
417.8003293610905,248.6415803737421,31.072223357897037,59.238750873609526
419.0138738938883,246.95968999346445,30.41313966339537,59.131874285532035
418.81998688249433,241.95618196386746,30.014033193019117,58.91574581347602
419.5714316482267,239.8342695706531,29.097218490656054,57.7495974553735
418.6517966196475,238.2026563208602,28.66689626265813,56.63642014636555
419.3255169243921,235.52655771274783,28.77123787973139,56.52844280204338
419.36943359607886,232.64782837514025,28.418405146709503,55.951260974328896
419.2344469493562,229.96503135737294,28.081338034881355,55.341391142675974
419.77176440072594,227.68415855622317,28.053318732727774,54.84909011411619
419.8935322154065,224.66022898139087,28.156066062351094,54.78057047960107
420.0059390791764,221.79305589814527,28.11901173422527,54.807915913670385
418.6385590989952,219.46169685782476,27.93978548853309,55.10655928728016
418.43672782149605,216.9978648621335,28.00334489411729,55.48254176010801
418.0381205595751,214.50846456369962,28.52851046776386,56.049385569866374
417.7298583805342,211.57892571863044,29.574813878580017,56.23809888012194
416.58251869786676,209.20591625406837,29.383317706805574,55.84620887369918
416.2874645196848,206.16774723387223,29.2471992565288,55.847275307646136
416.03777562464995,203.47449507298217,27.777521870817246,55.79660006399658
415.4184763368109,201.4606628445816,26.108787072471994,55.68159484306336
416.70736072899876,199.33626865015577,25.082547218760233,56.03420403269624
416.6184004463378,196.07659210108477,24.59263636318385,56.83358642771324
417.13694785689074,194.08870667564733,24.241942909265447,57.83474790358816
417.3071497586534,190.771902288133,23.85066630300576,58.000354359280905
417.52758475953556,188.53841872198302,23.399771276827305,58.138235187869924
418.4470194451181,186.14345993932994,22.91029765761536,58.410361005129175
419.9860503275373,184.58498173962633,23.313040336136304,58.82408559301298
420.13899560653374,183.37993605644408,23.793831907049764,58.66267427383058
421.7694893094059,182.247957025033,25.32271571712566,58.58623927024647
421.59247837471065,179.4451925282598,25.7593028941334,58.07969245812881
422.85285097582016,180.10007059803849,26.38514887843781,57.50492167013395
421.68209341459755,176.44363612760193,26.725107604398637,57.328044517257084
422.37339365740115,173.13324560800842,26.224587196916488,58.079272944139404
423.6462342456981,172.55714369557273,25.63277870098664,58.44767855123732
423.4209930746616,173.80728853202845,25.179254085051795,59.93270992324781
422.7115571900166,172.27934282422945,25.436291137544956,62.26065028904114
423.3272696771873,168.4946427172097,25.87742780871131,62.48628524429154
422.17786311305065,165.79665118010183,26.293214813937766,61.30060327944477
422.22304915339043,165.36606147851634,26.723655721539497,59.61298507519389
423.0652468851309,163.78925079989452,27.03277527270697,57.86331663751565
422.8315787224649,164.14886951582855,27.151433009171775,57.25729942049136
425.91253091503035,162.62735214411578,26.839794126970553,55.48119659067471
424.82892848191756,164.04161026767935,27.495585418977363,54.89749235526632
423.43929151809596,164.5741229113622,27.27620212005811,54.492577541533414
423.37032460216477,162.41826311554556,27.045041103287613,53.54395167418234
424.2079237650653,163.72939059947956,26.494339237447605,55.28004936744712
424.67698635487716,160.687631648227,25.94619818868317,55.14237586370224
424.8553409066784,161.54722629071364,25.27270136535411,56.628020563103945
424.879543288932,158.16580027572058,24.886482269792303,55.87193643586352
426.30404854797774,157.96340524338754,25.183116893302326,55.60915447904524
424.72488471201535,159.26184018178145,25.13146836893803,56.666962946983986
425.4766520726804,158.84893282574654,25.852817680811064,57.58629877721788
425.28794813658374,157.10995949024425,26.840241422145027,56.717001185527124
426.0744392414928,158.55346221990047,27.495515437912744,55.82157287465217
427.25501320441384,159.77621959212843,29.50443892320354,56.0326285647666
427.6029226210416,157.66087562785657,30.3777576631902,55.49097762612283
427.28795510865865,158.27753736766664,31.02977215572955,55.5895938437683
429.7349396690279,158.20373759737578,31.16123943635829,56.1667740728266
431.6481095905047,158.49615452019097,32.850814510396845,56.269699626610226
432.4447135021538,157.5884891576779,33.36365527108304,54.725182329175446
434.4899265520476,158.10607638340562,33.17163615371723,53.767278385532485
439.1149329278243,158.03785118689143,31.004066639468572,52.34194594164681
443.47646040510534,158.22023214153322,28.725774868500295,51.733730052871074
446.8960299346471,158.33925170029153,26.61049750375265,51.10729371855756
449.7955552770802,158.09311782208977,25.178085002480238,50.93237092320325
450.59477822887095,157.1853786193244,24.280383727805024,50.91111837170273
453.4021894148258,157.95440236205164,23.91766706878594,50.94123189699046
455.0115203585994,157.4046133086127,24.342697197840305,50.982994452110525
457.0182408756921,157.32916241093992,24.837053404865827,50.68861426503423
457.73095718877096,156.126301551693,24.745391530661163,50.44161076380151
459.2891259523569,155.90295569612124,25.2048138911846,50.61449876400753
461.37233594294685,155.28712318490523,25.339251453950006,50.671587980775485
462.54530058541945,155.48042235874377,25.450628077207988,50.61763123466092
464.66601314744116,156.30024308682718,25.609334178750522,50.91257534978316
466.97994853662954,155.67666395025918,26.017016378889412,51.29396519030194
467.551794512519,155.52093093118714,25.909518274766732,51.95639863567263
468.1998644185898,155.05295025561458,25.75357621653132,52.31292273095834
466.9741031899279,154.10794327486013,25.034551188503567,52.44129423641252
467.9193995747132,154.91891718334773,24.90462431248757,52.88143443213264
465.7988841538874,154.72877606292332,24.581858157068908,53.11219579895804
464.9842845785407,154.05664756211152,24.402295711082587,52.95045609648007
462.779538334253,153.90790975018592,23.734105704540905,53.03896260412033
461.11330680444036,154.9357685212103,23.307047279791135,53.038237737852846
459.6896121456034,154.677950593939,22.729021558402543,52.929575496692365
457.6766284114704,154.9849666917235,22.33961427080922,52.76853097202171
456.47841534271464,155.22746420969574,22.606218630976997,52.774929979046036
453.28289750909875,155.82823665235048,22.927689478872807,53.10838875584594
450.47979062872156,157.15015957918357,23.406950114627165,54.352039850421924
447.4505838126649,157.0695558416342,23.48875547037335,54.86284144173159
444.45673024581276,157.24243865943936,23.86102986481975,54.96338012741033
443.2808966910489,156.79643271321518,24.49731916673034,54.44786028157746
440.67161838663037,157.10643471875036,25.157343060723605,53.892858711913355
437.80795445371535,157.74869315189662,25.729931546670887,53.47870317374584
436.7811802633011,159.54219369004647,26.609941719491538,53.31275312283677
433.2751415625705,159.57478890628883,27.257471391460562,52.99710492668014
431.76997973986175,159.83839536155682,27.54497094019836,52.75184392044106
428.70362265384006,161.20650733763293,27.905834526304286,52.896250461452894
427.10989295426856,160.8212437683798,27.72241379849412,52.663390148787315
425.18689621843896,161.116097021683,27.349245282848596,52.080229662688694
423.45548526939757,161.05253738412384,26.801477581322082,51.80085479718201
421.9458745814043,161.21437859488543,26.455022077425742,52.05664014909631
420.34542601197086,161.944227767948,26.421712062972382,51.98228726195555
417.9863258066985,162.23020245109166,26.13129125769673,51.398802251137
417.2628386529483,161.5782450756784,25.66223468140811,51.25655000977602
416.66344721241916,162.47255873942572,25.642679549771046,50.9344754166564
417.34744477705414,163.7063544512403,25.964717379485524,50.928569173691315
415.89260269979997,163.8574918922547,26.828365767392256,50.772107279943754
415.6075367710562,164.11663976215027,27.369353337770484,50.34322804405884
415.6163140727626,164.1081815667541,27.66266604392792,50.326865015905874
414.1232330311774,164.84829990083182,26.968438722801437,50.65905205380512
414.30974404086834,165.36334178727387,27.18074385185708,50.76559547818664
414.5255420075761,164.98627224212066,27.442873504379012,50.32460517396177
413.0823910979047,164.07960495229457,26.873639435050016,50.391861262403026
412.3043680178564,164.89612169086837,26.050840380302816,50.743004420997664
414.11416164101934,163.89875966278473,26.178720174992613,51.27477681700867
414.30547528700004,163.96610351398078,26.09321202365615,51.492475589225904
415.15869847338865,164.2261780558324,26.188599757324283,51.94225143228047
414.18827696086163,164.0656209664444,26.139391512847027,52.20750318429866
415.7187931978951,165.28238249114784,26.71945706124111,52.69806765930588
416.3689660303839,164.78866820245173,27.00622382302131,53.15996828259651
416.98316378133285,164.73013767833478,27.173091992998366,53.542455966572604
416.3132602973719,164.92716132041636,27.03677896580308,53.83435228592508
417.5984252852575,166.53526124340806,27.585787979289698,54.87172299658235
416.34546302432165,166.10799131819866,27.886024024598893,55.545461455399575
417.5203095479486,165.06973115980628,28.17309550371217,55.6621429049968
417.7921306346896,166.962465053158,28.270200400542606,56.260586251105856
416.0437022655618,166.55551019705274,27.888517099735708,55.96788280413671
417.14162131760804,167.09985955953977,27.601141520057396,56.126651120178266
416.8752195971042,167.9156178416922,27.62169215344788,56.158540927943676
415.1308847858848,168.22914264350484,27.554819783699184,55.693341299904375
416.12143971385296,167.905517555171,27.293253384794088,55.57821659864239
415.9829582337729,168.9879738426125,27.465617345930774,55.33949726106407
416.14253331533513,168.9028676521001,27.09354970233757,55.27950029150293
415.8785218055344,168.23711094457823,26.79796432350157,55.20319205127323
415.086881863981,169.1773015170171,26.813006901920865,55.252544182762705
414.37307827964,169.41894148944098,26.66662420243871,55.077552812133675
413.9238568116683,168.93849274381012,26.662814941116455,55.253202500661004
413.69734750159165,169.41117808172498,26.60501507982449,55.39062601428438
413.62129991286275,169.30875848262755,26.57743801607142,55.34200146736209
413.1208316886666,170.4626945030557,26.77118452305744,55.46308450463078
412.71778783101087,169.9860125444092,26.714586081142297,55.343755550830075
411.86408874538733,171.06129209863317,26.703676757272174,55.71295657421804
410.6402598216906,171.05104750174027,27.004392465993796,55.84930575335538
409.86838881867635,171.4964694908722,27.194008495459755,56.026012434271266
409.3253990010326,171.36363167130654,27.00490268152855,55.907410729652554
409.17962433246043,171.65058192774828,26.934528800899425,56.111571129855015
408.6576271804584,172.94880647896045,27.125953524825373,56.31005916121971
407.4344797426916,172.55427825154322,27.24560350289798,56.31003785726514
406.1310092314042,173.29649150319673,27.44614193758219,56.11668801411434
406.165527520717,173.80710366990047,27.576049450753565,56.31094829984747
404.3586192355605,174.1222096688093,27.706818535714895,56.688136814725155
402.76600482768333,173.56535569315542,27.859851306547352,56.81151883829851
400.6671916915562,173.5726669653419,28.161786660832956,57.112768486308354
401.75713490925307,173.16017060026783,28.499753008642355,57.51992979555809
399.18621030610984,173.6242333797385,28.955368694420944,58.21964237138236
396.97849891367673,173.3720431592531,29.2715940915919,58.13692564438439
397.3641551118059,173.3282590544144,29.57277620216943,58.38118635894467
392.33857499935834,174.09006882781998,30.103764307923917,58.198875405883484
390.47442753523455,174.89470930872346,30.452847810390228,57.885523399154664
390.8985685097936,175.34832188368756,30.982159855412764,57.509639801960795
387.8709129262204,178.03825528144995,32.19521638388727,56.74311529159229
385.8470897864521,178.02521206672395,32.89812084213489,56.09996649155207
386.11211308003016,178.2815889954607,33.57525809286934,55.71047313212547
382.1994209480189,181.42624263327625,33.99523159029039,54.99715462602562
382.05194609392925,181.68480274840604,34.50079836389929,54.715584322523874
380.7027710194824,183.25282602910494,34.97760615439461,54.121911418352624
374.1613051640924,183.7352797923025,32.88339858294795,52.98155833531691
374.6126979518531,184.73647907386444,31.486380829692237,52.13580650070862
373.3573357150677,185.87315899656835,30.47101277396618,51.897175659207065
367.7106217294136,187.2428862663516,28.874700755039996,51.9127717788202
368.13302211532636,187.33397404221856,27.959755329894193,52.06384818021132
366.9608743290856,188.06503914663847,26.503498534211623,51.77127363543398
363.7897233310709,190.48054659260822,26.02985204391294,51.90472102376794
362.942398738215,189.56194387669458,25.47125110755436,51.78828265676708
362.24575541952896,190.83445181856573,25.385106592582723,51.93250627497791
360.6658932724854,191.58761547469805,25.888214675732286,52.32489112091636
360.2478868439616,192.22783575900633,26.355285272037676,52.42251756890139
361.41027796891774,192.50896627826342,26.730713593414478,52.542202331168475
362.75031298714015,192.6418919836096,26.810058229821315,52.62585348395265
364.1928469372485,193.2385160703426,27.13737741456553,52.64300875286951
366.1051604679088,194.45516479022626,27.889959825901254,52.957605600211565
367.83999382384206,195.1470084264141,27.56581618532372,53.122990593460884
370.70858423724763,195.14398109133575,27.12891306847351,52.980668798773834
373.34379830909313,195.79746298754642,26.94561261032935,52.44267168115713
375.67325572128226,197.38360694648583,26.92570535431051,52.85224716659868
377.7046056135526,196.54952915672024,27.61242573578542,51.27520926468454
380.2247187021797,197.25865890478127,28.729136204038994,50.40855499317183
382.93167664848,199.0708036496051,29.551289037024382,50.78594397032104
385.2284994139464,200.7841173748846,30.05854987816186,51.8457972326527
388.59023032524476,200.83158577640143,30.264714520408948,51.8486387499315
392.10284237357223,201.18807905874033,30.557132635668005,51.91510164814434
395.835443345035,201.4836735916716,30.49769241149253,52.28607078540683
398.41151702593305,202.12517180193333,30.512598272352594,53.11428041957081
401.3155867373753,202.02385759250438,30.31915916685087,53.25927639213964
405.5256828211655,202.54117495973028,30.0445205881377,53.68841729245347
408.25009755835254,203.08083715515096,29.594134717279328,53.42839832153399
410.922476275759,204.1348539475871,29.539706261958585,53.03270604525552
413.98060423151003,204.98215411615723,30.09216678112051,52.529862910263674
417.9577451885847,206.62094004426865,30.192618143338443,51.964830726892416
420.5597464088404,207.93686986788612,30.17542905731915,51.954095347235565
424.8530787018267,209.0331717495073,29.99107770376854,51.92393665235258
428.86111020488494,210.93143235951214,29.820366870503584,52.66240383566323
431.39057348109185,212.07886301917512,29.50962452219126,54.312931310282586
434.6439345728171,211.43056308879306,29.300219843623605,54.95949149819511
439.97506974170585,212.07876879010007,28.850702801744504,55.39675319128421
442.79692368309486,213.13424972779,28.589761642599342,55.57079497801371
446.7800921920718,214.6712840593153,28.359157656872043,55.95210961574442
450.5321645107482,213.7418847829053,27.849092609362966,55.80378231407223
454.01722548007876,214.39272259334354,27.58691744804564,55.52748205940668
457.9426259905461,215.13523831245726,27.538850802110908,55.33714361434326
461.1994191837987,216.15408839245427,26.978175792558936,55.3288166232946
464.338374277246,216.47418975280993,26.616464336133006,55.090332042231665
467.08203953279457,216.755244647075,26.389402990074917,54.76935689725627
470.84094897354174,217.87286937062575,26.56259363006493,54.106449369100076
474.6639565026312,219.78050035225786,27.2702010084095,53.65535366560147
476.5403350097623,222.27023532234494,28.699130395514388,53.63112969710701
478.5894670397804,225.08380517509033,30.96100427493134,54.28511792130371
485.60316658295045,227.27481690588522,31.998516077263133,55.18974607104205
487.8004454045414,232.77934012357116,34.00677520654227,59.71112566106079
489.3132214346369,229.22940503037123,36.173331300648115,60.08428075957007
494.25777008934205,231.0661536972672,37.51268858108152,60.01153720995778
496.854530515573,230.4813460013399,38.716933841900904,58.21978785571864
499.4351044767292,231.23495631154304,39.35128762857286,56.901379491171724
503.8629358773599,230.40144984709104,38.996204661295835,54.541491174958566
509.92504607720485,233.35809020707666,37.84502198133249,53.35967102627635
516.1964266984681,234.60515614109863,36.71691833157944,53.206084812529305
522.3600971281465,235.06476845544142,34.63924177886316,54.756159500249964
530.1956766399519,236.74868884561656,33.02263292615092,57.00076073650128
539.0808371921609,237.35506846807715,31.84378826216261,59.834632350955104
544.4640802497494,234.56624021555427,30.77131764991535,58.603344153852404
549.4943689053642,236.32492686667734,30.373353253724567,58.21370217484844
557.9135963173328,236.65414449938862,29.762147575295415,56.56045489770712
564.962880703463,239.3846688251821,29.870533759089493,55.880656246120154
572.4321918049004,242.10495938138658,30.64556512066781,55.7087213739456
574.1337790952642,248.19501992518843,32.96976175576063,61.16518170724034
581.0757483339773,244.44591950691117,34.386940221693635,62.02449704574799
589.2121424903714,242.48398139525636,36.4923409958197,60.56223435304193
597.4826296950755,241.09232713123274,38.13518921824736,59.65451810081578
600.1728523084897,243.3515142657037,39.95983737520811,61.27327456917854
617.0186377728437,243.68348348544356,38.175065762906385,60.16245197442541
621.7999812214621,241.5571821296148,37.1858194174274,60.15754736186413
632.1934515232123,241.0933945955146,35.20448184127067,59.45488866541611
642.3489778553908,242.13178665263368,33.269085304843465,58.74854217324826
651.3207508265394,242.74965881798826,31.35634685766331,58.25657225660159
657.3520593815354,243.45251940673387,29.889966930288562,57.26932336914946
662.8622947743809,244.79913091788484,29.366627492253855,56.00723743180848
669.2320677376359,247.75738988668874,29.862005882149955,55.21193531451315
673.1659628086603,249.9490226339105,29.984846843616893,54.53499916577278
677.2950899899729,251.70956184044582,29.267745435093236,54.560185401139634
680.7596509612711,252.98969294318363,29.329498736637643,55.160262551132746
683.7073887312462,253.25829186714705,29.1184561800858,55.546175665119954
686.2316406894307,253.58589966379782,29.2455351494588,56.147033069865316
687.1361899506607,253.55903138721837,29.393544170944296,56.503442962867965
687.2690294953146,252.92504687088123,29.949001556245772,57.5337105795266
687.9622225681946,251.2260774792818,30.290337578454462,58.46907917229578
687.348815070196,251.73845526935196,30.64982774535021,58.97783189293672
686.7859961034915,251.65130718157863,30.849913310595127,59.36924537805369
686.575314318764,249.66976033637258,31.013769555831487,59.22621419053611
688.145341013033,248.03656261212632,31.952405742488807,58.28270973668489
686.8937087947145,247.80118465434686,31.623059095141368,56.68730354286882
686.7039277736347,249.36113316680843,31.042248212496048,56.23217092224253
687.6501507544432,249.99825929731338,29.979239506738548,56.645357626076354
688.0516522454095,250.90187651455284,29.35255183242315,56.45441042304277
689.1908598614857,249.8219534857185,28.85997949577857,55.89570484496927
687.0625938541028,248.9994386016991,28.35894315116938,56.80889257199244
686.8114814945268,250.4965026579905,28.50318142012616,57.25839849261275
684.172964243748,250.06044907380468,30.333896341605676,57.57441435239063
680.2302567713534,250.15749419095494,32.35941748756656,58.89070009465265
678.1120828598711,248.14944235108834,34.4893810331875,60.30324237301866
675.2871409103891,248.05405311238633,35.23772989797176,61.90147629475861
677.517697297735,249.30218408431938,34.778768612537746,62.79304699249405
675.9112183546207,252.15152089050164,34.48769817845391,62.326825772707664
674.195731065528,254.68578361969065,34.22925014921739,62.095016012571804
670.6729090763276,255.9845609973026,34.692481407891606,61.073221145043256
667.2000635705879,256.5603055953288,35.33025005608977,60.73696327223301
668.4866830200042,252.7749295654163,35.364890795929114,62.26415148928461
668.4212462571525,249.03963114675946,35.79553849155446,64.54044290667642
664.6746936147257,251.3325977917856,36.068184792033044,65.66357028556943
663.0853750134793,250.93489201958602,35.912730808002465,65.90495045789828
666.5027213297545,251.8795919033207,34.38469405924097,67.03683670117113
663.2281360398106,254.78565661459623,34.36692433151159,66.21158472002627
664.3901661836469,257.36007041222774,33.7768728329015,65.14742814527105
661.0795526835151,261.2812263153179,33.61617844644649,63.468049688700106
662.9826639879464,261.59545295988596,33.94894814715419,62.58581221987649
660.705663043153,261.4499651792186,34.33614095470978,61.210207581015894
657.5410116337947,262.0444859534974,34.62082707420748,58.969591325427146
652.4659795204776,262.402213807445,36.574113957091676,56.802643307961645
647.9939361607326,263.95831478501515,38.11184386505825,55.35406134793847
650.9135415927886,266.4285239399847,37.467457219696065,54.42054001065556
648.590712643003,267.35891525478985,36.78462390832981,54.08972564276404
651.3764888572914,267.3600399983797,36.76057209010473,53.80370845538901
649.491248249293,268.2732628221891,35.90854048871874,53.58491356460612
652.0086490176639,270.1883864425927,34.29732293635189,52.98583697809585
651.897824640451,269.86746666458873,32.80017591441067,52.623724507736654
653.3027989161633,271.10484402824716,31.206505439157816,52.07249272963849
653.464147043931,272.41377667433864,29.36589536526295,51.70752660737745
654.8774365347556,273.08280183126135,28.08872434259812,51.346389745680455
653.8223722507414,274.0236374974519,27.136948003399986,51.18357522482273
656.1597934945098,274.262948069538,26.329872849847668,51.17645066268178
655.6616281949435,275.1148182135692,25.18660078784726,51.62645793321312
655.8550782806477,276.3347208820626,24.51910674436858,51.64821570657798
655.896461368659,276.11099232926307,24.09466576365863,51.701828207684784
656.4571013722322,277.4080002272607,23.597790663738724,51.777902133369274
655.7003106618317,278.4618727986284,22.905973524969358,52.21965650235251
654.2885905629479,279.13518628321776,21.883649562580867,52.43230992868163
653.6966864376882,279.6497039715083,21.763380664662584,52.820358292334994
653.1626490299386,280.4526580679944,22.01871133953683,52.99283144701903
651.8145853205621,281.2536228235803,22.138880506336918,52.953295124323716
650.9408451696837,282.78201496832264,23.248039885241994,52.79302572741727
648.7805793953065,283.5333021048276,24.156721458410466,52.93205301690725
646.1568940109761,285.75494421698886,25.336114321797716,52.67846605820975
644.5117844588988,286.42008760034406,25.856176565600858,52.853077362788426
644.2312325909661,287.89380300070906,26.490614041700542,53.61299824662871
641.5625262551944,288.93593096447574,27.08672422300981,53.69413233374379
641.5755788997907,290.7081831932444,27.915828284402956,54.206512641831495
639.9506438173291,291.54796258810734,26.94136373252932,53.884268915582226
638.4082503809718,292.64317244992696,26.0495575876657,53.79841767338826
640.0172019866271,294.1260196840974,25.89957124647231,53.48660809274266
638.7508133583156,295.0202904747042,24.625478996259456,52.77275828399002
639.3143253582559,296.9615797442358,23.469158121378868,52.26675140020029
639.5351727826869,298.0683081238715,22.671307877009067,52.494182092100814
639.1261684535607,299.2923876575319,21.74743421104276,52.22816718981905
639.1194164319824,301.3547004474859,20.388043967089864,52.676799056200004
637.5965744648846,303.01780429980965,19.20011584073859,52.97534721092759
636.6636121988521,304.2744029599875,18.738312101319323,53.133612903267135
634.298184600873,305.0332665777998,19.531789367589973,52.69796269400982
630.8075443599373,305.988215253319,21.283852320164343,51.86957779414324
628.5801366154141,308.8759633573594,23.471822106085927,51.53023881262488
626.1509451318802,310.46534052968195,25.250935663973898,51.23234384297981
625.3627350353274,312.7039069431325,26.557107443993484,50.90245833053184
624.0614627972263,314.6046115840206,27.212371036406807,50.15852890715412
623.7672607391155,316.321240769014,27.66393433231599,49.723332670956296
623.882141961777,318.67455564554524,27.49131605203184,49.39805057414392
623.4353654371029,321.13253820115176,27.383358481263016,49.86563038480582
622.1905360871499,322.4331070160378,27.049713958512626,50.165524249174354
622.6211280420478,324.13921195321683,26.206611713755976,51.0971864451288
622.1777415821682,325.29495123944344,25.79718102023397,51.40776292638651
621.1869190938061,327.41027855417747,25.573656319223787,52.17132521586381
621.16221734402,329.492762315046,25.092389652780426,52.689219022251805
618.8414333523797,330.6026364377317,24.395349847975112,52.90192011770069
617.1597111798098,332.86311251735214,23.558812503661493,53.245973451623904
617.0392390845822,335.07068682291384,22.585309672632533,53.647276866867614
616.3616440850186,337.2393611582542,22.047860511603442,53.94257284950718
616.1952911482375,339.2958491139856,22.151654031650004,54.08347267046631
615.215029117368,341.42013984640926,22.205058342412375,54.10852706987677
614.0961373759495,343.905017668687,22.69191103911661,54.287773500516636
614.8767148630216,346.752955620183,22.749652549347417,53.68927918932145
613.9148361522738,349.5247909206713,23.375604184710216,53.12272040475112
612.0271839307882,353.53665752396296,23.98065105932217,52.76436195402718
608.3976448465402,355.95771739653003,25.867140116489928,51.17198280947904
608.5418197106325,357.6659817717322,26.506784162719484,49.436499591301214
605.4504684507415,363.72560138844756,27.743106067267124,49.090209576620495
597.5003360738474,379.88088201051073,27.251723482188133,55.578354387181626
600.3499122760203,378.42983069044396,27.200337191123488,58.226276119112015
600.3432574162896,378.2879828197345,26.928399107850442,60.217766049984085
602.7023239197118,378.69747851763304,27.260528552177973,61.62750390223387
602.269477385495,378.60841251169956,27.103577577642987,61.895311817421174
603.642411293392,378.224052205273,27.443647261848795,61.607971639258665
602.4282004922253,380.81174528190917,27.336531144455563,62.54942203383796
601.5027256029997,383.2499033575949,27.03057479497712,63.44114177113829
601.6865158029651,385.370592339052,27.28430176809317,63.612987074825696
602.1197310678701,387.63602204566575,27.373636008791074,63.779851050270025
602.607319499221,388.6018945414137,27.506460855073655,63.35837522381325
603.1995676330838,391.4749385565526,27.4932902709418,63.01646199822292
601.9745374220321,394.77360782691864,27.948126694021795,62.885432051240805
603.8756118493318,396.24854293820295,27.788311823797418,62.25915496832067
602.5377494460679,399.68983814724896,27.708116220168908,61.365028905697365
604.3492638302133,399.54734730331927,27.345616016331263,60.82368613066619
604.2573727341061,401.9405046645841,28.092294937061226,60.27797199407396
606.0520627135409,401.5312657094988,28.51307733170725,59.62087922553356
604.835391565101,400.88717425592,28.67247858854799,59.072437987183456
604.5007707238622,401.84406395022944,28.706603693877163,58.6136909471974
604.0368134867844,398.9103250963375,28.725338480532898,58.33413496357508
603.5203716024201,399.07794285010937,28.372831013909774,57.65070914841411
603.5057367986552,398.06728911772285,28.181305943705098,57.04793214053086
603.3119887045495,395.72638551778175,28.457611336018022,56.236514242756826
604.2017497592983,393.71076777404977,28.445346916950243,55.72938913451762
605.0533161821734,391.40726904558124,28.47446809952043,54.6872624459469
604.3551840251795,389.9823173200474,28.986500846125303,53.44398047220994
606.463194724069,387.67279611916246,28.697557695416716,52.97816874800326
603.5266238488693,386.06984043932545,29.556737653823806,53.004590971935045
605.7732645792338,382.4450914100052,29.388544694071506,52.63122526104431
607.7382607840276,379.8692173359485,28.779002113585367,52.20568764255607
607.9758830306889,377.04506575835194,28.42297453920809,51.68745637392116
607.6188935913807,374.1064598586542,28.135809008644813,51.69745015573844
607.6498432900302,373.73918836664416,28.802272648455386,52.67947543956329
609.8905715263912,368.69091977885154,28.389984266553462,52.95315189737505
606.8667993330516,368.1047792342224,29.45841793545931,53.83235742510992
603.6223741067938,365.1903710892342,30.602923295201332,54.949992074461356
604.4805251508672,361.81890032581197,31.5675599277579,56.3813491286495
603.6070725436966,358.8430008792326,32.33576641163009,57.538928051105145
604.0724997232047,355.90940877360515,32.987095890504726,58.497359820953804
603.2043924499277,353.10953238293956,33.706373181199325,59.33054155736309
604.1888223177182,350.78458705646113,34.4185132014776,59.74849861656996
604.0872225298982,347.4336805562983,35.21498975465659,59.88617892646579
603.5707718003333,344.12646681755643,35.02212217081773,60.25873933851994
604.751753974587,341.3764194191798,34.75113072270085,60.40594412062479
604.7365469631991,338.30372403172925,34.45370966246897,60.79115728322122
605.6389930415668,335.0554003006081,34.34631201256953,60.85376849058072
606.184270312631,332.14365698707365,34.12582888157388,60.99991747116513
606.6139034050609,330.0871543237796,34.40604328753439,60.768150458886055
607.6092204843095,327.36784178180494,33.8371620587248,60.218982574085416
607.815086995651,324.9380205347237,33.583006550690165,59.79935871082604
608.872172088781,322.5042584190062,33.285868224781886,59.16663880163607
608.0186942081602,321.05538499173406,32.781978038757615,58.12680936223501
609.4535208593863,318.9295281082674,31.727708647438146,56.95066668385587
610.722760295008,318.342596152263,31.183400918773053,56.01703242691926
609.6844328990471,315.5799477495436,29.831009079835482,54.96214429583475
610.4424844097994,314.0868207596012,28.464655814190237,53.965732260094505
610.3165245800493,311.9356085334116,27.768577426815373,53.37872189802055
610.1590955453249,309.9598453169018,27.805191477709613,52.918428873032354
610.2343985276335,307.60820908577983,27.57220331094399,52.26813993390912
609.6154050906933,307.7814719824534,27.663995726816445,51.74310156731971
609.7668869978626,304.3009135901276,27.3412565218529,51.032358610760454
610.2652239812812,302.3108467676241,27.300255772789043,50.18606098135329
607.4518934793801,301.1854573563006,28.576452909403667,49.0715443938441
604.5181481922332,299.14234960719324,30.050449831353905,48.24676440866043
601.681642205253,297.74448175308106,31.550289808244152,47.005924799501926
603.9577550314009,296.30354748521523,32.90641986883893,45.808325561796124
601.0910855690968,294.2161039965574,34.1787449995018,44.89019496098675
598.5059405433365,291.4151836858473,35.0136316086396,44.49014349256323
596.7442462361606,289.41404251427485,34.46400691732717,44.315103448012835
596.8677746394013,287.82004614695717,33.76841800635371,44.37060411721845
595.0495750378765,285.19099673858636,32.789369211356465,43.23786431091321
594.906045656692,283.5841083091086,30.653164423920657,41.87446221479058
595.1132414152132,280.33281390326545,28.238559283831407,40.76286950792218
595.9210067772495,279.67662104951944,26.72498778827444,40.00543099666421
594.7670317431023,277.0325821120296,25.382959218873456,38.66190944537433
595.8378932228258,274.49481687805934,24.8358865279814,38.15662173704541
594.8263028618961,273.90253917159424,24.578999805992893,38.59656350251459
594.2351986056279,272.01585375597637,23.545250676927612,38.99265314478552
593.0347646680665,268.45038652104773,22.65575905498026,40.629355436908426
593.6157644130341,266.1013880551058,23.290741376568654,42.996587598284435
591.3165527513961,262.4724841761373,23.54311062269607,45.27214132790123
589.5251515727579,260.91871843556135,24.03439076317579,45.96927241842812
589.7334121406292,262.1010678560512,24.84521032567512,46.048756927057774
587.7162118070851,257.761291815159,24.457964874599323,45.805198046928105
587.8494729912353,257.1165416213826,24.424367921338053,45.40770197451993
585.6024875417248,255.2526353580894,24.26509480180416,45.25673032141886
584.869005447158,253.30875928837256,23.81906460617229,43.98746952139942
583.514705058601,252.2362357743558,23.315324074692526,43.453485177362595
583.0843418859293,250.44550595145472,22.70456909679355,42.57539587296945
582.4737730904487,249.94497514066268,22.427705589122034,42.637111181077
582.4769491526282,250.31294822836875,21.74805939738031,43.9110679597664
582.9111407732545,247.4083656549078,20.791037850463614,42.722811842039874
581.0634964495166,248.1573877406039,20.836149495986238,42.91438864232739
579.3402061725968,248.92743147454286,21.313438362814196,43.5468780787463
578.8762916738317,248.9495568555188,21.871745265617733,44.282000485739744
578.9513701115601,248.16140644679052,22.055328624536163,44.93343558054007
579.4418099971056,248.9479663852655,22.241395264577868,45.59990920944952
579.2422460310919,249.2728960009351,22.44528699055067,46.369071584555556
578.5772433829865,248.5682955566658,22.03731621254268,46.58184608149265
578.1479699994834,248.00847367483894,21.688358707087975,46.34719602190414
578.6020113454679,247.52507657485387,21.392168715314227,46.0754953488274
578.2603143906605,247.31427976619221,21.374909548757238,45.652072486658554
577.9269146393024,247.62252639824365,21.322333441121856,44.75863220107129
576.8449564094989,247.34035617786304,20.754484153658453,43.81821189964498
577.1305963659183,247.8327692920661,20.734626359960288,42.85186406479359
577.2051198691127,248.92552979590397,20.793640571833382,42.86678251024285
576.7739734796693,249.9918725810172,21.456706971325488,43.71914332673517
576.663561879548,251.1460291448063,22.881677510435402,44.762606322203794
576.0004542775864,250.40978192236844,24.621482191897492,46.05490972704049
575.872074710949,252.0521294957831,26.553702140601942,47.173824809703326
574.0957250743817,252.40146601637198,28.2908649147131,47.49645303805679
573.1477995192463,252.45013277523833,29.727487509358973,48.15896143926942
572.2149471977036,252.85772874696266,30.744910292092747,48.56432003293017
572.3117805184856,252.68229103874114,31.146092283341233,48.793155654451326
573.5640749278652,250.9070693671064,31.236413132550858,48.833482420572366
573.1558195992022,249.99013068993554,30.983420005697184,48.35270828565625
573.760114902962,249.51146014096366,29.89279509641979,47.73319086309223
573.8717297157497,249.33662240481678,28.366068156391258,46.80483593987818
574.618475526305,247.93518158335698,26.942858517702565,45.94739348611806
573.9875371232123,248.6405198819079,25.452690646153457,45.29045529233657
575.1434439212553,246.22302695356476,23.868355077411145,43.73208482578064
575.4121282366095,248.53876119975743,22.933983272874688,44.670730469137474
575.444910679357,248.0489272259162,22.194300345387482,45.572792215648036
576.6159875537539,247.64703810737427,21.387867421788897,46.22265504745848
577.4693603646474,246.69236988814203,20.745315525587902,46.7505065005714
577.9689404929711,246.1897433080379,20.137253291401567,46.46797889906096
578.626371397744,245.6872292441693,19.689624758222877,46.05909711468878
579.2007380509817,244.16019272077014,19.54845981112255,46.380122676135485
579.5995458577472,243.35209300850212,19.387807088216476,46.73661751082776
578.6840307951704,242.40577185174797,19.402354669424707,46.240771054804824
579.2580270468646,240.3576115457638,19.258451521505204,45.54210112722242
578.9762400491603,239.5702411759136,19.209400394843417,45.15219648118064
578.9965099632014,238.33178722316882,19.44615854039404,45.11533332954125
579.8146311754015,235.55050068681624,19.72277317165799,44.39297140468781
580.255724696983,234.0349572422355,20.29154438044809,43.78105292275558
580.4671184435061,232.51735505750452,21.044156667675182,42.8373983444636
581.5571178268299,231.16332802578063,22.125205264309024,41.64457350166138
580.9523359017182,230.9961807707399,23.053068980254977,42.29144430568818
580.8883065437165,229.417842309035,23.91094031832889,43.296921888277645
581.2681205874367,227.87421065926785,24.576269506278937,44.49333130597603
580.1092237250487,225.14423954109182,25.695378538672124,45.893596418304625
580.803995881816,223.69156118603948,26.20506518216865,46.780215335440595
581.4194582468344,220.95816565641795,26.37123517869441,47.70623491030862
580.5444153729042,218.74100189530088,26.509565555461286,48.21534575773809
580.6715486968312,216.74826408826573,26.67740278944308,48.43490645481617
580.7681364950994,214.2947167774958,26.614338887242702,48.391027565613825
581.124862638707,211.25692285602543,26.37224585295705,47.69748088707024
582.1020086081206,208.94830782995444,25.970398372137698,47.33981164722
582.4358749195322,207.38255547447176,25.36571506572079,46.917666455841655
582.8879621451431,204.3447750142542,24.81699410570983,45.8084281819408
583.386255056058,202.38827468545773,23.975117146184804,45.13489624676032
583.4840115548219,200.10820648593588,23.151979636938172,44.03882842217121
583.2567098679257,197.78655132689383,22.585968386707133,43.489664375020936
583.2890313135637,196.21574249308483,22.337289240548536,43.2043716422483
583.6770798289381,194.03161517060548,22.189625437338606,43.53492944882812
583.3971668495067,191.0328688696262,21.960480448935954,42.18954180176323
581.679716050631,189.9787463194703,22.128833889948854,41.86504764426254
582.2380219616684,187.9442198274299,22.104415671389752,41.86903715178086
581.3864758443699,186.44558449352246,22.337468538311064,42.165853107681635
580.8927132183815,183.8064206378044,22.66573780884246,42.55392965944983
581.3318578360785,181.9199415029717,23.273364711143703,42.04723247257219
580.4031410311736,179.78312434124805,23.51780698794582,42.229703160765624
579.9405644461042,179.41833594795287,23.592236891482955,42.85413163192631
579.6059773580498,176.23361558683158,23.634213801966794,42.96728573307512
580.116825079136,173.9439074241614,23.703506518974194,42.75417581329827
579.8379866609263,171.7757237789328,23.72329578215127,42.37426502758362
580.0235082837628,170.78914090611298,23.951129489603357,43.20721776052794
579.3492698780584,167.76953338968505,23.840164162340233,42.649058830981474
579.4491327337711,166.05967071158767,23.858044041735095,42.73400635514499
579.0614409819153,164.0252994399046,24.214695855993487,42.854109982495515
577.8918662789721,160.9493922321278,24.003720139809822,42.23270052109596
577.0937307387896,159.5305785085573,24.223724740682535,42.079071254369765
577.4448922089979,156.42793751523817,24.55994550143788,41.46752737430882
576.803729308043,154.90144776655035,24.839738344363212,42.00881863926258
576.5142675675285,153.19656950936064,25.104040853712547,41.828243122392
577.0984415777126,150.4806556788434,25.049920128266134,41.75860593967647
578.2274340391232,149.09803373819852,25.476642847046573,42.56239352213808
577.9596912380742,146.96044394359626,25.433499909105336,42.99309068946762
575.7086302913336,144.8966768828106,25.496946875828836,42.60358074365616
577.3438474060341,142.36307689538864,25.350398754826216,42.433353960687555
575.8288912152117,140.70309084868126,25.351273660885326,42.466094608789824
577.2186451152569,139.00466526402394,25.477756461380793,42.80145285818259
577.0327666711678,136.33451087460546,25.117350873973002,42.38445267705862
576.9332542036232,133.5379232507371,24.71351631199204,42.44707982909221
578.247966100029,132.00174597816175,24.566895863906915,42.93432084885229
577.6355477254815,130.2636440969145,24.235320869837892,43.269212965838946
578.5083457798318,127.84467483073442,24.07047427285599,43.521702279449144
578.094394686039,125.18749340687914,23.87426757372282,43.45465643575344
578.6215284640442,123.23225495156906,24.080864275524934,43.67204862957673
578.7263220582944,120.48609589440431,24.087555163196402,43.50401212964841
578.0471827269356,118.76622367873902,24.53143563255459,42.849152068791476
577.8791388330637,116.26303337723661,24.568481672251423,41.467638995038484
577.5038156021893,115.11861308733634,24.2769375822425,40.296869589487486
577.4158846563249,113.85161012152696,24.45803323861975,40.40806210557888
577.7751171572892,111.68757992078874,24.572804931027143,40.62809028049284
577.7661260046892,110.9325011448855,24.661603276266128,41.60496841335399
577.6580851730031,107.37122995874772,24.52282654120076,40.942499494125656
577.4543464025867,107.11445463715627,24.526434453127386,40.73264620664448
576.5900269992836,107.51706136241293,24.434867571257037,40.577518205349904
577.0491535646016,106.54612804087355,24.309690002144485,40.727102743936484
576.1518181206441,107.08587611575383,24.48798210587981,40.858299953550926
576.8641796007176,106.08592443165399,24.478511831279473,41.16801777487561
574.9438138943906,107.77843781194441,24.674574664832214,41.541184984021335
575.1431231073675,107.99700915887769,24.8615275279408,41.62072014660011
573.9612574919888,108.70799797335792,25.12471859756534,41.075314172913075
573.3615458111012,109.82153936803503,25.549346427114067,40.48893267750415
573.1867465394872,109.88636351945206,25.534229394170033,39.76028535123258
572.7708632103023,110.79944332500357,25.65850703886795,38.916761238176456
571.8706321046087,112.20326818723775,25.776489391856693,37.55953570804402
571.111411987094,113.33828821732118,25.756210449640115,36.65210551115844
570.3947445073358,115.40515434747662,25.319649474098053,36.69499373424597
569.0114518345911,117.55683241766813,25.17801643579831,36.69412782823796
569.4043472625178,120.15972403478841,24.551588372913578,37.5008415422396
569.619608990749,121.53350267012631,24.165162816841665,37.3790929873841
568.5516001032803,124.05742286599717,23.734255542951054,37.867934724548626
568.7598910755366,127.23665738515106,23.442360793262708,38.69051121846741
569.0182374758899,128.24838878136245,23.10655330749744,39.67162606276341
568.6122707470076,131.3334526032426,22.993018320437866,40.81555481548748
568.0562629866557,134.14071473766612,23.027389492997237,41.34011440894513
567.7264351236654,135.45166340611914,23.19499504807927,40.908616241960935
567.9296271500508,138.8339886286528,23.360281527535214,40.56683261818265
568.5070943932014,140.56889513532573,23.416498164280796,39.84354060093056
568.533040139533,143.8233943290307,23.529233746813006,39.293496070942496
568.3606056864385,145.54913621947938,23.770487845873028,38.437303427740474
568.7618408855404,148.7085060042442,23.80648790665341,38.11473390215609
568.6434730815423,152.34452543116706,23.769213810059817,37.53146152780259
568.238277746344,154.73993293625006,23.475241992663612,36.69181839263658
568.3320110890756,157.69296856292885,23.350000648997185,35.69368323547044
567.4047409204111,161.19529554162733,23.54357602050593,35.88189274242896
567.7325505523694,163.74094067595098,23.748460906979926,35.93408849673083
567.4750269018966,167.66406783675754,23.830173857339666,35.80242615509821
566.8222684071305,170.98205806063078,23.874529042672517,36.17528054621894
566.6893579206281,172.36805720449073,24.140876443899934,35.95421609638963
565.6496639643955,176.00977722279274,24.701785962810682,36.423446347871575
565.6156354880392,177.65815223389095,24.874945454585735,36.85247299803843
564.6548837953615,179.0985863228742,25.338265551367034,36.85248708325551
564.9636801988403,180.92442881881965,25.659805434839022,36.6754267251537
564.2410682537596,183.77228026506106,25.65706942509784,36.35640229946773
563.985641096707,185.46463604441595,25.69599228168362,36.02492865579701
564.6602793647136,185.6644598027218,25.527929124576843,35.93652991848215
564.8165228674231,187.2951226797057,25.47998374513411,34.97384155465108
563.7433641177274,188.62010555072717,25.862476781634893,34.214096454697994
563.2510658201804,188.78076450209227,25.972660840107935,32.625414050014705
563.5849874008072,190.81741162922208,26.262306692526284,32.128116194680864
562.6774404066954,191.2505552126466,26.34732102987094,31.498363146484174
563.5249193299037,193.33100588188648,25.88789022202848,31.042723038473113
562.6146316858965,193.47267794880833,25.512100153597576,30.976107115078662
562.8226801943058,194.01255706883694,24.779001794005495,30.99575225636907
561.5174774576168,194.44998415778866,23.9809447429695,31.348162482762504
561.9702428813547,195.95327533855902,23.361615372544573,32.18977805823349
562.7695016471054,195.59161490270125,23.05318267991028,32.73573839528109
562.6887018702882,196.3625957671729,22.932662482567967,33.20515972297843
563.1647286416626,195.9481517253052,22.643000602417008,33.64712306306151
563.8616205701802,195.98276086799618,22.439348886495086,33.99923809066781
564.349381480386,196.19576482909437,22.038175515790556,34.12470569337377
565.4448610225954,196.6764624710497,21.56560022043404,34.17239701834982
565.2814319528728,197.27906196846374,21.209078232926167,33.94171584578737
566.0444084773246,197.37522841326907,20.84599749847569,33.69013307824703
567.2545971848068,197.6468911312328,20.70075893849178,33.37095162425318
567.5618457682469,197.85611073334223,20.641353629521646,32.6418968804835
567.5867849929173,198.83795771577905,20.66676967480991,31.83893137019971
567.251042046365,199.12031683719928,20.577162428266092,30.818433098062346
567.547096460975,199.44280386111137,21.04412800090143,29.92386340814832
567.4700227053191,200.28635922212862,21.36356634473291,28.919430908770124
568.517672725141,201.48390808703581,21.655274972081397,28.015422046143215
567.7004491170163,202.86943312950996,21.296848042822933,27.50284821851914
568.2017931072536,203.96266044990023,21.212899381195896,27.127215110941748
568.633782533421,204.3865506385238,21.09991997954458,26.88552146465164
568.7269010677039,205.8839023179234,20.806802722990685,26.710886465227404
569.3631103517947,206.60272825329224,20.53619232131282,26.572299230720198
569.1483447447508,206.93592442281198,20.467676660400635,26.442604279376027
570.2618059962032,207.4051184064711,20.64570716042577,26.238240359909376
570.1425892734178,208.93090258753315,20.619392986367533,26.20685937571492
570.893695494734,208.8929925677629,20.447701173618146,26.18094143918124
570.7528361194001,211.02235251044692,20.46905157711793,26.652430904399125
570.9459029725192,212.32137738359472,20.522332848906874,26.356154229392608
570.7463472818956,212.57925780076008,20.511165909841566,25.974617333050148
571.3928037430147,214.0577974168262,20.497328610162047,25.73333552523435
571.3127721090061,214.6924821772484,20.564778657964286,25.321639649409438
571.9869413573517,215.95072829562187,20.634263952777026,24.854784253482823
571.7652375142518,217.5009873464936,20.690357796203493,24.233727821661283
571.300973515238,218.22481063315428,20.571095266887404,23.670694285449287
571.3896427759523,219.31728964217538,20.51401889145465,23.1649965213133
571.8532473191249,221.0298121195533,20.56234233684783,22.746093229155132
571.6061673173688,222.2883681484281,20.625075338406873,22.589378510272685
571.6305056766989,222.68994430163983,20.48920226964901,22.859125068595333
571.6951362490624,224.0595143936342,20.6255661249219,22.918095846520657
571.5667171209866,224.6545518800821,20.67770772580022,22.865639892179576
572.6153655138677,225.1525313026621,20.543271047460017,22.97872035366017
572.9372502924349,226.36166710298644,20.676578211516926,22.75399123348024
573.5274270014686,226.94944763934748,20.65324536229724,22.41674803185191
573.981057895807,228.47592744920536,20.66840026063211,22.177135274929135
573.914992240263,229.77157215137493,20.52439326605607,22.28831474266029
574.1782875589321,231.3840080944184,20.243888749323283,22.439640671514802
574.7627722479731,231.29976075815193,20.279516844385757,22.55404293682112
575.8445709540016,231.7045397547892,20.431623778031938,22.473275226749703
575.3625014764062,233.2015345497438,20.523318580390544,22.373114982543676
575.9674869337073,233.84906727407383,20.663758127214294,22.154229038278146
576.1604383918844,235.6440959022579,20.82659178312564,21.94572543181233
576.4625303601879,235.97595796690985,21.19231751448747,21.702335164813103
576.2128230687741,237.14404234351798,21.3515526539557,21.847344695288268
576.6210624963328,238.24027821387202,21.31109766358444,22.036403716298917
577.4070268599389,240.72161938147832,21.248995596528477,21.90457770432853
577.7489386763717,243.0563450388763,21.186311490030068,21.90674199011853
578.7902868090946,247.69253873720353,21.383614003881146,22.07724857539761
579.066146022885,251.71653821154416,21.230088935675326,21.51657720239995
579.6087619040536,255.91748016152332,21.18940520800605,21.955086368847887
579.4971316343358,259.7813473945197,21.081595801152556,22.360103367698883
580.0496022114012,264.0949969190442,20.964623091846,22.499856015427213
580.0143972109366,269.026746652618,20.780707226076043,22.238697246521888
581.4560869498387,272.53874363451547,20.501568165752282,22.33309622706279
582.0163308916909,277.2636089552187,20.199576986149463,22.328182175011907
582.7040701931558,280.7736841532545,20.35678270939156,22.695582132944068
583.8084952382708,285.51340531358215,20.572401613302134,22.32940580349974
583.5628299409083,289.03504065959635,20.45293814064432,22.42439499916665
584.7901424058642,293.5890483870344,20.416739724404287,22.305042264017118
585.3429761983471,297.92013430740656,20.38136938064958,22.25088739104632
584.8220552689862,302.1322707510413,20.47718157628538,22.27307141295646
584.4072034014587,305.9131356194935,20.529854366516314,22.368408021266845
585.6278945106912,309.91625444180295,20.72035386191832,22.447245755065957
585.1809972256592,313.92930093612205,20.353558832372933,22.453356440744237
585.6276992746668,318.4558934706702,20.392085276349864,22.41614732379624
586.1987019371533,322.4663488853968,20.217357478232458,22.469867231647747
585.4914706787443,327.06536170793896,19.652167590265243,22.389357150528298
586.7576062990768,330.822012390569,19.532555041006624,22.14272601231903
586.4156050558341,335.6546607523285,19.43398001284339,21.99126901047978
586.9992931611431,339.2251613695892,19.194712017557517,21.90639723152473
585.6894119788308,343.7429262151204,18.97964314438912,22.16108970843111
586.8656667126568,347.5524649490503,18.937604257791826,21.679860140961832
586.4243753768619,352.0071305024086,18.789173440611997,21.951223614323446
586.8427991268106,356.25684007324804,18.14142811356628,21.90342648192191
586.0807974536244,361.0881805405455,18.24029870847376,22.174682620080805
586.0527113329451,365.08772147682936,17.809509585086378,21.507914285110775
586.3982757898476,368.74081011170097,17.893969660539064,21.337700455309015
586.0152054662586,373.5510003806166,17.474853349709328,20.940868806637884
585.7210725811573,377.7168241515188,17.683022684365113,21.143126294130454
586.410583035408,380.97307003325477,18.677407232406804,20.239521249408398
585.747409503202,385.2265449208335,18.731835046330453,20.155629030403404
584.9083872879232,389.3472681690549,18.777211935384045,19.575986733179185
585.6675565767521,393.2632062878895,19.235809698058404,19.58940163320544
583.9579554758848,397.2230010190926,19.45818877967568,19.08361527138519
583.8503601949049,402.1085740799612,19.861955086264405,18.96347012621034
583.194739333791,405.91384296075034,20.188188568746288,18.804668814827473
582.7566610463891,409.7939851078803,20.67620732616706,18.777927916563577
581.7376302172928,414.6666979426124,21.272855104965142,18.36765391946263
580.8741548675525,418.2692733181067,22.04214894409413,18.547840998064032
581.0469928014484,422.1260045341965,22.441948845345486,18.575589503384276
580.3170595008193,425.9301951164521,22.82165339826377,18.923453761236345
579.674111995776,428.62110413491337,23.014103584131696,18.937975140817805
579.0003020805445,431.52808297777773,23.707914820844472,19.051126219737487
578.8152544324123,435.0147528813695,23.780684982831552,19.799092259721995
579.2414107599283,439.37307972730184,23.951657239909096,19.732524017076035
578.3403577485375,442.20720817729756,24.044031207026517,20.06689162880334
578.077335414147,446.05575066910814,24.350952035475466,19.622179386881363
576.3184536277232,450.00918572271445,24.565729463303555,19.921379225957846
575.5847107563794,454.14283512716344,24.298962276303698,19.517712619208332
575.4890129277102,458.5625456832075,23.50631862700152,19.779190249796006
574.4798312578108,462.13442738924635,22.877694051761104,19.175740558421406
574.2005772386074,465.5366455116551,22.531928103351635,18.98495940393596
572.4466498078068,469.68866738052884,22.014445745714458,18.733398271168912
573.8426311635359,473.91659074617723,22.450708742264087,18.994142421219784
572.0187121972825,478.51438914531104,22.498563459438934,18.69033792031538
573.0208352887714,482.459633129145,23.06173060653909,18.476340736338855
