896.51,652.51,45.98,131.98
895.9943391838156,651.0456367532506,46.090209571822086,132.55777434506132
895.1205678434151,651.0573042366773,46.31178179363853,132.83940153641097
894.4366116829706,651.6096141427945,46.73984426101188,132.74503563042657
894.0618753947643,652.5311501904412,47.019315616721414,132.57069522458653
892.676995614399,652.7215088480982,47.287244122764676,132.8880369913037
892.2578394240098,652.9657748365814,47.65085557580857,133.14309632293083
891.1949595517632,653.0124309806155,47.92520540819232,133.46845468915976
891.5466950837405,652.900747101375,48.062341033690835,134.06914178357803
891.5881413114529,654.311018017993,48.30116488685988,134.07703012612333
889.9887836870879,652.9615440542284,48.58490210824604,133.98435207708997
889.5104527398597,651.7482248242161,48.03338529176495,134.23353082031787
888.7534861280092,652.0423009885046,47.697312411950406,134.16323127494385
888.2233599508108,651.463538181384,47.521816475331356,134.27394292434133
886.9427454501928,650.453478878839,47.39804791797392,134.36812769154093
885.8650571414938,649.3686416730372,47.35890549240307,134.65645444689423
885.4428623471072,648.4922407134708,47.18849405578577,135.0878147156366
885.5490705973143,647.4770381874105,47.400882242871404,134.90221634978835
884.0261052734945,646.3303460015289,47.48416640613601,135.05985853405159
882.890129617261,643.9214113188634,47.2816914490718,135.55720177633555
882.1804708039995,642.8259072021806,47.2633564877042,135.91489702141996
881.8071309329432,641.0276815765433,47.25173544856668,135.8759112609759
881.0296940283599,638.51402932016,47.471617802655075,136.14595259014857
879.6369955063446,636.0740329141058,47.7728229521545,136.63355038272576
878.8997704488984,635.7978225296491,48.14653454165646,137.03579414968613
878.0432766093126,633.6792615299862,48.980829593874994,137.4211400259652
876.1592005106661,632.4355228409836,49.33662827554271,137.84364548014224
876.5556421073576,629.5302954797864,49.81983761145678,138.79438950917714
876.3725885701207,629.4866147688083,50.031617293352355,139.3357914584771
874.7766276318935,628.8657368894919,50.28451329090065,139.9235250003129
874.4590346895834,627.0517252895489,50.42674873606767,140.4892313056678
873.0630538936518,624.7482033265511,50.81181945879,141.09477987033534
872.3384546078772,624.2675292906533,51.25378536432363,141.9151977663497
871.9082759907517,622.8322272899487,51.009986104434134,143.14542090838376
870.7249525639739,622.2356875288033,51.23088100486466,143.92166083106537
869.7170566359476,621.312691093425,51.519805185135894,144.63453602604076
869.2892513785911,620.9075965651284,51.60145940102103,144.8333054048993
869.1140811347933,621.2154650133378,51.789843101507216,144.9655848659024
868.60234860118,621.8947736486065,52.07429449685867,145.1270786793495
868.0389816757829,622.1982807542994,52.54294729296541,145.4286338039012
867.3369773681314,623.8467655164347,52.93972324225268,145.96509933822426
866.2494604072756,625.7092083897536,53.269206626855116,146.68195553494596
866.2017228183331,627.0429794713323,53.33086832817748,147.58838798116358
866.0265135299248,630.1142379649139,53.297497842494124,148.81034242954718
865.4376660672672,632.8043625855114,53.2981297795281,149.75217570788345
864.3533202383738,636.5874185570613,53.468072658017874,150.98953056165868
864.5382894113469,639.4466637828026,53.64513138238421,151.9362622781447
864.8974038759666,643.9901026260846,53.948203722676304,153.5031321501744
864.9235163183791,647.2279925067728,54.32386580074167,154.25190072864197
864.4569880215985,650.6712076843104,54.57873025563128,155.15544840091053
863.758875862252,655.3683243829082,54.6769809415117,156.07109049199596
863.4161710905379,659.0160140628594,54.85314365876795,156.93562324146873
862.8774857393425,663.1095846125792,55.18414595295558,157.60044137054487
863.3647964260832,665.8562254152544,55.434805341193005,158.38313022417884
862.4356642976371,670.5255885037634,55.612405535585204,159.71310521903573
861.9966164781739,673.5068747925824,55.86165595966785,159.8646378660072
862.4645873139509,676.4491961878201,56.06685808694193,160.33857661850033
861.7032648925227,678.2019229513202,56.43123876964207,160.2699517047816
861.4302428888268,682.3009579172523,56.92888189812757,161.7229132670579
861.3310100999313,680.9681416755711,57.03243780794996,160.27074789885768
861.1757498501696,681.8204926600602,57.62567315122325,160.21445291230145
860.2086360411429,682.3578825949942,58.220148572011226,160.76625995649601
859.3845132308428,684.5230896016644,58.8614667023769,161.85335692948368
858.9284439307188,687.1407495021635,59.631088212781165,165.37017335895416
857.396356160989,683.2809124028444,60.41413582255336,168.72244643454565
857.3671512347664,680.7665563769089,60.99406056757664,171.5910327539948
857.6036018065395,679.6491991885011,61.433299316608526,174.1441980585445
856.2707563064058,675.4383424407395,61.88173567820398,175.5455563294587
856.3908659569264,674.1416010688561,62.29382960958469,176.2164926865065
855.7980569791654,671.2678418426822,62.727067194013074,177.338644927917
855.4851043475395,669.3778019923436,63.00852055296795,178.33131007781265
856.0618170018727,668.0358582624258,62.95671877945772,178.65914895366404
854.8922214125057,663.3034917873216,63.18262870819172,179.91456183551298
854.8684897534363,660.7761304242329,63.248860336877485,180.44767811637803
852.8287573358725,658.7707652875954,63.87547483020814,181.8410683017624
853.2906973284497,655.6727675917161,64.30462218880376,183.8117829318021
850.7225479377665,654.699361072083,65.09356989595128,184.65605690856833
849.3534333803021,650.108382053345,65.37846038783333,185.08758769995052
849.126664373732,650.2757841124557,65.25350719003603,184.45749549579187
849.4817390958841,649.408363129508,65.40401448401299,184.50660748121854
848.2513074877083,646.3413505608803,66.0584812159895,186.13993071417687
847.0912328009173,647.0816264231813,66.70611472043109,186.8664102395749
844.8879775035635,642.6087150366884,67.73518390888849,188.20175937974815
843.6823287454883,642.3960141052711,68.19051829027323,189.06362364492654
843.3248863417082,642.331498808528,68.44806667205249,190.15087567395963
842.9053513181963,639.5370778851454,68.33364550813867,190.16638378049032
842.4198728221678,638.1864400164486,68.66068160175807,190.96531576788402
842.7206861042685,638.9917514723807,69.03891343599427,192.01710740680107
842.093324970243,640.1463416734384,68.50182662201408,192.45945288359195
841.9754535620723,638.5568259968348,68.78694687976162,193.17565464695534
842.3658921244026,638.4624617773259,68.91323528244462,194.59027419925442
842.5245597691232,638.3188259934977,68.74952548128478,195.64463561066083
841.8327932958575,639.9102700397599,68.78051936531627,195.54292427594893
841.6159191693682,640.0218440055195,69.20419681751349,196.23689060224223
841.5001430378211,640.7080000606288,69.42531206888901,196.2012484138986
841.9146072439505,643.1749549056454,69.99701842225514,197.2006272980841
842.0331285946858,642.8347379643567,70.40371351375357,196.74599037988028
842.2212820091868,644.4082907000127,70.77508734881383,196.38837465466224
842.7395762167973,643.6760970793072,70.87302041796791,196.47727361482322
843.8169331830379,643.8790293066039,70.79655355579925,195.9139384571046
844.526518052601,642.9171497253608,70.73395119948563,196.9587303344347
845.6086176785848,643.2200389576419,70.39403173267428,197.35228048315378
848.1202513422102,643.8535270221935,70.12229028432958,196.4066544517069
847.5129465969826,642.5779029668963,70.30436803650355,195.95094455448873
848.6674432021771,643.9490201737552,70.57185187689583,197.0766910978021
849.9072399207886,643.9706893412188,70.39816664279789,196.72646799724993
851.4340591850529,644.4048526122226,70.22306815333178,197.63987973649228
852.5863961891356,642.1841698165712,70.11102109829133,197.43036642154516
854.7828452013681,644.8121951740579,69.99070608163888,197.67340017922797
855.5770291930463,641.1024638234101,70.12682540296996,197.8578775289612
857.5211255388272,642.3560050631911,69.82792714500182,198.91817786189904
860.2123417074273,639.0606919384968,69.68609539373912,198.82167032222515
860.4728718343779,637.4143864123721,69.59600437811926,198.4958121361932
861.8002869575678,639.3032043104304,69.7300535262707,199.5564942111706
864.7057935909286,636.7427631811006,69.58127170486149,198.79505225107994
866.4405317988983,633.6802708920237,69.04306970298457,196.9399953253275
867.9968232047231,633.2648874859066,69.10480329758505,194.68995159068686
867.9079073114901,634.6971188984818,69.51987873639462,193.2798955038176
868.4419000196314,635.5283402790501,69.54240845683107,193.48561680518102
870.4854298436807,635.5240438961638,69.54641326185741,194.8635333014225
870.04945468301,633.2596616530227,69.89315606366756,195.3013554048922
870.476210370903,631.6881716723626,70.3561119730377,196.48571720214989
870.4396644551205,628.7097816489627,70.57104950772793,196.34081267863715
870.3029954634651,627.6356761875336,70.77767606525742,197.50263444133898
870.7793495588451,625.7698133227235,70.87776328465353,197.6035007959592
871.3221703829092,625.3726241604588,70.8900220271502,197.42833566345735
871.0692057148439,623.0037041498227,70.65791425390609,195.9781263683232
871.8813707015692,624.8629112372882,70.19087187811164,193.506233189486
873.4057809178737,623.8003018400008,69.42848943378374,194.33823909343596
871.8868936511747,623.0623176038284,69.44465752186932,194.13543559312436
872.444922709388,620.9030619137277,69.05027909294256,194.33785810613833
876.7849146304469,620.9405077449616,68.2730052117625,196.0103419319518
874.415254305427,619.7595539800341,68.2824674633647,195.35387787977567
873.0134194846494,620.1179436740031,68.51338319866994,195.32130259340008
871.6987877101179,619.0889875057737,68.94129176726406,195.8002354376714
871.955160332359,619.7045669230356,68.89485511653197,198.18046576330372
873.7051435903901,620.3323890260723,68.82530852234487,203.52876442832425
869.6727457278483,620.9470037172484,70.56588549742828,210.00186658894063
868.935832810985,617.8021804396212,71.23459658506141,213.3497406832575
867.9790898023489,614.4544130453329,71.86091219217735,214.3114497882404
869.4156845892197,612.7189153847306,72.03063033327936,212.87155643757004
870.5620370882102,609.5572279229585,71.29590873373574,208.32029757205171
868.5512884563034,612.3457185537249,70.93447142723697,201.5296932636441
870.9531480319915,612.3523701181448,69.92365999070452,195.19131689261656
870.9101840804996,619.6846969167251,69.33008349915708,188.61528634233102
870.2310103882746,622.5832457669637,68.78166208477883,183.41041276294763
869.9774308908281,630.3655711126586,68.07290921443754,177.8960550403078
870.689403423915,635.1504481086387,67.6780168826387,175.70798439795698
869.4403655948307,641.6998876269387,67.772436534948,170.2974903711227
866.8543236551141,650.504671603761,68.31753677180303,168.62273687060298
866.0487146413589,655.6174189257124,68.98551749462595,168.30694071302844
866.1707683210982,653.6387649136543,70.32621848475665,168.4523590887071
862.4095229968735,658.718435533046,71.42314150625302,172.25596951007992
861.7114493225666,666.8150208143724,72.06767142322607,172.02575060758335
853.027605344614,674.9715600708785,74.71950854905323,167.91323361800858
851.9149941773537,682.7365806057827,76.60754216287064,164.90818644468453
851.9068326903357,692.0804584733413,77.651300439641,161.32821879550485
846.878320836665,692.7568094406588,80.6984059340919,157.7118144682919
844.5389835115376,701.2579709327289,83.50153126794044,154.6662785935266
840.1920865036599,707.1700932570699,86.23054256885219,150.68535669875084
838.2769990793985,710.3428459592589,89.69618494667185,149.076454077576
833.7881406001976,716.1196422718134,92.583173145308,145.8067664817639
831.2231689835943,723.0021699509266,95.57499381992083,142.98342254931862
827.7211250630222,730.9957726818924,98.82239831145557,141.7738965307464
825.5720128612336,737.0600966852767,101.88936050800147,141.57041942241545
817.634135897238,741.4005088994261,106.864815363727,139.57984157614786
818.6753127449988,746.7926369272233,110.09264233226811,139.7828596904753
817.5358855400182,741.7229218627186,113.38052994535431,138.17454812026583
810.1177935481286,749.5908548280272,118.62555792327397,135.9455181271487
808.5111193066143,754.492291859962,124.8343287695838,134.18359865312274
795.7289860209233,754.86432813272,129.8686881144034,129.66987278729445
789.7710340437136,760.6534175193094,133.05281106296337,124.5168649125531
777.9800170619189,764.3554994249031,125.59947515350594,121.0231014919906
774.3602104200648,765.5084313307906,121.15476226533906,115.50086805130945
777.4831990246627,762.3105756606637,121.24347133544038,111.44784892281322
771.2844237611109,757.879389953892,119.61697401098137,106.34189758245037
767.489122653412,755.1245448823886,116.40706963458223,101.01839680748839
773.193526811611,750.6678874084374,114.54614339826233,96.81574495851572
789.7434975835994,741.3412444877141,121.84820991092634,92.93054813394673
788.8252659394526,735.7153741357101,126.769908794923,88.67435426764226
788.9764208901585,725.725792483865,129.09122560249557,87.34736522758249
796.4130887420265,719.1909022758939,132.9548894104783,86.23584071188397
809.5319500800584,707.8087598365364,142.59979612894557,86.17737168434904
816.8907523926085,700.6406235752974,148.18687900384535,88.43875407010832
827.4709003625593,689.8771893679423,150.7254050854283,92.8466039301311
834.1080438197644,674.0783424878227,147.66031616906503,97.24739827630769
844.2925749357958,662.6666502412054,142.14083279442414,101.38123809180807
858.3836281737318,652.8444509684917,137.99620190448948,105.37045475246956
873.9417802972253,641.8102869851465,134.5120998059402,110.37820532658192
882.0889622413504,637.6395148022993,131.54158845675246,114.83919549305764
893.3272600053115,629.0178240075284,126.52507593664276,120.4331325025214
908.4831476975065,619.3980618759822,122.1342600249088,126.6546208769418
920.6907498073667,614.4571094869298,115.83178773878205,131.81093971754672
930.1382640185789,603.2407555486802,110.21608670893593,137.54729749638963
937.7401881209814,601.4156876092507,105.83172702952152,142.26097097290483
944.1906517102058,599.0519598324712,102.57603300536981,146.71245606747956
948.4932196100963,593.3220126782657,99.35538817238557,152.02842947745313
949.8900902153005,583.8089964836747,95.02746727447715,155.40394917132247
951.4405326696698,577.1622153825509,91.86734774659787,157.67633217435122
952.7508535186237,572.9281997889425,89.53540233775271,159.52842708227132
952.4243502526945,564.9890141062965,87.15673162351736,159.20538243193835
951.6595518050958,558.6678213636661,85.80400429996473,159.24312314180838
951.6105834763533,551.4666502689323,85.431115762137,159.03319116135418
951.4064108188431,546.3424314229137,84.96427797168862,159.03526044518813
948.2864182423832,539.8731020991063,84.93741742148347,159.26191347756856
947.7416843512294,532.9584530122256,84.98126142449422,159.1934150204707
946.3928210090118,526.5723058276985,84.96756232767959,158.91956681139982
945.4249946510704,521.2199622351413,84.49574434043723,158.2357347094047
945.2198068567153,516.2306319970535,83.8782573803193,157.19941105472122
944.0165987308894,511.00749592296097,83.52487748939305,156.2494734861093
942.2866711830886,507.19751026616285,83.03920646194786,155.30074973134617
943.3068381141912,504.9257946377547,82.85309012903934,154.43008797058437
943.2433873941226,497.851420418125,82.36127819027047,153.39682957390633
942.0080598536038,492.5312210177311,81.51711393537059,152.55172422430343
941.0058349819952,487.82979313803315,80.80903926452521,152.25942007158994
941.3432909841777,482.4167793051599,80.37250006289467,152.44241184866462
941.600089586197,476.77432726401076,79.74250881588736,153.23219874346287
943.899757935214,474.39753282957776,79.45231518425959,154.30533717287574
943.4512059154827,469.23637780458284,78.75359402840967,154.89330274044372
948.1338377750576,468.56475412431405,77.91054710613469,154.87763286465312
946.0075042015343,463.60451669217235,77.22641615747821,153.34794293401467
951.4035363683925,463.04117302871674,76.61449708743376,152.62431898162902
950.8750426152122,459.54387572314096,75.76346457426297,151.39167970606186
953.3726245936996,458.8896284413007,75.1935935860383,150.5415744162267
956.0539756761476,455.5001373431486,74.35792999536093,149.04373166135906
958.0568274151344,450.78150624274997,73.6871874548873,147.6190859031719
962.6130696928652,450.6172933754459,73.33614699122262,147.20681949910812
963.230453605151,446.7263536782121,73.26016212563562,147.0189723310758
965.4422142773614,446.36384723824165,72.46600479488662,146.49383262312602
967.7069843042648,444.3587383136696,71.8017296336579,145.96773455430144
970.8465079977198,443.94316952188115,71.36795812565418,145.84715094647208
971.1942178296711,441.0711202620745,71.40798157698602,145.98217964186665
972.9703705221159,439.8555402705555,71.05281974678385,145.2639560799828
974.6562344336161,440.1962291380205,70.2434393358929,145.54488913606838
