882.51,288.51,48.98,133.98
882.6454669610074,290.5826287112066,47.97166983775077,133.75088027289928
884.0738068944521,293.2452096734912,47.30398533218953,133.95083431512697
885.7575644530353,295.24360260105163,47.020424072445046,134.12564880180295
886.2600358330492,298.4015663220292,46.60358556046417,133.86446989500408
887.2943620661514,301.0490267068904,46.38887596535355,133.5571895061411
888.3858179855195,305.8628305554256,46.51504615786726,133.10759084227385
889.9466811092644,310.08136029417767,46.08863241037746,132.35952672609778
890.9204992207157,312.094190855138,45.74075815036561,131.8605990026146
891.7675892754866,316.7313775685709,45.447609534964414,131.63789183551444
893.1888171312871,320.57803547502937,45.4226281885977,131.39397787806627
894.9163815298302,323.7277347134233,45.31042541690201,130.77231377627848
896.388890023385,327.2735638995006,45.05184031455812,130.07799427131135
897.9222459133241,329.97115556666745,44.88521398389873,129.63523403268067
899.1452408530668,334.57857973339526,44.57066331339769,129.24689326758454
900.3018054050087,337.25528970192903,44.343868438029325,128.7483317289544
901.7831504328204,340.42715710815145,44.38694620467154,127.95208226807208
903.1799194100885,343.5862316497896,44.27071537904191,127.17940437620194
904.6392888974366,345.7302467596941,44.30977059379869,126.93400721303362
906.2878408886259,347.3525377418267,44.224550156342055,126.76343037572158
906.8821262653108,349.45612535463044,43.633544100237785,126.47019557980165
908.3993288613085,350.60252842042655,43.78370922074237,126.79195243649065
909.2753836274511,352.1823953116079,43.684126543925984,126.47932558772172
910.0061950606165,353.1909637736444,43.30883790611082,126.51284784333616
911.6874662521785,353.63156645292173,43.475622915564756,126.23680605900029
913.1051675754829,353.6329944207032,43.5280071341903,126.39517448867167
913.9866388613866,353.6195736248785,43.42061265808613,126.35362618774303
915.0885869410712,353.08257946599554,43.55100604949833,126.32614355824325
916.228152399387,351.9080197490106,43.604608287163565,126.24795586330703
916.4127160988328,350.8650880254935,43.485663993740744,126.09770480838804
917.8474948397021,349.66982867365294,43.480608465126934,125.73926110972539
918.9550755362911,347.99376941892774,43.455785206714495,125.87302634769142
919.787415634639,345.72128151596047,43.48699734400312,125.26233198761034
921.7221105200645,344.2065278631212,43.59648940908979,125.51147430305451
923.0687480569062,342.0232188705361,43.58329856392196,125.4558815948653
924.3867825302835,339.37074982014923,43.566187136698645,124.93232848470151
925.3704075342138,337.7856842085133,43.58965978508799,124.52229003023902
925.9120709204949,336.02623073433983,43.599289555494614,124.02648750592971
926.8290249710062,334.73864588539914,43.663452743534386,123.49847727217049
928.2459288739491,333.36225001711205,44.04116227163304,122.51860299311969
929.5627006010178,332.6374897225935,44.18072062413628,121.82838359192233
930.7864530524928,332.3555066813433,44.14895668798327,121.31242413731343
931.6531220215257,331.9503391138822,44.25201401358917,120.81129686989186
933.1990740786432,331.9843595079629,44.285933873963636,120.32299851337109
934.2734453374673,332.37617355133295,44.149062694206094,119.77322662780286
935.5297698469241,332.58685250391574,43.94775400732363,119.04956159373103
938.1790744608988,333.07575594940727,43.87677539460864,118.3439409820449
939.5993391568901,334.5598989049081,43.750204742860475,117.85813798119946
940.996845981162,336.0791295377354,43.7075714654105,117.20187886398224
942.947309291824,337.475605039804,43.55530207064881,116.58364099461068
944.3324579177537,338.0337634474195,43.23349114691448,116.08387081023905
946.4795039398452,341.3985123785211,43.118720391793964,115.50024697147336
947.7846827982081,341.25061842842865,42.832428837177545,115.35743623884588
950.2820723364192,345.06702482483854,42.95245688966155,114.46259952024477
951.7672178846602,346.45584086494335,42.482257345913894,113.64675943222268
953.7951511999137,348.3887172208283,42.365294524000696,112.59140100756215
955.6921678752118,350.2332595176491,42.093203312076305,111.66702588657682
957.3692746047412,351.86913246354726,41.910651229970725,111.09138595181173
958.993392813729,354.64169855343454,41.76409938230758,110.5727430298497
960.489501934888,355.8350992614035,41.65878299545833,110.45562545180239
962.4574887514596,357.2757656114155,41.54150443067462,110.32829055451265
963.1978094316584,358.1110414940819,41.44111209371454,109.92159376964864
965.3575447985403,359.3453285439244,41.383421145106965,109.6588302168387
966.7701034197344,359.3951359896687,41.3346405726406,109.41431786441261
968.3163701505129,358.9967297855719,41.44044085131812,109.01661122963748
969.6217528424997,358.9359187784885,41.75151994976617,108.32451254067922
973.9577359324139,358.42603714083646,42.18081109415649,108.13974700738962
974.0697206403798,358.28735703425565,42.07250329931848,108.36763822641058
974.6741409605485,356.54275875594806,42.20381158476236,107.92171515411957
977.1270106929577,354.3816361483971,42.34238364338156,107.32831095515891
978.7778409025498,353.1885130860127,42.68293513825978,107.20134296859959
981.0229832399634,351.104786363326,43.06484284624503,106.74230105264486
982.913127677947,349.41212053682455,43.477486099184134,106.34067591853844
984.7603718942944,347.9777238751992,43.937264023911204,106.21371118514841
986.1820032365816,345.61194472456856,44.14780382957112,106.05656709383165
988.6648499634492,342.9016037330959,44.80863625474227,105.59745781701136
990.3010882896133,341.6744011899569,45.16765984655461,105.55814952438308
992.7644840358865,338.8621994944609,45.534630561039315,104.78725872592189
994.2840780650384,336.53858919368076,45.793660276173014,104.58172664193533
996.0814488499681,334.51354615021387,46.17484033717332,103.76953855894729
998.8803657696873,332.1466833729096,46.64268032585979,103.04672114480583
1000.5580961805932,329.4532363594647,47.27531764857924,102.78536077716437
1002.3366131315375,327.0671754608243,47.56758794590938,102.35380825803895
1004.2814396965008,325.09822634845455,47.92558496246715,101.73436395348153
1006.2889525942593,322.97129585906026,48.17218636421583,101.16943831117639
1007.9196758710782,322.7641478196453,48.39343634378112,101.84118067906876
1009.7077705268212,320.46605931466206,48.3254257432326,101.53122975934775
1011.8012668005175,319.08201296274297,48.376592375527586,100.5430358420922
1014.1761150848467,320.2726052119887,48.25357427366597,100.5857710213351
1016.470933494026,318.2772463914135,48.27456367601049,100.32242982459486
1018.4551372286796,320.7576543013521,48.55356221256271,100.2310903230771
1020.4421990319381,319.8871994798576,48.481660285733064,100.22007735864415
1022.6446404659862,321.2719782126338,48.260218579746436,99.80397448293544
1025.73949760965,324.19667494393605,48.147317036559144,99.32756686017476
1027.9499871966154,326.27335660342635,48.141285372394016,99.42081609002224
1030.331908354658,329.2007836351711,48.40954754849636,98.93000621598588
1032.890752259866,331.4248633942134,48.8313189665962,98.48645485219825
1033.2768748092233,334.3284585625528,49.09480995186581,98.26807066786313
1035.851044524126,339.3562038910804,49.40637042440395,97.7971137022142
1038.0310342315065,344.66349903351266,49.73111391003395,98.10003440367777
1039.8805007188796,348.18251439963274,49.75447097435029,97.49370533159396
1041.875410582926,352.7149953949639,50.16458410758558,97.45181462999405
1043.3146845472886,356.1517725771799,50.416529342922786,97.24909766790586
1044.905084220526,359.4650195619108,51.12635499644806,97.19874505586586
1045.8682554785237,364.7328101824117,51.52590969724952,96.81025854142659
1046.81815405901,368.3324347680026,51.968489245261075,96.52211166516669
1047.3096566961665,375.2228104659657,51.733225670167045,95.87051065986543
1047.6594564716597,380.9359262432346,51.63375429300888,95.36014214243711
1047.8112061038373,386.10042846598293,51.73021840755954,94.91483520670606
1047.443259816879,390.08818373909565,51.39308241702346,93.5740292503243
1047.3074246897645,394.8535201238714,51.46852464390839,92.78563553350713
1046.6995642315676,398.9356530026066,51.456340286864624,91.84530776431801
1045.924309518711,403.5458279532343,51.22569126531251,90.9633672868907
1046.126270210058,405.7061230138672,51.14501207011844,90.15287848398432
1044.887699073379,409.98780038735464,50.844566452851126,89.30854839521255
1044.749226687256,412.0394797433202,51.02596068798833,88.9675798200002
1044.4101492266866,414.04478403071903,51.467055062252015,88.70224102059325
1042.3038632398761,416.65249658603904,51.02801570774756,87.99035594901572
1043.8719289035162,417.36940121577555,52.63422446835824,87.36980962899581
1040.1247280338496,419.2989023553613,52.380579332691454,87.10916550412112
1040.85577384435,418.4617646248635,53.7932740886437,87.05822123855422
1041.8907062996454,419.1383114887134,56.844533445631114,87.01411798937005
1039.2603873367793,418.6519240874595,58.870155502222694,86.49937448133096
1037.2767951481844,418.03342689255857,60.16741800441237,86.17856857816416
1034.9746383916586,417.595098860337,60.325625560432826,86.05842898831042
1033.1158607547766,415.9134116253126,59.616361986540475,86.58092211070289
1031.8508849024206,414.6912554357503,58.866436982268326,86.43169811287437
1031.4321637852993,413.51888878318823,58.09087262471408,86.18594679885797
1031.1315244590526,411.61482615096213,57.724560945176094,86.37120829377889
1031.2138951350553,410.2154741491407,57.55664576504581,86.0966090747655
1029.5211344297409,407.7661768972078,57.864316833877446,86.3479562641782
1029.3046832253508,406.0312336966562,58.40174194773604,86.59778040942199
1027.854779850406,403.52330079748987,58.723911978875435,86.85800045580149
1028.6070705346012,401.43737494803554,58.48815995618804,87.35462022111639
1028.3156437701664,398.20778440827394,58.582304988963955,88.14091922056153
1027.4683656476432,398.15869065384425,58.43558315783886,87.98581083098338
1027.2498579330163,397.50519299126927,57.78421968084222,87.74034643933642
1028.2464627688992,395.6583261689477,57.318750487592126,87.90807910741707
1027.4420268439646,394.0529634576885,56.72049953472718,87.8407588756386
1027.8924310332516,393.15129489092783,55.929737542871706,87.9634624642381
1027.815557866262,391.1221771252976,55.351550283101034,87.67050170643608
1028.3018317289568,390.8381452874201,54.73202990146121,88.17115205211292
1029.2513679086178,390.1789937790128,53.75590065737367,87.96031078181814
1029.6812065496106,388.9350338000176,52.99091942030991,87.70311355230858
1030.4952172601736,387.58142660633416,52.47596562613735,87.50847247092547
1031.0789371873682,387.04248337383115,52.35949012721667,87.32445708046265
1031.1452707387314,386.4072795030549,52.13700979206831,87.51329133568711
1031.6201424862697,385.1063307734434,52.064585632929486,87.73069782811322
1031.5351499125934,383.3694358256849,52.4206669716881,87.25099651269277
1031.4837797671262,382.63316324608047,52.637726110279054,87.53067057815159
1032.517563000741,381.856964312401,53.3605038813308,87.26419027168245
1033.717909777593,381.53616819402123,53.94497878465781,87.27297000844186
1034.7646350711016,380.4620414539916,54.66399768006244,86.56132968967304
1034.8122649028946,379.3816826581186,55.07801536022652,86.34854264274709
1036.9380337393325,378.434070986394,55.61004702328829,86.0612098338527
1037.336147666593,377.80405412685565,55.89795613165789,85.31153896308555
1038.5165092433672,377.6984796142774,56.409303290609415,85.73054321285142
1039.6732894328914,375.75601313776787,56.63123485492061,85.35702279672992
1039.2618829220378,374.5635456984294,57.57385988834612,85.7348470797037
1038.0211977539532,373.4022584091368,58.11861523428106,85.39589211727329
1039.268023868387,372.91223302685114,58.519128044475906,85.72198170020394
1038.5438004119937,371.3820198853673,58.759078863512556,84.9712507566092
1039.6513040172824,370.93588211375817,58.981724240825564,84.7738656552962
1038.9852819501937,369.6832954240426,59.38679693945622,84.532884249571
1039.5853864662283,369.65270381025186,59.65924415738724,84.2182435025432
1039.2794031076196,369.14265617589535,59.79965325741689,83.89632827320932
1039.0803310670735,367.7850257561298,59.77836374475935,83.24659887836533
1040.2703425198993,367.78854646911543,59.689814227779834,82.49538630981596
1039.6361487663803,368.90112272554,59.98942121723948,81.95513980282628
1039.10361427452,369.6797009632793,60.470322720491424,81.4408300070352
1038.155012486775,369.00132144077094,60.30377507527817,80.80131219658313
1039.6527442540053,369.6153468916078,59.83232887480184,80.50191119725307
1038.0434594561104,369.4823211403773,59.825007357310234,80.11928105908915
1040.0083354903657,370.80886757976225,59.10683365794061,79.7348039029755
1039.7551456157953,371.3909074003209,59.524590360206346,79.67427040443636
1038.8190235996608,372.2098176793766,59.685683269428324,79.3589290943718
1039.9511362181722,373.47322265605527,60.11823537615568,79.72991577187379
1036.627595266863,373.6834466385274,59.36782582369581,79.34254886161705
1039.2491190725646,374.4197937559596,61.03893226502719,79.432903943159
1038.790085052905,375.2941158034969,62.07012896645597,78.87929768988123
1038.333024947477,376.9166483177265,63.11718374762394,78.64259447782824
1037.230532675346,377.3380960015013,63.962701739151726,78.14512757707547
1035.0566630262779,379.64893110979574,63.72636510955378,78.16539461634599
1032.7135549911563,380.887311639078,63.581526492296746,77.99130689762521
1032.312358310542,380.7415378819393,63.25879778321267,78.19096598416837
1031.5222022637895,380.6573764058621,62.725523450936805,78.25607848710388
1032.9817808607713,381.20541823368234,61.86682157923865,78.21098970451033
1031.4883744930344,383.3912021407578,61.64236112135331,78.31473316965631
1031.1455280587734,383.14666261067083,61.269307651984555,78.44999142904898
1030.6951454632378,383.47504539274337,61.30288534305554,78.41663895084139
1030.4844362921058,383.8472604495284,61.09771677125736,78.26330380797444
1030.351636628636,383.647375237,60.92386297319658,78.40986988732817
1030.9568465598625,382.92360230423037,60.36978466347833,79.25133665130485
1029.6771482548493,383.55478147793747,60.56104772858257,79.75832644842195
1030.9003121143414,383.57482252823445,60.072392128738926,80.68583467985928
1030.762432471169,384.1281078136793,59.79794999906823,81.21027607186011
1030.291519057432,384.33792280032714,59.57403585974531,80.90520908684569
1031.1319057053129,382.23285360957,58.95484703663986,81.29048784921943
1029.908232880043,384.625901651214,58.968446349288925,81.1755343440563
1030.7843392691034,383.9341847017691,58.275315602418196,81.19550388747743
1030.3113292679898,382.5698164563839,57.82759781167649,80.84284999738851
1031.3928968551231,383.62124820264364,57.014224600300764,81.07757195408776
1033.6377059817526,383.05478251812525,56.082955956416875,80.92440102820258
1034.1566705223358,382.8145204566461,55.47816286157813,80.86436728983274
1035.478506734466,383.23003996173304,54.84388985138071,80.88830874840897
1037.3925351606483,382.9158225506234,54.15426073339097,80.6734818518782
1038.7027431423373,382.35553803870016,53.14419633251288,80.4588152800215
1041.2743136521956,382.89346847596624,52.38981874053091,80.18831329220818
1043.3222263271834,382.30084427258316,51.7932609686798,80.28640349584936
1044.5808715425019,382.465595711062,51.25424202241816,80.12358763061036
1047.482632177117,382.2369800542629,51.29056450318775,79.49240952038043
1048.9305195887116,383.61288054295477,51.04664514874875,79.31641420705921
1051.7924200353038,383.2646556285433,51.1131884938456,79.4727334206477
1052.6877534222972,382.3038149799229,50.94767430774945,79.5369318077324
1052.6134010431588,382.3022285422978,50.90735318712001,79.60916596227932
1056.388515091203,382.372531612443,51.0147788996249,79.79973657980146
1057.0618561879378,382.37713842665835,50.71701638388996,79.69610156465207
1056.117685953191,382.47258143169574,51.09192911900833,79.44793406043664
1057.276369054522,383.45877372841215,51.23101433236194,78.96080947676941
1057.653188585943,383.5845572230994,51.26594948827014,78.06696953817618
1058.2200581559657,383.31632376489296,51.47995815095922,77.53724382763599
1058.4546087991723,384.0124958680936,51.634422538373926,77.49487520717223
1057.2794398672004,384.5424466558444,52.01903164255241,77.21054736213938
1057.2401844204985,385.2634920527387,52.14426494806541,76.35137282811642
1056.2988153147387,385.93385651688084,52.25150572306175,75.95751279631651
1056.2982370329105,384.89869029293044,52.31766472812431,75.10197244148289
1055.7828980647637,386.2890586304929,52.232162244496166,74.91986857885796
1054.9865987246856,386.4026350724558,51.87758685238671,74.87252526524469
1054.5978789289736,387.26640011498273,51.466580398888595,74.2417664204252
1053.7398321876738,387.2553210309611,51.16088433070738,73.3624505894449
1051.9181886531028,387.7301740899276,51.258791761177335,73.05253023811362
1051.002960913928,388.1617698549422,51.36416484206556,72.8424301387485
1050.1961173873576,388.13072702394413,51.64406588446431,72.3695426562133
1047.6810573339328,388.99465685281376,51.96778035166552,71.62131251507564
1048.0777594475132,389.22745512525444,51.82427846825481,71.07124331394431
1048.0081915032108,390.32819771503773,51.87329594865656,70.40227461386986
1047.1201146598742,389.4056222981138,52.13638811189228,69.917911897913
1047.9852574088957,390.2717089066234,53.04488130037254,69.0446253996438
1047.5826850729286,388.5938733546328,54.16363986390829,68.96909838350774
1047.4980139608708,388.7366327668495,56.97426321595354,69.40306198094952
1044.0412260775427,390.5597990807046,57.176916741398884,69.67842124777049
1045.8167807641605,390.1621276297731,58.31382616699136,69.34613963791469
1045.8677615142406,390.416437559396,59.09901066292525,69.53487695640334
1043.9571829608508,390.35636578886215,58.85681327751702,69.54360081973668
1043.8126819215936,391.4153571951041,58.60940788532851,69.2858780170184
1043.0303356751199,392.25000695572425,58.27052066636164,69.02505627898117
1043.1391617517631,392.493250418231,58.17853989979399,68.88991823092084
1043.361768283668,392.97491006060454,58.024540825242006,68.85627118738469
1042.8375873180164,393.2412266104919,57.776546555373585,68.74618447432874
1042.811282907751,393.76389827235244,57.61060374016209,68.64702340158424
1042.6736586302245,394.73232292616245,57.39664025908218,68.60835219455006
1043.367444579569,394.5072081246085,56.746357789104124,68.23443934160328
1043.7177084018438,395.3035381010008,56.61067999807024,68.46064230385777
1043.2247151862598,394.80500526340086,56.78044328470716,67.82961044487794
1044.7570140558796,395.53865773843313,56.09246297710795,67.60517964032127
1044.787276417321,395.3778693309099,55.68538063703759,67.69885118193025
1043.9952155460478,395.56758620217664,55.32097027509212,67.52350374310763
1043.969695990222,395.45705671008864,55.157775988305985,67.12551365501798
1043.640708148214,395.34528797374276,55.004808068806724,67.07971824196758
1044.2134042987957,394.6844744220351,55.06496691510411,67.11528882682813
1043.3091341343197,397.4771776710659,55.41606400675137,66.82872571255577
1044.8698787552512,397.36795253792025,55.685398129146236,66.20093879622976
1045.7091416224478,396.9841390342521,55.687139728737264,65.90617261508952
1046.728028833556,398.1927033443105,55.61721503796609,65.81196574790248
1047.8766389734794,397.41749788198877,55.65822107647844,65.77840755633498
1049.6775809829714,397.4538776611498,55.877137838744474,65.84808879391132
1052.7128855378853,396.964351877677,55.986277264073095,66.1390605268725
1054.3021521455373,396.9804240971186,55.946080230409834,66.16743244541125
1058.1882543658403,395.8130728485879,56.076707821053915,66.61625542587109
1058.1952226761232,395.6896752400958,55.94930684501921,66.86302012527706
1060.580188994597,394.9581866292538,55.947669496157744,66.85094546707832
1061.8515327839937,395.1641801809528,55.86494285486422,66.63242455020367
1063.5580088680786,394.9292552446405,55.86783846501479,67.1190438320081
1064.4410270708095,394.77929404973685,55.75930328025606,67.03267471790907
1065.573996708385,394.4656637461272,55.69577184201884,66.90694460247221
1065.3541597429419,395.9430871288436,55.89118307759295,66.76810735852371
1067.0641337102777,394.1373714745838,55.91213785288202,66.84302438481676
1065.9163890978052,394.79818997675045,56.08874585224107,66.70121220958504
1066.5322046182955,394.5380482837687,56.002454777080864,66.5875997215251
1065.4533499536228,395.1414087785646,56.4174120312308,66.48305158349586
1064.7593885742099,394.74827392276296,56.73325227052577,66.04152283318503
1064.38873792279,394.49833066905023,56.864797103639134,65.95237430643083
1063.9146825144605,394.1836631615035,57.21880696814914,65.78896945336022
1061.6138359295671,393.0618088591262,57.91988063109993,66.14649336573197
1060.2166114350605,394.0726468746795,58.18382730077741,65.97273298403948
1060.2749126971514,394.30971180062426,58.16475895628318,65.62187888898586
1058.38592032606,393.29825430578103,58.62578813205973,65.40707720386769
1057.1124160736351,392.5841326160967,58.709326177924844,65.75396071995502
1057.569518709176,393.15998479427907,58.13311834336668,66.28534657355128
1056.0516812318854,392.6044809901303,58.56095943564352,66.53881023653625
1054.6035894662575,391.36318442343975,59.12567629209441,66.78541093827673
1053.166675654497,392.37291392046006,58.6934889009669,67.76428873622837
1051.6833949416005,392.41849066463305,59.05299466269757,67.38819262092923
1052.1875283116658,391.5254665199175,58.508976579793256,66.97010883028221
1050.6414375482755,391.6860000484389,58.54172512317554,66.64484560624716
1048.6565793217314,391.8088794767008,58.517468797943515,66.65683821456719
1048.0621540042648,392.5813581473478,58.62953720631393,66.4745365129215
1048.3449597283875,391.70296501854915,58.67783261842017,66.61637831251103
1047.049845160642,391.7956863877444,59.134989854497135,66.28213186318305
1045.5268386393461,391.4897183128105,59.60379342443257,66.06756044469151
1045.0569972821638,391.7440413460149,59.94450763293819,66.16621418297015
1044.579780184044,391.66472297666576,60.84744341609179,66.22879684452006
1043.9999787935092,391.4076363181464,61.185482476458226,66.20840900433221
1041.8947578044708,390.31570232760043,61.70500648578505,66.28390906550231
1041.3716243748422,390.5616218695316,61.365866850901405,66.00581509882736
1040.6657574320075,390.3642598116618,61.12441775317245,66.46908169503585
1040.2992689395992,390.4436502225594,60.517581505567136,66.19471554609203
1039.7535044395997,389.98523561326124,59.484293611034744,66.09648433988379
1039.6189897707832,389.83578267469807,58.76929890081636,65.75546712130699
1039.4662896511813,390.41893137421664,58.12151310486408,65.63174174375425
1039.567603510426,389.53542808515937,56.83369556703883,65.47774307284529
1039.390982166926,389.61463685096146,56.244265524546414,65.45816526292079
1038.9360808025453,388.7586825603165,54.45495631483118,65.49768004538265
1039.28143788313,389.0134310030029,53.82587240268528,65.30844988364262
1040.7586354778086,388.4532691763724,53.319795694773575,65.40959323905213
1041.772160296539,388.5996096026196,53.160742273133316,65.17471267952648
1043.4529845048032,389.1886853555,51.897360458166894,64.79891407903905
1044.5655632052503,389.9043786146635,52.039848320944856,64.66431100797772
1047.9432389089454,389.5227752066061,52.504742274882474,63.948513917842426
1050.0024603869688,390.87847226856843,51.37566394285946,63.18115055563662
1053.8605849318274,389.7434512660436,51.59114703087634,62.53258294154561
1054.790609018285,390.86538554606705,50.76176902397682,62.33922097329564
1057.0647161576267,390.452441659101,50.58785284099646,62.34659678433705
1059.653945788447,390.924747068034,52.24986293970771,61.829994999674206
1059.8583958747474,390.5735001890788,52.84789025734096,61.289690906022045
1059.7281863675428,392.19695830172014,52.73864984792212,61.13101625788788
1062.4377678401581,391.1918168132118,55.400129602886835,60.07557963041235
1062.0200370071534,392.99995299697554,55.920665121435164,59.78973634003325
1063.6419581022433,392.9652680949043,56.78467205234927,58.95668610023053
1062.1586922478202,394.8071781754503,56.64279006490628,58.70496432781038
1065.7767902515452,395.6624487647108,56.644875307456644,58.44773125475809
1062.5847496869085,396.02842510614954,56.345088028526646,58.543308479107125
1066.7748445701422,397.4175127134465,55.9808436966294,58.767391565294474
1062.0926760172486,397.68022700578626,57.04389601237793,59.549015592919645
1065.126045363505,398.75666625843576,56.68720981009918,60.21132263449563
1062.1965640559029,398.1992675784114,56.00877313331131,59.857247924231885
1065.5966251800305,399.8306980652345,55.3764975647438,60.11133946523414
1060.9505616500555,401.6384002974733,55.17947362371699,60.491128482201844
1057.466272483542,401.9275631744848,53.34424946650969,60.20690062856944
1058.090429308031,403.0625536339418,52.20595168667266,60.34933426043672
1060.7860893266131,405.3249644230731,52.68484038974227,60.87894078276011
1057.4627982257314,405.196784897033,52.351213240920245,61.41169753991831
1060.4119250887084,406.74945121348384,53.95665214191922,61.75147904275885
1058.6452401703536,407.53427075337106,54.42140320421479,62.51580907919533
1058.6361560395865,408.3974014878622,54.601223077077265,62.913189577986515
1057.425433034403,409.39158016756187,54.71937013724856,62.66456305354818
1056.2330574301684,411.17009652623983,54.60883631153801,61.89022992115312
1054.6197407335073,413.0952745009658,54.29741428493844,61.857409372091865
1055.9753015844742,413.7231155098827,54.443195659176524,61.392392027109665
1051.9739629230905,415.01563858910913,54.31176348487383,60.887698651859814
1055.3094815376644,415.9376903360299,54.386850523303906,60.97900470391674
1051.5241644134765,416.8365358909433,55.161922027539056,60.49776562045713
1052.8419491954385,416.00956704162445,54.82165580834159,60.33409162475897
1049.9936769050507,418.3264106601264,55.39112519380494,60.41132662896595
1051.4005296052503,418.06158793738695,54.6360593197729,60.257912382062024
1049.2395114158792,418.44983236673625,54.20499816433539,60.17765155070721
1048.6040085361717,418.86631923653863,54.33418873820361,60.2725342564149
1048.8837650980274,419.2900838995839,54.564256913319944,59.98198124868375
1045.4128817990336,419.19242807073164,54.389202222245295,59.85214337025552
1044.8122301230442,420.5960478629074,53.53430745410716,59.813946754653884
1044.220999026306,420.38010754855867,52.78789086340397,59.89821690971857
1044.340471304339,420.5607959912438,52.519985125697,59.717809262629565
1046.9825893497946,420.81100518967776,54.07313611974674,59.717650265175735
1047.2809541273887,420.2804675462039,52.94146393760559,60.012123989623376
1044.6186453870896,419.7062435334212,51.37124499242235,59.655063592337385
1043.6959504678696,419.67898087374823,49.52037628594039,59.81571378961288
1045.9881793643162,419.64870468640277,49.1083122918754,59.84170500707728
1046.1542002427905,420.03595865473403,49.13936867945795,59.65652202158668
1047.5219655213798,419.6833660111499,49.126646960170305,59.671277621254994
1045.5392476918387,418.93536919350186,48.49134409386184,59.755512833699434
1047.65619434963,417.8080055594361,49.84709616402128,59.91508629323725
1047.0348697775019,418.02067101058054,50.3124778522227,60.64440321809673
1046.0431549919012,416.8889740204672,50.241387770103856,60.69063411238601
1046.7186492622916,417.5792369055218,50.50200201252605,60.70296112547989
1045.8968642011241,417.88803486272855,50.88554711044688,60.81189719348825
1044.1584354632937,417.4328677494976,51.25985026481908,60.594194920926746
1044.4490495268558,418.10407881044523,51.19793976464797,60.45112887813293
1043.983118892762,416.9223786774963,51.75860047131203,60.21084567235116
1043.2209625340834,418.0646327078672,51.69042966816164,59.88288058035939
1043.3443376869534,417.7478173493825,51.45941117394473,59.627213811977214
1042.7072271681543,418.3284542355142,51.394047860957166,59.49825815494819
1042.2785736138028,418.1720126822806,50.608776844660085,59.56585622723567
1042.7493569293727,417.95305108781133,50.43712293324699,59.94129467496325
1042.0863377296255,418.0110926243002,50.67450776828797,60.54353435589172
1043.35633889637,417.6836569173669,50.957259341049,60.64959290354752
1044.9362630877972,417.0465208980623,50.82263373651507,61.12590656813327
1044.022312784601,418.1151887778595,51.011679362438855,61.42497217572634
1044.2219384109978,417.4059198256587,50.75120679616819,61.4319347627451
1045.222760230255,417.4594612094407,51.1950435043336,61.560920720767015
1047.5178186812007,416.9433254385318,51.56818343838003,61.84575573914729
1047.9520252405496,416.51557709308224,51.79536663315876,62.17601439293713
1049.6664099819245,417.29933815451625,52.25395676954952,62.2201103120612
1048.0324713692703,417.3419864424819,52.13984546946737,62.172426651169005
1049.1104494769997,418.1285691355484,52.40483346787572,61.91469095253605
1050.4860753537464,419.07759338032537,53.680910205593186,61.45942200399767
1050.697729426537,416.23505144091604,53.94684156196476,62.31078090723044
1050.81584474805,416.95350073083836,54.39244990819657,62.378246341057675
1050.1108292697877,415.29617287556187,54.65015237351038,62.835266553563784
1052.089905652975,415.0672508660121,55.13639657979226,63.03728171524141
1050.6251516741684,416.70360245187965,55.36038390752269,62.71428557475637
1051.6472309591124,418.4992988594361,55.39793615306411,61.65955962976061
1051.5780528852106,417.49710098523053,55.719443545984866,61.42205779516389
1051.0825569082779,418.56082650903403,56.019792189303445,61.08221966259605
1051.5396576352678,417.27928895167526,56.430068884737935,61.12121640817298
1049.464909668332,418.69075011189886,56.59927917407841,61.090988179522626
1052.1220743540061,415.9727253826518,56.03467514452659,61.53832914192304
1049.918603063661,415.4844914093705,56.208020923459074,62.27944552598555
1050.5170454794602,414.95558113102896,56.08465293756396,61.90068161001237
1048.9344223957412,415.32386309970417,55.86682720558792,61.55503258965416
1048.5945703335615,414.5885835646168,55.65567744811139,61.54024009732896
1048.455023721157,416.3225147189561,55.874101727608036,61.07805405818157
1047.2543908345936,415.66079716539144,55.93611884350807,60.91415396023273
1047.5707830782012,414.2814900139917,55.73199951742562,61.07102265756353
1046.8604097300545,414.66194224935265,55.96280480746939,61.40310524738842
1046.6021983864605,415.5608497817725,55.746744584500696,61.178730734306534
1048.0688198607522,414.13068549419575,55.63407353533158,61.28287949988979
1046.621227573274,415.11673216160443,55.71352324700693,61.35906497366611
1046.5738515964993,413.70528856505933,55.667619682978,60.5857149841391
1046.7416533528412,414.5069070665207,55.8911744954894,60.25188716090395
1044.7488561282569,414.6560096331441,56.15290725032212,60.06162270148524
1045.6433113869343,415.2200429399346,56.038816679256314,59.62372637599016
1046.179217052814,413.8658968551007,55.99903354573901,60.1066157136268
1045.3533247161354,414.3235755921658,56.23031651011228,60.33253936742618
1045.9091615801885,413.4498585657754,56.23117635134166,60.59787197977731
1044.7659348453792,413.3766312240653,56.55669232096029,61.35859973448654
1044.4973049804373,412.7147718702847,56.60205446783637,61.53050874966493
1045.3043811515593,415.16890568330393,56.283281764264196,61.66069327206405
1045.2034738834172,414.158889297035,56.27968248218899,61.99505709928941
1046.4930637351001,413.71351487906986,56.05188217335446,62.09472927506343
1045.9126709980708,414.0555669580763,55.95827311616313,62.19417919419895
1046.8094126262254,414.1618667314838,55.66971844872112,62.384655819258896
1046.3139206737528,414.84521364342055,55.44907820815838,62.512926594994866
1046.6934833149896,414.2530789966015,55.29613883877086,63.259894252890696
1046.8901121246306,414.86830195359164,55.61421544800442,63.860625096723
1045.6955506483416,414.64635342488236,55.34360939667626,64.25017034750095
1046.175479292661,415.1140881158106,55.90647244495146,64.66839969611313
1046.538008584581,414.9642450525797,55.991777630643,65.37848621319999
1044.961390345705,414.9443208266499,55.86524421093384,65.48200959181742
1044.4864006832527,414.8062480791838,56.07112868720548,65.91452715706217
1043.8642004201208,417.3001863423832,56.4642871480394,65.41725121660082
1043.4419153295348,415.37232739678166,56.46599233897727,65.54980931776481
1043.4094318821003,416.5129259271904,57.04530249556497,65.71023212999424
1043.106491510975,417.30590466684487,57.12562476613597,65.4032205735368
1042.8513242365634,417.1345284863942,56.82089583839638,64.99618655748505
1043.0874258923418,418.95859305231437,56.528364768050935,64.52212969126971
1044.4792069580396,419.96007093605664,56.427770776303376,64.36051303511326
1044.9320404035172,419.5772002090893,56.185937503512456,64.04581015311045
1045.3484407279782,420.30130492576416,55.710726576270034,63.56070496780757
1045.9346816762609,420.6487582902978,55.045019582048674,63.44961476706065
1048.669002686301,421.0065967108953,54.90393798677325,63.61417169051417
1048.9578859263856,420.869911739666,54.274703611095816,63.22125134976951
1049.2678981277886,421.5726862513752,53.719651132118074,62.962049372249524
1049.5461577859967,420.99084757142464,53.55256663015511,63.06797221554917
1049.2680701484776,421.2840197884316,53.364387657146274,62.67935117020716
1049.7294187057394,420.73225634284097,53.1625309967242,62.51523890123215
1049.5082777666491,421.64853962982,53.37152124892816,62.66890889953973
1049.8117341716295,420.8332404501592,53.54680448388929,62.814857600658094
1049.0646129318873,421.2268273729021,53.63151632372525,63.08966495634424
1049.6604749352643,420.95347393911936,54.08783308845558,63.428989621761325
1048.9664226632037,420.3321502923785,54.28195264722525,63.610998487508624
1048.630452228525,420.18201862109385,54.81786141209085,63.63150719140602
1048.7113458919348,421.17108218397976,55.33090929034914,63.295790343954586
1047.599348442618,421.48566334669613,55.92079469191238,63.1352406894202
1047.7522646636496,421.12728523962585,56.41293588266191,63.17151594652951
1048.5079641425316,421.08699005563807,56.96762274032747,63.44119322856758
1048.3222685236021,418.87970011688975,57.139902039709625,64.36376871153303
1047.117261862258,420.12799956600634,57.51338582138255,64.37782044806546
1047.9011953244512,421.21255066539095,58.115471289574,64.26302427956966
1045.3583479413599,420.94658302884085,58.9745577793898,64.47496748724015
1047.2396350994497,421.99902683356925,59.456642887038214,64.08060539047872
1048.5464947111475,421.4111151556204,59.66367866852553,63.81393912235295
1048.7298955294536,422.4553365173738,59.7495900446083,63.54141436759617
1048.142789477985,422.91960349605745,59.541752586998946,63.31203812507255
1049.7460887987445,422.47110219584323,59.09295118669065,63.34362324503229
1050.2821544846795,422.0323513664178,58.77898326696922,63.49370791169562
1049.9380372080072,422.1030974534971,58.62278117480572,63.66524979515417
1050.9060100389797,421.91168296380727,58.37355731461874,63.62817215832297
1050.8700390547435,422.38465948732954,58.19034181238797,63.840147578075275
1053.103747800858,423.08703518501375,57.890191165862056,63.68350409286319
1053.291755037734,423.3649606760083,57.7423413649618,63.51954459036615
1056.2397043857027,424.6809408307275,57.573646038164874,63.861430716474764
1058.147414618298,422.108740481646,57.68687547531816,63.23987072127832
1059.4155262840452,423.06189537364116,57.47845670925328,63.85167311990512
1060.5075627372087,423.3289121462073,57.33478907636384,64.19173930621824
1062.4048047587562,423.52505795096084,57.260809794010925,64.1366821937814
1065.6855958953452,423.0030272589021,57.14396018684876,64.12427079957871
1066.8463549521762,424.39879357478986,57.01574041303034,64.74934888557655
1068.0173843909824,424.50271022492655,56.813146867448964,64.99772286069381
1069.507125491772,423.2302927557995,56.86825634067457,65.22610577258067
1071.0052530619196,424.5376745708594,56.75772812909043,65.57066221082023
1072.5048543992255,424.54022097303056,56.44433172889272,66.09591913792325
1073.153724020877,424.2159771382745,56.33729683129269,66.42195807696659
1073.5815161245798,424.2142603160562,56.1819689715437,66.71175341573912
1074.3693270461285,424.1907455299828,55.992562338406955,67.12543643026873
1076.3562953218081,423.94069433023134,55.89788298919633,67.54012012859985
1077.82771972976,423.6475106897849,55.812791741651864,67.85190550031304
1078.515219575682,424.1295297915718,55.68527434961233,68.13875230650478
1079.1744407418846,424.38055489965546,55.38566136291057,68.64013531787656
1081.8912068471889,424.5941324432519,54.93548181343491,69.15524097287117
1083.9503553070635,424.6003081995621,54.69757124622447,69.19466253153982
1084.7524038382755,424.5196947904377,54.733412538292626,69.58335211834337
1087.256343666333,425.21609078381346,54.44820439096715,69.81427839331053
1089.6644622059064,424.9402215589634,54.18007827373425,69.97114989965131
1090.5483453877812,425.9836157914663,53.569004414867166,69.82109849519233
1094.1336646244924,426.0723004638227,52.695149388710625,69.86656850594827
1096.108374147017,427.0531814291725,52.55977148135664,69.6015686602096
1098.3124795341164,427.5525270321958,52.38202945715807,69.5292995733037
1100.0240051468438,428.2241250492517,52.04886775807013,69.79970522376223
1102.7733207914875,428.2419287124483,51.80501246975932,69.98004028018144
1105.5561606456922,429.1395948380004,51.41813525158432,70.3766483366945
1107.0996340786974,429.8798153393045,51.306652252761566,70.29418707041435
1109.7090717798126,429.9785739979196,51.10648412592166,70.17375715552794
1111.3114578184632,431.31936560837454,50.93125306424534,70.31428697172751
1111.9005792248763,432.8591459665672,51.185612180129965,70.62886077682646
1112.698742722383,432.3914875178922,50.97635488726515,70.52838055503598
1113.9935150952876,433.47294445532685,51.30459578598715,70.39868506395564
1114.1165886646193,435.2036576232978,51.878150795761314,70.08919049070911
1114.921275819816,436.7205675529773,52.31310326759481,70.30060988916256
1115.6061530518612,438.9951781792497,52.825611987098114,70.08499154189117
1115.863644392467,439.1521306106357,53.34966128830841,69.91586206974415
1116.5601184859306,441.93370534782366,53.400026700013825,69.50703998794637
1116.8531781532427,443.5131606791374,53.786716203280264,69.24308782141264
1116.881710078274,444.41894607755665,54.482582040717666,69.52816619449608
1116.5692579160304,445.6610809897387,55.28927957809546,69.5313994218898
1116.4803195230195,447.14550177350895,56.026787711773366,69.24026171177111
1116.8192419715292,448.1669548118197,56.49397760479292,68.9552139115168
1116.6024364317775,449.4003620670606,56.90766070578092,69.09067906412103
1115.217059151771,451.7096233109787,57.0709170968485,69.15303426183169
1115.049214869044,452.0761813888799,57.70787519355278,69.37734608454495
1114.3258244548135,452.2369323460801,58.18476161283367,69.68758855491012
1112.7215397643652,453.8989449245024,58.55492156990263,69.9928663765811
1112.9002603645486,455.4894986407747,58.93893544766051,70.13030142450536
1112.6349997171571,453.9420248951304,59.05270869556874,69.84532032692674
1111.1377386606162,455.38298729929204,58.36339291802554,70.20018140727535
1109.0972573907852,455.40133419159133,57.76091429557812,71.29456062072362
1106.3334147420576,454.7631621531995,57.436716658462814,71.16132828149156
1103.4092689097374,457.178616774771,57.1868332742753,71.06659457545803
1099.2067224309646,456.76015050492833,57.55597652478947,71.04848561123703
1096.1018958135583,457.5859093200415,57.73984240608677,70.59557637944832
1089.7723744781854,458.6228023868556,58.02287799675433,70.60125801925754
1085.0732587179575,459.8434270963337,58.330869038694516,69.9043933659263
1081.2678028547355,459.6797827719409,58.60971899756038,69.5491258623682
1076.0324335683847,461.0055939120334,58.57642924994926,69.481457439605
1072.0658592423251,460.56141294079316,58.36533656906059,69.18756840552311
1068.5860898124427,459.73604794110975,58.202820375114655,69.26905402012432
1064.8305743485182,460.86432454924864,58.22857603440879,69.9107857159558
1062.4237842376144,460.2068150415414,58.10166553356025,70.71964018058911
1059.6106791730354,460.06748939339604,58.253861380491614,71.35684250227041
1056.5259010607565,460.66494106019917,58.20607141364336,71.99973824092976
1053.2464209771038,460.28752894797003,57.91345382215979,72.3163910786693
1051.1906934228173,460.8460281593157,57.548376948310846,72.3773406540248
1049.2134291179204,460.7012765378332,57.324911783690496,72.86313295948986
1045.5973912715226,461.7118651760682,57.07165117277511,72.76450206973857
1042.4863861768927,461.79545347324546,57.30318284641021,72.86594119804037
1040.1600033166717,462.3883451553188,57.260117268023905,72.71626012881556
1037.9978541406808,462.8901473524167,57.149967377817894,73.05814523657287
1034.8388032779876,463.68778947662105,56.75588038250132,73.01968471863294
1033.1484722974888,463.30047732282014,56.44153501928048,73.19601190709415
1030.344356047352,463.97625685566464,56.00647833498365,73.23574922812384
1029.264578743985,463.5796872837766,55.690202863592205,73.0824467215093
1027.0313698221648,463.4313047369626,55.538624491412364,73.17428627802796
1025.8187762621722,463.84050746031454,55.357244228585394,73.27476510866784
1024.3023984302042,464.2056976839227,55.45951893548981,73.35129994465453
1022.7200111205875,464.45717162900564,55.22262119144205,73.44979248417626
1022.2406069423366,465.77072430137173,55.23187510458452,73.22384070389717
1022.7956235776664,466.4936246250774,55.35237161908128,73.17821705843893
1023.7919269989462,466.21922419212933,55.53633948355282,73.32754282667882
1024.0982345002615,466.96341544612903,55.59331066256287,73.36143815071068
1026.9353188149894,466.7078534721711,55.37785174990388,73.22964828026718
1027.994903349525,466.79045229743116,55.506546450364006,73.39898432115335
1029.991021181504,467.32083400614334,55.5696391555466,73.27990181193205
1032.0034746229305,467.867830646291,55.5759822726935,73.0435440296836
1034.4178401390254,467.96600796683487,55.39132472683217,72.93990179093967
1036.8817703226512,468.61519302379793,55.364129642783695,72.8328463742791
1038.962248301403,468.3086291717087,55.521105814186484,72.8548791077545
1041.4902159082508,467.8747065851735,55.2305514598655,72.83164151715299
1044.367478065368,468.2014894146338,55.34696830774037,72.2855282508106
1047.2417987344575,468.27304254478497,55.720153141436484,71.86245372878948
1050.105282965405,468.5016500569975,55.85793077329181,71.4975238606144
1053.0612948946634,469.4383367405501,56.00437859446235,71.40100596225919
1055.5870222109259,469.4689024013445,56.08201331740611,71.55160559770157
1058.4551725340668,469.4522828706033,57.11240578635834,71.65595061621528
1059.0088467213118,469.6672028761856,57.356955605228194,71.5046750581756
1061.5474478812832,471.1787142212057,57.045988636847596,71.07085524899476
1062.6907274942907,471.1213714879017,57.192595914738995,70.92785028591535
1063.6677348886024,471.2681488727667,57.25234455385,70.9475279380604
1064.373027378162,471.6328991667995,57.22026909621473,71.06131958632284
1064.9319510338507,472.03300816116246,57.45874502702521,71.63671194915949
1064.1438716693385,472.23603539402706,57.87703632440887,71.71750440725839
1064.1233789662554,471.8065669880723,57.55535083213772,71.97765581877724
1063.5805849578321,473.0593064688209,57.61393079234336,71.93277866392063
1064.1431092626372,472.1545464492615,57.54659092296808,71.8313795135864
1063.2470793590994,472.0639466744384,57.25881674566838,72.1495114362795
1061.9935464849045,473.7299409723182,57.207441331948885,72.66200526239486
1061.6669224552832,471.9493698622501,57.04168914705094,72.83435353721859
1060.327497811702,471.9598561750079,56.99840098304136,73.30154009139036
1059.4172710769747,472.0306835454354,57.210181356792944,73.63373178608234
1057.2121703098924,471.93484389115474,57.52590046908224,74.14911104581557
1056.4787272304504,471.1263517685729,57.76976416702885,74.93189729293233
1054.383877348522,472.85949921344604,58.114889956276116,75.65667295982671
1053.805823215988,473.4197210321255,58.11938689321906,76.0562183361397
1052.9805994532317,472.8676703703487,58.06170453591962,76.40595564602125
1052.8731961757455,474.64008123287323,57.83751572956358,76.94170032722232
1053.395488600262,473.4857180027096,57.35201291178054,76.76470901411206
1053.7908061060589,474.65913689337043,57.169013398234014,77.10567640857164
1054.355427496007,476.0818576316103,57.014776721853096,77.06144342818561
1055.5402588612717,476.74003002061687,56.83755783898006,77.42853981228185
1055.9246686913018,477.35432895026736,56.88377113790425,77.70088799790277
1058.509000762739,478.5065638544131,56.600238830967285,78.11065158804871
1061.5616871438351,477.5696207193508,56.081078226978164,78.92954518239215
1062.9818445669998,477.54522964425496,55.47678632986771,79.26909881695889
1064.488609318557,478.2263370707339,55.00708006894042,79.87487102454786
1065.9589312082962,478.9030579022257,54.707061289462416,80.00668937132981
1066.0501358550002,479.6502865446827,54.41954945699154,80.24605777000964
1066.4135879116805,481.62995602179274,53.947741779178024,80.58099982164889
1067.1404272359719,479.99376750966206,53.189985982157644,80.80244300801965
1067.1193906519331,481.7326978998659,52.851474433438355,81.31075776472125
1067.133936185598,482.20463331923304,52.519435368061785,81.54990084200269
1066.2665699500917,482.8851435446921,52.352007194543134,82.07077736374086
1065.4686398987062,483.2843695683961,52.285391711376505,81.74510363664531
1064.6993855501246,484.23390733004885,52.147966570649395,81.73735501763667
1063.0199976496149,485.13887223854545,52.04403485213744,81.85198574751851
1060.5170965562268,486.22561747962976,52.092988894382394,81.50283608566235
1058.8676098032154,487.32600204854054,51.79415356251455,81.49722685995017
1056.871182290384,488.25623729597373,51.6080535100522,81.75974220492756
1055.930517608812,489.02634699572616,51.332888732571504,82.08957895776648
1053.731321021403,489.7586687855007,51.27302995426437,82.10232185282682
1053.2405047927293,491.3394673148742,51.62175835887713,83.09044403236099
1051.0092496196314,490.6220178393757,51.69117178124482,82.990919155233
1048.7347426395677,493.39798421600517,51.78104877848192,83.20781574767716
1047.9551578535218,493.40611570836825,52.15052108494854,83.35003054615407
1045.313542507033,495.6066271241089,51.9994256060515,83.02752944318843
1043.7330261150616,495.6919940962164,51.825863663431434,82.35255355561418
1043.736624328348,497.5212662125047,51.37365991263987,82.05622245780305
1044.036375283733,497.82229041698554,51.29744291397927,82.25773239845074
1042.533228466688,499.9255099958299,51.71102414572556,82.78203664896519
1042.4633424854387,499.77642973360946,51.30657613752099,82.97997744684363
1041.0667718766542,501.68203942048234,51.45317194493365,83.10088697934778
1040.4483450820237,503.00543074931454,51.36641713575734,83.35443391152717
1040.8400266091821,502.878038842344,51.25514270448731,83.23327168054637
1040.2003597124924,505.2866301188768,50.95424578497625,83.40275294584009
1040.5718273517568,504.9339370724565,51.06687080918152,83.34724426329018
1040.009962974997,507.6729528846856,51.3671742697323,83.58707762906624
1039.888390279023,509.1408801666685,51.72592024761777,83.46286857291295
1038.377841863514,511.7268711386468,52.145149402854656,83.29790567192515
1038.1223364585685,511.4601440437416,52.17675957798009,82.81152343595433
1037.4055504270543,513.5711812104788,52.00113974647715,82.81735437591736
1036.658098537429,514.8522165555976,51.72620709994675,83.0029948673205
1036.1977648574612,517.0225826654764,51.664208444257255,83.19958564560972
1035.4775443613635,517.563764314451,51.07211769817155,83.20804266016063
1035.8186153965798,519.0168182541945,50.04427250273858,83.40798336465778
1036.5500435419394,520.3060426791062,49.18688496201946,83.54355429022506
1036.718001105406,522.2382793164295,48.58592466907088,83.91067891596916
1036.774065068623,525.3424750082411,48.511180775839975,84.3845079913303
1036.532008437244,527.2827311250193,48.4152464311761,84.81960855074281
1038.3219233462398,528.7610827720442,47.843656359278015,85.1797997879427
1039.576811300588,529.8955804970439,47.2878294251912,85.65750843950599
1040.5801369345484,531.2757098345326,46.807301204145446,85.89105469616936
1042.951592357815,531.239265290714,46.531797584174704,86.4178622408376
1043.806773797094,533.7371976896707,46.328942029835495,86.73373450347113
1046.247755346748,533.8791047729799,45.9424623289649,86.68096892083716
1047.9345650825253,536.1359436057817,46.03756233983234,87.23052367710862
1048.5422884384993,538.1734990083543,45.95392104780581,87.82798977626024
1049.2640844251093,539.4851996674101,45.98631174060148,88.28909163197649
1051.6083374321433,541.3814714692722,45.850997865205414,88.41445574309614
1054.2697371828324,541.7083301052924,45.59527600054619,88.4868737249621
1054.86225366366,544.4850581775632,45.73293590998446,88.92435385971729
1054.8141598834206,544.9037138358703,46.341757747806945,89.53232452552487
1055.7219219982858,546.1179499758249,46.88502868409233,89.73983857374078
1055.724871052085,547.4233807519588,47.35947725618139,89.98920651366056
1056.0395413405215,548.4501238664242,47.57181148399601,90.38203986480796
1057.377564758995,550.7885765314807,47.89149218611159,90.70223536477295
1057.4854322786837,552.1014694654774,48.24902985181232,90.985262973342
1056.761234047879,552.7697791446085,48.70313310053097,91.3202439568768
1054.899181092261,552.440172180368,48.41674096489212,91.15789416465458
1054.6069068452762,555.2944517710507,48.963996978393155,91.19561183875805
1052.8560973812926,554.842964741795,49.26685492003215,91.883162313285
1052.40926345542,555.8084765959802,49.61645538896498,92.95543450335214
1051.1432362877547,556.4128844649795,49.67979024187353,93.82562877511913
1050.134214256466,558.8020124860207,49.83272199976335,93.54126921741184
1047.5391412504066,559.6125529481617,50.16681942789755,93.16142974820775
1047.6187131670492,561.1418559157603,50.495193905159205,93.23044832472948
1045.8038547967728,562.3218844128183,50.34146338008712,93.21093698491013
1045.4950586842237,563.9549010674218,50.57044476534167,93.25163585343752
1044.635979621764,564.826843431087,50.64898497033937,93.41140713196651
1044.1334240396513,566.2260540338289,50.62409735526762,93.48725350460793
1043.3061526042413,567.5046871693372,50.598128751478114,93.37441472382555
1042.8310104273808,568.9579402770953,50.5339782907462,93.74522174073124
1041.5901177573808,570.5671071431345,50.20634590613691,93.85147296959039
1041.7859093386598,569.2356037093099,49.75702348576614,94.23664780598958
1041.750462353686,571.5306305566045,49.67780148891708,93.99150377936915
1040.703561629058,573.7922736312671,49.5864222741105,93.91890122379388
1041.1023195619648,573.8088238685157,49.20501358603155,93.63851681374979
1040.0984102512696,576.7057896967369,49.030153984765334,93.22126362410431
1040.030502535489,577.204347269767,48.626815363592335,92.97237845851275
1039.4259764808028,577.9415055489376,48.279470988589566,93.26856971267182
1038.9269398679821,578.4290007235188,48.12034816930917,93.93350245921249
1039.8110183036445,579.4768140882761,48.248004286265896,94.58131445040095
1038.8802261261035,582.191295011901,48.04144288939463,95.24955108947904
1037.7317898125555,583.3670356199174,47.44997933484996,95.32049418985285
1038.0970063688912,584.4015453090855,47.18057527491291,95.67231221386031
1038.6259988178474,584.707426719622,47.05099613871924,95.76660408028707
1039.3082381785812,585.3996616233005,46.77449959498602,95.8427360795708
1039.324238252938,588.568467966114,47.156867122054045,96.16430308144395
1039.7414715041903,589.7086209996057,46.683820297283695,96.11965375274161
1039.7576863092459,590.6577201651947,46.26195587271919,95.95918735515747
1041.3542433081586,592.319499205543,46.12185090809679,95.9819122334451
1043.7702798913515,592.0840430780337,46.96595572022662,96.20636452752643
1046.023146990778,592.5340582111394,47.601945154186176,96.6076343101432
1047.3001904660614,594.1613781302885,48.17429252979122,97.28701546793864
1048.4062605572708,594.7288005637395,48.78060327510681,97.76508564009924
1047.6974918140477,596.6202644869473,49.675923964678304,98.37501057688652
1049.476802873568,598.4586577223369,50.76857748040334,98.96305564907632
1049.8098196037067,596.5224308515194,51.3201038345786,99.38012608992992
1052.6876753143254,599.1051571524557,51.457794512950926,99.78745791188547
1052.0245313832386,601.3306882240913,52.28313633020244,100.14608815142674
1052.6974844030663,600.7496836692663,52.57156866945338,100.25734652865489
1052.2881506614276,602.6835142703691,53.469673408589955,100.46805446707442
1055.297333318631,604.5436854618645,52.38508494965186,100.51718229892728
1057.0327349528682,606.1271586672455,51.49561102688094,100.73841948191532
1056.5518395877575,607.7698665448537,50.93545961843028,101.06536944935502
1056.464447589557,608.4315960282191,50.318831261315474,101.30816414473355
1056.4247352805828,608.8301783879417,49.35229640660763,101.3471200307572
1055.4115329109331,608.9912617622133,48.554696018954125,101.26335660252644
1053.7107995934205,609.9082050646258,47.97587700944808,101.52773659926399
1053.2018765442378,611.5090137838699,47.47477169179757,101.90171120179127
1051.6134859414244,612.4958891635947,47.06357071969022,102.49839501265423
1049.7850737441327,614.2735008579035,46.943631198258004,103.04229271778667
1047.857907082176,615.0892678105329,46.785971113968195,103.42198928127793
1045.9702515231847,616.8243484223896,46.44125659718524,103.43336492279907
1044.883321807897,616.3123034111564,46.118869689870394,104.02361705464027
1043.2836445650426,617.2904337048603,46.08183501542263,104.08871877191989
1042.486303563175,618.490040342998,45.821933278923645,104.48641101322275
1040.477736716104,620.0403186077212,45.67271565470634,104.6056115638543
1039.0537880302086,619.5049249167321,45.727186512825014,105.65451784231716
1038.8610151236596,621.2271086513201,45.666839991938616,106.28092063681294
1036.4665782385264,623.1102219524915,46.36190272704866,106.95008832157933
1036.6715262145965,624.5417177124937,46.5071215210021,107.33572351055963
1036.5905539959706,626.0207162372892,47.0494980871603,107.79072084573401
1034.522000692868,626.6449201360294,47.492238238287456,108.00239605606609
1036.118063533327,626.5623281404849,47.45132715697912,107.98471871903024
1036.25909288976,628.7440426145859,47.74559290700331,108.18967966340645
1035.837997645923,627.4147445509071,48.1669765099116,108.02631534154517
1035.855470789642,631.6421755885531,49.10099384552085,108.35041444789397
1035.025932594218,633.1651453300478,49.94808903519697,108.32406725006064
1036.697199050173,631.6883547389767,50.27428781273989,108.4906306099372
1036.1598471807486,633.308688368867,50.64711777229191,108.30114132867209
1040.163761250128,633.5101271680268,50.713996664783075,108.34299639636826
1039.057000232774,635.0550369814778,51.25805458816305,108.46106251165378
1039.9462123519318,632.8594884126868,51.17765891430071,108.33241477618881
1043.3780863274517,633.2624342074058,51.37699079724526,108.41028173167271
1043.9704071931271,633.8461056145354,51.307888616675456,108.38335029436676
1043.2010151044701,632.0476240507425,51.07564618266148,108.3184787051558
1046.1846191965728,633.732758811055,50.576638682049435,108.68444575679644
1044.6069472442937,634.6395416851907,50.68229996942053,108.68991077024366
1044.6462449521284,635.0701202969964,50.41132174125086,108.92125232592919
1043.7070081854515,634.1042422714274,49.8895572374952,109.48405085753578
1042.9562549311493,633.0701588819159,49.26151662695928,109.80212608382449
1041.6002221879385,632.043736576383,48.86384090244336,109.98433470856217
1041.6789157589578,631.6276884506815,48.237886865873456,110.35018340137134
1040.7968953191842,629.2794984965446,47.34024561651438,110.32006184480134
1040.3362882399313,628.6162172810651,46.78642315392666,110.4856135335729
1038.9561651244173,626.8627090300256,45.99469794940744,110.05207827783953
1039.2358417696141,624.4367988459957,45.26505657307626,109.74859469082115
1038.8983861063766,622.6286952339835,44.4023397257233,108.83565762773614
1038.6537368331553,622.7059315920703,43.98544930732224,109.24933066351556
1037.1929411616215,622.0489098992465,43.82952600195233,109.28987551400701
1037.7861777802732,622.2771701432495,43.3909775693362,109.87549980139173
1037.4126523952004,620.9549526006797,43.25597877893519,109.76270222051572
1036.5148890672451,620.9170782118811,43.31139313015816,110.28568610553486
1035.7508644652337,621.1382891539215,43.94274433613435,111.21603643825068
1034.6060270963192,621.1959206860688,44.831326544666425,112.13516668450313
1034.350798599308,621.3124720994163,45.580553069938645,113.16393519569884
1031.471601367873,620.8386991912431,46.66057228866797,113.5834658753262
1030.44773579485,619.9757560267012,47.43852804408903,114.27938394269124
1029.8251823249493,619.5196655423744,47.73624728857811,114.64166867111058
1028.8670979909102,619.259547416963,48.12894793907794,114.61988221685544
1028.0417022788895,617.9486128583305,48.20878599397881,114.39516319935449
1026.9602407131483,618.1618300717189,48.60104872507066,115.20328687804658
1026.136629622661,619.7323438536513,48.74781314237334,116.1345249391818
1025.7184511803541,619.9186863912748,48.36450449964333,117.13534450260656
1025.3306231575868,619.6804877622312,48.33861635572461,118.01439068647501
1025.5485148795813,615.1278664423771,48.16842739415786,119.34857619727711
1026.4491710622049,616.0631765850304,47.51311112266043,120.49986753306408
1027.2932591394601,616.2518962110623,46.84248257557186,121.34337554662524
1028.04142412942,618.7429712549248,46.400931648386745,122.14076647452544
1027.653107322987,615.3627480768296,46.24330012453415,122.74346746938772
1029.7127822023797,620.9598514699685,45.92824113723261,123.12399823193806
1028.130662066064,619.8309668473962,45.636548792676976,122.99517079739499
1028.5664274710218,622.8808785364711,45.34888028744866,123.43093091533899
1028.441890024452,624.5480591456075,44.89623398918202,123.50379625956641
1028.7719233133598,628.1990191156252,44.76399944261646,124.06338754999952
1027.544560120681,627.783876381139,44.86453881625521,124.28152091936278
1029.2771935084968,633.8324066191315,44.80472858359218,124.69874266994017
1026.2907171685565,632.7744901471749,44.6279009900353,124.64227336775957
1027.5736909015752,636.763597420966,44.548098543529164,125.69378294127111
1025.317783102383,635.5484578942791,44.55823567511695,125.85651438722307
1025.0482167968908,639.8666164905515,44.41060070797623,126.49958562241275
1023.1624239449083,638.731399522488,44.6434901228789,126.86437991010206
1024.4250839178103,642.6562882257167,44.91800538215273,127.68714889036343
1022.0762742394877,642.1061972766183,45.34530003176674,128.03809372801334
1021.00291651351,641.3890796753097,45.62131846223802,128.78113630367744
1018.9989303593857,641.6574155819283,45.50429077048656,129.19905433419027
1018.153917031438,641.9879789287878,45.37635477989747,129.63164712289318
1016.7644163979318,641.8625879044272,45.39436971878498,130.19401364427054
1015.937802091449,640.6289888352746,45.215383976281544,131.03798180210686
1014.4821993275267,636.9155065452854,44.72336074436058,131.58985482935094
1013.4600862437479,635.4041885692296,44.66999169707436,132.3122283302907
1012.4757362792199,633.3100048318524,44.542561255036844,132.96705698668563
1011.1871697088471,631.8042745245313,44.34970538211052,133.1076679919532
1011.540979845008,629.7278150527278,44.229395900804334,133.69524880079445
1011.2855334340526,627.9995761047938,44.11058901568384,134.1078424193185
1010.5450151628215,624.1318611644182,43.95902668119288,134.2754622414762
1011.0167916623823,623.1282422001582,43.578492480899584,134.44313107819934
1011.0168347416159,620.1948289063988,43.3612127189167,134.4066983883743
1009.8121070639049,619.3707317174196,43.099128767697884,133.39641498312952
1010.2081567508403,618.1717890271332,43.433097509061604,132.73299054924917
1011.0173558480844,616.4262026420279,43.522737644651336,132.2804377335225
1009.4588753172561,614.4476332657202,43.634449682870624,131.86193561699696
1009.3376925743531,613.3917953050395,43.94883665305164,131.68076485867095
1008.6877838945713,610.4230246308863,44.33742964738082,131.80196099213362
1008.3824828029436,609.7012283909107,44.48645346149561,131.6654143119286
1007.6341888712261,609.2221505724116,44.39814142258682,131.60959289814562
1007.3224140942461,608.5505820068153,44.444573056624975,131.61425957035382
1006.9930179546985,609.4030369397321,44.422396097438856,132.02116611077017
1006.5358741822555,610.4368852252936,44.57453764623129,132.17731597519392
1006.1727711626884,611.6067723206864,44.67205105841239,132.67775174534586
1006.2665666213239,613.7155825314453,44.66359832473484,133.29805246640618
1005.4070782957322,613.8356653545954,44.9139775638092,133.50039170291853
1004.7254566136481,617.276387671806,45.13363572289905,134.20134452943483
1004.1179265089814,619.4969496758846,45.32403772910737,134.70773028690272
1004.425573378058,622.9033736507441,45.73874277025119,135.31700147780862
1003.3657116841075,624.1425376105385,46.127295503855386,135.11705490587605
1003.1311066641828,629.2201614784332,46.45871867847051,136.28636161344608
1002.9987352506737,632.4466069411155,46.85502278478555,136.547978744722
1002.5292854988398,635.25387800355,46.847846849,136.778620946025
1001.9681572586749,639.4107655715737,46.795817440658155,137.15310874943063
1001.6500748484156,643.5285515782072,46.85260604047352,138.05047130647625
1001.3790995773237,646.0037013379904,46.98412567445408,138.32804654276913
1001.6419378309365,650.3525834865882,47.19706611058802,139.08847316354232
