510.0,314.0,21.0,24.0
512.1038517178109,312.9055239192043,20.581778681077367,24.13983411959916
512.8698186617119,313.27414783956687,20.369607976869254,24.491499242741256
514.4739932925673,312.3437392148184,20.05493547297069,24.643873804249846
516.6328617177153,311.7096949929711,19.623078139276572,24.669790006733557
518.6149211886669,311.183988743428,19.287567900986524,24.629703177206423
519.3390704710974,310.5111580095816,18.944661792180167,24.509506185426584
520.77430506505,309.50663607385405,18.792805275173244,24.51509394115907
522.8335855806973,308.60739923490206,18.841915447491957,24.508315543867745
524.0235785385516,308.15242646317927,18.83266470024046,24.562899148836753
525.7706484044073,307.5529665149284,18.697190434837644,24.308198134693995
526.585109419532,306.6405650551292,18.497559176072592,24.056516374116654
528.7361236923292,305.76919226304517,18.361614920028963,23.79365435330421
529.548501355436,304.8063952691884,18.12370041412808,23.49736265986546
531.6343709993275,304.32471803250115,18.003253545778627,23.177689484314087
532.5998537747204,303.5405420703145,17.737868744504503,22.841591945796893
534.0368613957983,303.45794442521094,17.60337834365734,22.570088322429687
535.2761618628309,302.3636456207476,17.397604558029627,21.93767152705943
536.8427742807032,302.2284036241875,17.23656294982397,21.910586245277333
538.6740770736947,301.21493929364215,17.090429226634036,21.56439173742269
539.715394730352,300.8440846055484,17.11847353978425,21.87975528841494
540.9256948630618,300.12977024021245,17.18957249311456,21.787960129926702
542.4047416206854,298.14459529958333,17.124530125328363,21.797036817825504
544.2396542710137,297.4877086966113,17.098328176722557,21.909348231777305
545.1127651387449,297.43254616710465,16.975252498389267,22.1599931150095
545.702975866705,296.3211158698135,16.93145061034013,22.22703095568542
547.3859871708082,296.7474543007256,16.875951988949865,22.31672164757225
548.41716287563,295.4533838736737,16.90278820137668,22.438737013394785
550.0354406274805,294.7404433766668,16.86082040519512,22.37121743367807
551.7947459471046,294.28941579406603,16.838669726884497,22.625674332278148
552.6790378669267,293.5637537026343,16.7226356308926,23.012972636235258
553.4252843759664,292.9249651131698,16.627161045430604,23.214034617410427
555.1808078457899,292.72669358302323,16.649408783517785,23.44678220651214
556.081109310716,292.59980073573143,16.614049383939218,23.680655181369175
558.129083491939,292.21747527970274,16.661907479012623,23.74904754850472
559.4467128457409,291.3134825456883,16.77351309025653,23.73305840715849
559.9764623572311,290.97456136792226,16.84811593495201,23.866100958003116
560.9806081729924,290.8480857962489,16.72090493087061,23.76112668631079
562.9333820317834,289.76878824100334,16.780399327546508,23.680334284594906
564.0807300145448,289.36189824287294,16.7348717580198,23.582477928316607
565.7846880764357,289.14636560860754,16.811651068808157,23.272225447824
566.6585559543287,288.7134355423972,16.731586516635666,23.090714669600203
567.2808485698401,288.16672660482135,16.66070734030027,23.066891638990143
568.4022054740209,288.213132896839,16.679330812212026,22.84511176979855
569.700801499732,287.568763517954,16.57540200541862,22.040626955791247
571.6256688187281,287.7017761038657,16.308873544184458,21.896420326448247
572.5727075525961,287.19589813191277,16.100999079378298,21.65758880697524
573.8783000566375,287.30617138976834,16.071105270025768,21.56291204224061
575.2743915275013,287.13142731651635,16.128798732106855,21.447312298119655
576.5425000179375,287.71592979488304,16.079154016859228,21.213732146073788
577.0263048399707,287.7813124992653,15.999102356191298,21.105526856938116
578.3519818256659,287.74521930218333,15.902268038121264,20.990678644168497
579.8440423461585,287.215952678116,15.86429110114004,20.9320243923031
581.3822276627744,287.41804720254015,15.806467526013686,20.904056046579818
582.0602683324629,287.79134081341425,15.932922502554781,21.066732435671447
582.9667553667167,287.4558924866356,16.085509347132874,21.29941192614286
584.3121598762908,287.71226937605013,16.194619456402798,21.504942754247452
585.4848240768328,287.7456750020106,16.313257424947682,21.781149080451378
586.5307245434806,287.5098062915811,16.32350727290214,22.044642177579895
587.8751848241974,287.41943486811874,16.443249126019268,22.49377186532505
589.1995280130535,287.9291377995976,16.437972477311035,22.755051427172024
590.5754655879879,288.15712050528623,16.481560889454,22.801474016283024
591.3722030589854,287.7752780619663,16.49840699238083,23.123973905364345
592.5265946886185,287.9921042320824,16.45259370381774,23.241583466987514
593.7917235720283,288.20339960137335,16.362147643540965,23.130943411999414
595.1537537016634,287.94545210899395,16.229418866204394,23.16693422195351
596.9387135744788,287.5751808194903,16.24748892770255,23.20551146892951
596.3620488117006,288.6426167892596,16.2344213585324,23.247977175875384
599.2639661098278,288.3185821929193,16.234343476145213,23.21090385146618
600.3626203709078,287.61379939230255,16.044412578496722,23.08034646685976
600.3086691088617,287.6415392755994,16.114641152393798,23.10329687604719
602.8353141330767,287.37009972877087,16.098811431112097,22.648724187477768
604.2338224055472,287.3650779108684,16.04682815033133,22.392814759317815
604.0620123619871,286.9207031035214,16.0972734937994,22.209016461414237
606.7304494510164,286.7551853835732,15.945297692205578,21.792760336369284
608.0939833308214,286.8634705528412,15.75244013767349,21.42424297634887
607.690135152457,286.7089693911384,15.726556477312702,21.148398803172416
610.0482454714594,286.94299422931795,15.609533227003217,21.010694280621863
610.3296646335051,287.27073500237134,15.439845232501572,20.890414760882265
611.5002181038219,287.1029087681896,15.502791026242935,20.721390410398197
614.1397874182655,288.41665353464805,15.643932853898512,20.6333067002351
613.7844921726119,287.74561454508034,15.603691741202075,20.6228608756596
614.8038852928155,288.09798256046645,15.700685835267556,20.681598355629614
616.9737434998226,289.356153849854,15.809913513050176,20.971003762694345
617.6052290055261,289.3260316909124,15.806105404475165,21.086004245128404
618.6516822818797,289.69942068102586,15.71816558760774,21.315086860604513
619.3777750944757,289.8990437250729,15.846470074720388,21.533791211963567
620.9950636336285,289.7772237499944,16.069214163406993,21.657771738292453
621.7476834303695,290.5046464362912,16.118372152932753,21.937347142066066
622.98888147282,291.53774337540005,16.42635082389112,22.1070541427546
624.2850878698804,291.64739194140685,16.428740886215714,22.36235875634644
624.9810241303662,292.4034680715352,16.50661018653329,22.715532423824136
626.3780679926963,292.3108624568089,16.532895997029375,23.028879334429135
627.7476634468593,293.4029031407497,16.630771739093888,23.294382927484993
628.9377215739061,293.2973662434475,16.64512569984406,23.34733752042913
630.0527082697039,294.5316002826515,16.5171344249477,23.430917171513435
631.4577360247406,294.2164807246453,16.540513973468038,23.504241004322658
632.363911914016,295.22647019931287,16.627950097749384,23.53541714531955
633.5911606997935,295.2440317817005,16.783971935373877,23.267719517653596
635.3645681868104,295.75785742329526,16.68115720548085,23.328004635831302
636.8848382401395,295.8900547172921,16.49926730634205,23.180957765122745
638.2398951576805,296.238527410734,16.490600004463094,23.072551501774257
639.1056584709409,296.6753239593519,16.524889112805894,22.831137664792365
640.5834889375272,297.01395998050793,16.436774261175934,22.748302267988056
642.0539681456862,297.4021713632019,16.265087695444006,22.47577049381109
643.1179366856791,297.58238316519027,15.981388896708292,22.429159145693703
644.556834600096,297.51573493753205,15.880021290530834,22.14850754192811
646.012309755044,297.81734006459857,15.852570126142485,21.988587998244256
648.0086646443739,298.71776046308713,15.91946880695531,21.991374215427246
649.4177760289234,298.7060586490997,15.938823857680577,21.878112499163876
649.5363169105266,299.1119117593245,15.867193144278826,21.64825442324552
651.2968491349778,299.30033397641114,15.97286056793487,21.654298783017513
652.0549537415501,299.4936266030002,16.19292607402872,21.504735929741692
653.1766851633924,300.08821031346173,16.13941226598854,21.39870602102581
654.8539345684719,301.27530987226305,16.096314823017202,21.334061957134026
655.8538755513572,301.63230715332065,16.130887202949687,21.425128735350867
657.9021361846216,301.99718838620686,16.073489471577226,21.715103513230765
659.1884038738789,303.02787465506475,16.101784171187518,21.910208331472013
660.3360609626329,304.0661544783087,16.28815181740993,22.318717959886467
661.3560527185944,303.9639988983743,16.341010407537865,22.66968134143498
662.8936036521569,304.756483648643,16.425332368537653,22.944262316971873
664.1703030468678,305.6880821033425,16.533287644057218,23.318652382670454
665.2046413084739,305.92407202360977,16.597454138423203,23.89920855287815
666.60049012271,306.62197651007693,16.566750467470655,24.392376630725025
668.5693742001994,307.8761947510371,16.666938550284804,24.690992761109445
669.861059168335,308.6268774540792,16.887889903076022,24.927313512251732
670.3682214824189,309.0681103586406,17.03896291895127,25.107439255863333
671.3367656072011,309.49814393584114,17.26629575092979,25.100986908591157
672.5977998413222,310.42300841035376,17.470827929660324,24.987525049409665
674.3022762011221,310.3716263502892,17.851204738869107,24.876277023542677
676.014924162783,310.4999540333311,17.587003481074632,24.759315871326105
677.799591407024,309.6839156111184,17.364424974038016,24.405331619560144
679.1122863580923,309.4715792741214,17.141546668581043,24.22121675693301
680.5914504983778,307.183108355617,16.881315617013936,23.972307153512098
682.3300410882714,304.9388414641383,16.735692664765814,23.792742486762428
683.9673238063149,303.05161701289825,16.533041901530453,23.638739851156604
685.9665112792209,300.2532310185065,16.556319177398084,23.1627503042956
686.894142389493,297.85457631910555,16.42605543097482,22.868522227511555
688.5194446009264,294.27672056339765,16.181050983694142,22.70434848502111
690.1797018481097,289.4633403153328,16.213289174874216,22.498787814158668
691.4043200648431,284.3432202175686,16.078650824903605,22.284407648358826
693.7064560059484,279.52796646757827,16.098211645329698,22.13945585878875
694.6778661512957,272.80095987407054,16.208530087545427,22.38118495766944
696.6413916266873,267.28070131223956,16.29133631449654,22.40973156131188
698.008306126368,260.74626555972657,16.317242422557,22.480296791923852
699.3814746759747,254.6903105494725,16.38791429551146,22.87480721526394
700.6683698706813,247.9798593153475,16.376730717621648,23.113504483318668
702.7565819048474,240.33984569501905,16.54514002331308,23.565811081885734
704.6092207179593,234.16133147789628,16.73000674523375,23.928019875017952
706.485376648999,227.3474392527509,17.085482969091707,24.28989703771112
707.8064406571871,221.94989188404725,17.29587112703219,24.9682925563684
709.6762305773213,216.35979607558517,17.508477871236146,25.37831205415192
711.0521686541293,211.03211525851202,17.56886520638978,25.981603070622413
712.5048767837447,208.26288689058327,17.636585849014516,26.363680106772897
713.4717972037022,206.6355264206444,17.864800978337726,26.38135575856471
716.0717712550057,205.05619568073678,18.038586396238582,26.360314479590922
717.7214215651449,204.6736802493065,18.254086801350873,26.62710010319362
718.9415289488119,204.95077535599907,18.394583398763043,26.74049717008192
720.1542166326956,205.17435526222317,18.653457908925347,26.828745377653245
722.2877272736342,205.26825159849065,18.904365704196387,26.796935676309726
723.6974408399675,207.28607317268583,18.932762668209435,26.725464891200595
724.6522732814369,208.6552463979178,18.95618799523161,26.41132040606869
726.4260530528975,210.1305392026756,18.70507620621664,26.26624627116246
728.3306656059627,211.57616827557615,18.558319056629223,25.883143948115297
730.0003820158734,212.64383457879808,18.27093396630005,25.85778906383939
732.0510721858312,214.22364219579072,18.027311194743806,25.410927125752536
733.7610141978062,216.1535530088845,17.837049058000936,24.924465179740764
735.3750220073451,218.37081333832396,17.668176505329345,24.6179657610962
736.658757452345,219.48348083977086,17.6505103028296,24.31524580947197
738.6643563038265,222.3972038441379,17.528083656995573,24.318801082476174
739.8770436027785,223.74323659462314,17.438539747567933,24.102481736290816
741.1263989948496,226.04205690679638,17.611604781296876,24.108875535772476
743.6665438212997,226.6188673468339,17.39631299216617,23.92718611321695
745.0431012824407,229.04323573482696,17.282838877989654,24.07235345100035
746.2718759559201,231.11594862739148,17.115130229273134,24.02392015854711
748.1905422642352,232.9103752283756,17.34145728061154,23.99370648294602
749.6659541196464,234.26917849379595,17.316742883754177,24.170593055132727
751.5356469675307,236.7438454793107,17.37528504443069,24.21727654015791
752.5888611946244,238.54822378055403,17.399365013094986,24.383880045093118
754.4599274476038,240.26375360709136,17.539900048639907,24.565010638600477
756.3196952586735,241.2040009045869,17.632017563707727,24.99060735220314
757.488926416881,244.4852626131142,17.65642450998795,25.389624157316494
759.9603337373956,245.4147723529803,17.552698308900183,25.50130017318981
760.7209528203924,247.41711286821052,17.66802630501589,25.838515199858264
762.7224829544218,249.04445566881256,17.520610263031287,25.912893014181517
765.4700941562002,250.36495366267403,17.39085111631055,26.179360100189065
766.224472979184,252.1639709366383,17.204984705694446,26.40153887013163
768.6515199173352,253.84670996565,17.100089742966176,26.278477193944138
770.2933856419278,256.17889476728504,17.05904170442559,26.319796067236542
772.0322462953563,257.60024068680417,17.03179799766626,26.548858683764745
773.6574265377443,259.9287856591736,17.0304685797848,26.351569459240647
775.5535342879286,261.43056421855937,16.911821805002198,25.88122309486374
776.4751241381786,262.9006568517976,16.81948133790078,25.453580552996655
778.6058681738632,264.73050407821205,16.686426494070425,24.80663481842947
780.3473600612951,267.44235062261333,16.652020600065903,24.549903399548732
781.8007800137902,269.1435492259194,16.371096222419485,23.962501004948265
783.718554752672,271.75061975670565,16.38364549953863,23.45050838087586
785.4471311992708,273.37286017262073,16.484689627825773,23.03781465842062
786.9095471265094,275.63238726696596,16.273511337801434,22.70274331885131
788.5006728802398,278.47349611482105,16.030079715594546,22.415224719820813
789.7612916995622,279.65255051495836,16.10189017265287,22.203554518179
791.2101044383436,281.76968255663616,16.24874406520725,22.250677763924948
792.687852073637,284.0316288086861,16.509114883487744,22.066049175840675
794.6726837011222,286.12727471722917,16.574432402443055,22.207452366078755
796.9474884111086,288.3115269566933,16.516232284228085,22.27811872455291
797.4674785998164,290.46832391751184,16.741190261304645,22.663407859556454
799.1445552431927,292.6029343594916,16.906926806094944,22.911780359385997
800.1490340913905,294.32918240780293,17.147587639972905,23.376024680243752
800.7710379332173,296.7848242509233,17.262634521749142,23.739307644393694
802.4536135599776,299.0385082766769,17.262046256509507,23.905432024527073
803.7963711536693,301.2722248280623,17.295952455845004,24.40082851160006
805.0698474973946,303.11837136978284,17.231383496421735,24.657563443295608
807.1588095926686,304.8761833781858,17.119697709194092,25.140230442114827
807.6665983323808,307.53166951379853,17.193330740023498,25.727703300283807
808.6415867803618,309.01196168554094,17.434645653143647,26.078352477306815
810.5240982399588,311.3188446791932,17.442243888734748,26.16725372633044
812.0219849748914,313.2284707730625,17.2326184901585,26.255281506853496
813.2428349814678,315.84697828559433,17.178491719193183,26.464517397317195
814.7984159982467,317.0322780056927,17.127922337002772,26.39378367977666
815.7900577103944,319.91946161596184,17.088730709582254,26.330605729257975
816.8946117056083,321.9390780237439,16.92989279972094,26.508825916623547
818.2889574352341,323.9131200877076,16.78977616957086,26.360126859496837
818.4081523906868,326.31469683020765,16.908365628782537,25.802632249008514
820.5737562414881,328.0449958642812,16.871309233332433,25.15477069209188
820.8765075197344,331.17462865567006,16.735853673909915,24.746564069275124
823.1998581466266,332.9594420374232,16.678973281942117,24.691646778425135
823.2531898779174,335.7137450698269,16.56974634279796,24.19905481273873
824.7351830032451,338.1568643582166,16.41231679380277,23.605777356564833
826.3593768983468,341.05410772864974,16.428119677427443,23.13432680954623
827.0952742129946,343.4509136536562,16.323176854772502,22.760987786681724
828.5234423232166,345.6031599516759,16.207120785695768,22.508970166228274
830.0598594109434,348.8710984294683,16.159097401257682,22.081133066600543
830.9172042592468,351.56499246613726,16.249644521057146,21.985337180762656
831.700835307091,353.51469532151566,16.295099100173598,21.970704724400328
832.0011595111615,355.9841302955965,16.30811341175893,21.932538206414446
832.5643100224587,359.06086363843247,16.706699474125582,22.178531359609686
833.0446287795772,361.3172397559408,17.247748056079924,22.466018687581297
832.7452148993532,363.9059675139177,17.810595591918602,22.744465271236933
833.7009353139658,366.55722841357164,18.20396433300586,23.158412282964115
834.0741862544569,369.177475523569,18.523441455929877,23.575114107891338
835.5664470031174,371.28796858367303,18.696077856558027,24.0534916961793
835.7714458461663,373.98440262380217,18.9220207222181,24.51012617939763
836.4778817180008,376.38293771702814,19.044305228549003,24.736424828394846
834.9081015539169,378.43956111665995,19.54436970710743,25.050355458330475
835.9025707432457,380.82808439532585,19.907321892414814,25.551598695920575
834.1497561516279,382.7189477416295,20.482714259244183,25.643231683488985
835.7541725592323,384.36184732682045,20.309724339543283,26.063990740646233
834.2216070430926,386.9997737240359,20.25068697582656,26.226614508715286
832.8491143739661,388.46236455786874,19.98371705284888,26.119830363022256
829.0843754255158,389.8936220358246,19.669406802776965,26.030760536505063
825.825936858448,392.2171443092331,19.609387269432172,25.706370713809147
819.7018115342119,392.64452980905463,19.72668699016994,25.511466047173915
813.4345644231546,393.9244231262464,19.506252623417467,25.188869659372482
806.9844943763387,394.1959897376027,19.495496415779535,25.00925419789035
799.5191742038055,395.0791744347575,19.376011638775644,24.792391944694025
792.2818682653766,396.346632153979,19.36144962647333,24.58671539785261
783.6927704927753,396.6519785293618,19.602770782027704,24.325570986930664
774.6103184811411,397.5522185829122,19.71980035461231,23.837987608345493
766.2298138483078,398.16786791461533,19.536862781900112,23.424781291130678
757.6816801372609,399.08181729675516,19.458737503798538,23.125744526362755
748.4836309675022,399.7711637154529,19.412445401421238,23.013340446291473
739.3510114897828,400.53790230641164,19.575175811938454,22.849370100311468
729.5084962728904,400.93319097298405,19.781980537715395,22.91446751081901
719.617330594646,401.4490497355224,20.12047186734878,22.980535935449293
709.8116513637581,402.2827673138948,20.21468707961273,22.991399728899903
700.1332506673082,402.63924628209026,20.213601204446125,23.39301241018468
690.3696881948059,403.96017741947924,20.40699354447025,23.665388111480922
681.1443547128914,405.0977467504677,20.72009489550624,23.993864256632946
674.445848328576,405.8835440905263,20.74547222712534,24.300878280129062
670.2711658797167,407.48527012064756,20.81263345052759,24.81722144693726
667.264113136164,408.9642260137872,21.035875900523564,25.259112822279135
664.7272681418054,409.19778687719736,21.60576645076403,26.014593939697072
663.6172791531485,410.4535077455093,21.912887372414012,26.656716656198263
664.5597916451478,412.4740580402408,21.981162864489637,27.163955910485207
663.8679702927121,413.3754483301966,22.229223599145943,27.710227759772852
664.5834238364175,414.2347288034159,22.49516252003597,28.31377985044351
664.472289251952,415.64842896138686,22.405526781740477,28.754995257157894
664.4244933686151,416.56388310024965,22.471386797926115,29.155791691346412
664.240559677949,418.0249151500819,22.567441740293397,29.427689688849917
664.604618819517,419.19417095173884,22.76386111584892,29.495412826746936
663.6787532876111,420.745073572717,22.93614882028559,28.897117106275047
663.7842948802345,421.123533066848,22.999182151152166,28.572670347016977
664.5893773310706,422.5464361994513,23.00144400729222,28.02243445534548
663.9177681046725,423.25644328606944,23.028012069463536,27.561831903202943
663.0339517112801,424.22212457021044,23.06249818876783,27.14242459615142
662.2704842131695,425.55950812468586,22.77726887834836,26.7252563641537
661.4658070966769,426.7545149060468,22.567317691411745,26.428725772623217
660.8613746067164,428.20088267046964,22.400457878852336,25.704706674441624
658.6220351039893,428.7076889135504,22.440294110868898,25.331909923143424
657.7386135930903,429.52623067118583,22.505064989112306,24.67267064615375
656.6600895085136,430.8423594523728,22.448970763246265,24.151405515420365
655.2241046941507,432.2072549506756,22.321733849003376,23.527930131607828
654.550339385187,433.27338043053777,22.127905519176633,23.182445224129527
652.8084919282039,433.4248608122283,21.89260629251787,23.116407678521952
651.7113997422498,434.4149075219306,21.590109451047383,23.223838673179763
650.7621589757017,434.72437730871394,21.648068218030176,23.286890676761566
649.9362163640202,436.10196406384733,21.779102306139315,23.333467349600284
648.120994323741,436.5339669284623,21.97918749997885,23.723451793710154
646.7298649044387,437.05719097473485,22.00906596748971,24.151208718254875
645.3419280234175,437.984390310361,22.0983247392979,24.251407520147147
644.351537359022,438.6491905700694,22.229931568577115,24.85312719116007
643.0899421479427,439.0897010882667,22.292405743177063,25.332442458476418
640.4665431069689,439.7572863664382,22.742489042410007,25.984485036898924
639.9977308814941,439.8391126668978,23.44974392548826,26.718758766546273
639.1963828909114,440.18406606868933,23.58175204044273,27.072865940013873
640.6845279916453,440.33238789606145,23.52573466612359,27.547599848746223
640.1343488751742,440.3947211242742,23.961786258440632,27.882444195543385
639.7660734491594,440.5507037210407,24.052279981563903,27.96113451958856
640.5865503490292,440.6003263247975,23.971079599793335,28.09547848443826
641.0235127464679,440.49301763819756,23.940813252181396,28.359679292696725
641.9817822201915,440.5589135892712,23.672231152878883,28.342427490647072
642.4335866917132,440.5942328718673,23.526472856807867,28.283828110025166
643.3546982018408,441.0931729695858,23.298004109013593,27.828054543006157
644.7530204277778,441.0004351644757,22.975824073643714,27.466075319241988
645.9478097131469,440.4825462687801,22.66025825925315,26.815779807410536
646.8491094266096,440.72906679837547,22.61418959404639,26.38553629460646
646.3699072034738,441.3832234576655,22.580810898228364,26.010145339307606
647.8727486742525,440.6592025306643,22.332002041143305,25.193271727001513
647.3133117240551,440.5783815694506,22.175447169565583,24.518495497573447
646.7697854117419,441.8635132156297,21.813021644778104,23.817166836562777
646.1094318396136,441.6968083024013,21.45137100094847,23.498835635187653
644.2781532177263,441.5419676906118,21.27320711435208,23.36484467859091
642.1339645999268,441.28487956333447,21.42430102475573,23.23371911429785
640.2964053573646,441.7609465836219,21.569352066032422,23.028754568351882
637.8818021533735,441.22852865561845,21.37345013661224,23.03009860306978
636.6157757949375,440.8459714278355,20.92546897897283,23.15151341263957
636.9878069744717,441.46768522207026,20.731249454376872,23.368565560498133
637.4077244104974,441.4026868078543,20.48601907451313,23.40755134156681
637.1071000735734,440.3003039469615,20.25225340509919,23.71772477819611
637.2199369584533,439.88400425163036,19.952399032312186,23.829582896885714
638.1124373754627,440.19997047498845,19.58495496098873,24.062304991185265
639.6338548396712,439.2323280959826,19.064077430032505,24.549584072927324
639.3946775895474,438.8688709458864,18.59371672031913,24.876573141186164
639.6468507504063,438.895839733839,17.99453702457807,25.33634558725363
639.8269229951976,437.84076719215267,17.295578753257168,25.611087228243534
640.6776400453957,438.34855395158024,16.220922301786615,25.87601602872432
641.2226427993918,438.5789767856255,15.757053573579677,25.99333350760638
641.4770828245539,439.3127926228174,15.580815124817985,25.48996574923822
644.7027008595169,444.1634055466751,16.12113331514592,23.417836886386148
645.6784647010361,446.07196655626393,16.38999595193161,22.139304344747483
643.0644111610555,450.56348404997027,17.259628300447424,20.15000562442473
641.9661378193975,450.9806864098664,17.44187749841197,19.06026795785507
643.3096880178667,451.82425268615646,17.273392824129917,18.01450808593907
643.3782742610784,450.57707702483015,16.61823785479621,18.05024124452918
643.3623470315448,451.45065867073276,15.910163114644867,17.43492151961841
645.6109350644193,455.0023465785384,14.329483325751161,17.66344725430018
645.5315673549301,457.3313947046484,13.315527399514892,16.511279041630925
645.0892502138441,458.37891951696866,12.655609832321458,15.651081254148602
644.1919285042999,458.7080573417847,12.232170823431542,15.100143556176711
642.7513987940707,459.3703779702578,12.411844745842936,14.837498759191499
642.8450845814036,460.7017871401426,11.975442104282562,14.109842009998026
641.5620337710367,462.28372282150696,11.942170861246993,13.747591130667752
640.237831206786,463.1791853614948,12.127841767336225,13.606469212313227
639.6916674867039,464.4055116126267,11.871975085185944,13.321007261807159
639.0526026213942,465.3309249048898,11.572532946908874,13.43934266458562
638.3917047017974,466.1563938309537,11.38490266915924,13.419222225788003
637.5745103240328,467.4151319026069,11.313370251592723,13.572285938438503
636.8540824925211,468.8615915402034,11.157984917301505,13.522574976233788
636.2664023520106,470.8224517450574,11.202474379230697,13.08453910632075
634.9135506980557,472.1812702530162,11.632756544562332,12.76017449030557
634.532041397229,471.29732811833134,11.561954803198237,12.63754057119863
633.6908581526478,474.6596789693613,11.550469821413413,12.976212434812464
633.1639600154672,473.657179958163,11.235613752024712,13.148473488215053
632.4763286541545,475.7007348054385,11.452455911905853,13.237423516564334
631.5617539401276,478.4749894787717,11.455914116815062,13.211565842261223
631.1522643030929,479.24043640892614,11.096724140396214,13.099434188983599
630.608777315612,480.83161103769874,10.93463653088539,13.242261170452137
628.0618560690395,478.5308996567817,11.364782734967731,13.045675967198326
626.6909058928296,479.0253185868511,11.649476361313427,12.882109713504821
625.4138302123433,481.26497493768335,11.841498510860331,12.713721541869644
624.9344713794004,483.7470204654748,11.905292012927802,12.63613179854256
624.1238866215559,485.3959696638547,11.793589519339314,12.715255191333569
622.8979503869793,487.7286717983233,11.6297965527014,12.84836624222058
622.2758538399288,490.1876199889537,11.289494102368899,12.879906048703912
621.6083300409357,491.8318307133683,11.140841901771129,12.757889323995888
621.3353710862428,494.1454058390408,10.870941024535718,12.484430173725023
620.7676530541625,496.81842124976686,10.957434522778655,11.982069243630356
619.8566882081678,500.0885176027889,10.80907689176972,12.03786957957845
619.6670562892763,502.396135525123,11.027825898010047,11.688632575242275
618.9225034558771,503.8011735788417,11.074007065296597,11.428586222443531
623.5282314225158,502.79870930360414,11.089037338074029,11.561337648895234
625.739217322509,506.78315455550126,10.88019648901515,11.479219300862747
626.8485436542039,509.2310621938356,10.932623842715278,11.310149629662737
624.1691328912425,511.6797743179437,11.000979060044363,11.275930337501268
623.3647310573322,514.1391101592195,10.9515490852869,11.163155413982912
622.182363928281,515.6462243616727,11.016623614385281,11.186234748334229
622.2787206971709,520.2381041382853,10.826721508490241,11.18513052958173
628.3011109904568,518.3708377203131,10.585667118207452,11.46280377690289
632.9860724016083,517.1679784009472,10.572567263433623,11.544082413193468
633.553098706869,512.8671907736432,10.858547154132927,11.820599684402968
631.8752012533033,512.1368619122094,10.877527180893368,11.596225516401446
632.9130560827908,513.7746042693283,10.918242082465191,11.334004504556415
639.7386384796818,512.815637507204,10.489878497179406,11.35586945580689
637.5397215130865,513.5740880321472,10.3921832555652,11.416933188635248
635.6411338123867,510.62834636077105,10.319580977521639,11.28449456483482
635.1528092229489,509.71492276367803,10.438770134424502,11.369734093005304
636.3779680107854,510.2075835617666,10.284438734288747,11.430822103761635
637.2423839290159,513.2508715109844,10.116905268189013,11.882828053470659
636.4541282653809,516.6331456753192,10,11.947221070015985
635.9214401245117,520.3027137859681,10,12.168738535241593
635.2739336006343,525.2578609799639,10.005279161036015,12.457834558626955
634.7888679504395,528.4181987015526,10,12.773904568330517
633.2362537384033,532.0775080443889,10,13.012052392667599
631.3961589044995,535.8753485529365,10.042028962241238,13.187188178550796
632.1550005486283,541.1536686319664,10.086532868807776,12.947988053450041
631.1580447295926,543.0890866302174,10.093097857709285,13.356120867983218
631.8290519714355,548.620952803429,10,13.150718294509206
631.0953636169434,552.3406315253525,10,13.390705027908268
629.8136959075928,557.6563091147012,10,13.125812556730253
627.7621517181396,562.5642443591555,10,13.191465200145998
625.4622326336042,566.5269743066865,10.119609744998524,13.210402277740183
625.7029157126253,571.739575574413,10.329337031780558,13.226033787697292
624.8688373776413,575.2452321261269,10.317558246426465,13.473170238713074
625.4560635789679,568.5822335722881,10.266084054222379,13.455329608353454
625.2144569639992,566.7194746721067,10.630141400370817,13.229187252466229
624.2850208139263,567.8798531885732,10.569664030106377,13.01070225322475
624.3104162889924,573.7072951329022,10.661386355120719,12.099222752994264
623.4145618239443,577.3518365194764,10.824906198302799,12.11985906553941
622.608174816982,582.5824381330192,10.767670599190284,11.96946974226231
623.3961990995907,587.9371978848625,10.561739221472795,11.869821149220412
622.0176164319074,594.0967581917774,10.59250608882179,11.689536442372804
621.1234995799194,599.4894244570723,10.597986802075285,11.214796563150331
620.3510432836745,605.231328300057,10.584298015170647,10.640447037581136
619.5676955550274,611.2733530732957,10.624138003714766,10.512047820693857
618.2569852922635,615.0054203857937,10.536284237250342,10.543190600482836
616.3799888897667,611.6452904794404,10.019193210456965,10.447505741558707
616.8794087531751,609.3566923858488,10.05036752172592,10.590764855988112
619.1279840773318,607.56523941136,10.172746597533706,10.635680234897004
618.5418799937407,608.9929631015772,10.326186454169031,11.102418370820214
616.365210815689,609.7005824138489,10.073800475555684,11.505623044616664
615.6322917938232,614.5996627173797,10,11.791595585748391
616.2362442016602,615.4096103624512,10,11.862282570996106
612.9227133666941,614.8284366019114,10.011213128672239,11.70312359183148
610.9506795688583,613.3026738221633,10.00633663254714,11.867068279745475
608.69453627109,618.7746288874183,10.188716764460668,12.011403541081394
609.4424705505371,618.8117300167179,10,12.018111011486027
609.3368054994129,619.2793075410742,10.044776604933896,12.200955993291096
605.1839243311332,617.2422600442279,10.017317505946565,12.361877311446614
604.136588014649,622.4032207664853,10.259866878416902,12.133469355701148
603.9264982643944,623.3454695691158,10.142978965596027,12.02882175654368
603.4879970550537,618.3126467327124,10,12.351246146391526
602.8488101959229,617.2820565774863,10,12.334637150203127
597.3689005352346,617.980274245343,10.33410597298789,13.112224489050213
598.2537389533694,615.5432230468796,10.484228941405648,13.06171674803765
598.9829083476359,615.7553899115036,10.713077347696975,13.33000997191465
599.6344299072812,614.8798507188013,10.238269854627207,12.991778664936307
602.8037004952205,617.1247739474201,10.298581980750555,12.95784193670291
601.6188747984004,622.471021658027,10.361447790894658,12.892242420029977
599.5665035247803,616.838806423997,10,12.487010412504123
601.6950244903564,614.6344940293118,10,12.597375466767147
598.4979539698751,613.3710154632103,10.11209376923416,12.36980836801303
600.6677939100555,606.8941044896173,10.138937631549172,12.377848607435205
599.7861536836987,612.2400806949546,10.164055089877998,12.248140612043835
596.1671905517578,609.8825012530749,10,12.670792324172403
594.9561208816822,611.6124288526828,10.028111630190324,12.566737753618762
597.028785348893,609.2435046094367,10.21671366500686,12.330938168821842
597.0814127097915,609.4798208581117,10.244370625338856,12.576407172936722
594.219648361206,608.634813731479,10,12.596713174248984
590.2967842871667,607.4955596820727,10.226679075813172,12.65453722154804
589.396572362893,607.0977638387083,10.289157367719724,13.004995699048248
588.3433072308744,607.5409663540682,10.301846079022635,12.597037628777679
586.2369303576731,607.0653868792882,10.422528292222044,12.464307570769307
584.1081195719775,603.1426456755701,10.315937827480559,12.566019378840297
584.4164808129846,603.064046439376,10.537399702155792,12.600975877351388
587.3845358146947,600.9331468276623,10.000131556645867,12.228192581247734
588.3680847371501,598.7213889965086,10.04665981036781,12.140325186914428
589.4033962232586,592.0423729589434,10.033692172623526,12.719411339193318
585.3996432839492,592.7840452972981,10.343077934054667,12.69280799549167
583.1029092533723,591.9135658833696,10.55239835116539,12.434705238875859
579.5671941335096,594.8663425075684,10.880874336740701,12.094162061279187
574.7934632664425,590.702611638668,11.017424510816232,11.842934223884747
574.560353579227,588.8377767568219,10.890519495598783,11.649237440946113
575.0648968040873,588.0180300106044,11.077649629130052,11.72708924026576
571.9366565585021,585.6728178870327,11.259674859069907,11.971079466413215
567.9222289228665,589.4202897618741,11.180776376679184,12.023437962824117
565.5917624831454,590.7799194534441,11.28833019728341,11.97924266659807
565.7964700492925,590.5458380865285,11.457574122606502,11.832075657997708
565.2490541765519,595.7305762291938,11.123778853927421,11.65603504161221
563.0386323277619,599.6133933253227,10.880598198480154,11.446579895985352
560.8229449287621,597.7982382178244,10.902011296040232,11.406960606587452
560.1814706893676,597.9495413362498,10.843994503833057,11.391631591416456
562.7308309395155,594.5446682956206,10.336582597287446,11.081252855780328
562.339241027832,597.9959705007658,10,11.121389839532862
563.2597533542818,594.4004288645874,10.342244847832944,11.583434873364128
559.9340237554856,596.3893584709766,10.678007329116827,11.767334083437298
557.8942805149593,598.5799086424952,10.836969213001275,12.349666052411932
558.1315971881671,599.6516692386208,10.997025197640351,12.663603356254587
557.0613344964829,595.260586281852,11.011070478469616,12.860022504655321
552.7768646490385,595.7761287773264,11.083054301776484,13.14666746365776
550.6280253547433,593.3112286071391,11.171096202134448,13.754755310135726
549.7014506820246,587.6643381943735,11.059806155481908,14.48024161052062
546.4092103157258,590.8290839519757,11.462573783831736,14.083756381937281
543.2988734134832,593.9100000629747,11.554287932555132,13.941894100124664
539.1111481104105,598.3373519694078,11.546918409306029,13.488240854885595
535.129585576532,601.6769489388646,11.686778401379229,14.049845866167388
532.2464787456636,603.8539047103094,11.845341306280307,14.231552151646948
527.9477945329124,606.081539621912,11.801039504731758,14.667826670482647
525.2204513291631,606.9665545938279,11.928833059447179,14.699768162197707
521.2834500649714,607.250000008665,12.018770341248755,14.989578229740241
518.3378323307022,607.7666823516475,11.872816326144457,15.247870037915746
515.778936786592,608.6779521029063,11.946932945370632,15.641307250486385
512.6025072900953,608.3755007989364,12.307695991098416,15.85043501711747
509.5839060955606,607.4837618504339,12.262798465617022,16.047139995421308
505.6634777127831,606.4099772483562,12.5231231571975,16.200900453238738
503.1130308897133,605.6443012834003,12.221161883903537,16.269098544039217
500.6664823002415,604.0776152463371,12.222672759136097,16.054535895265094
496.74543191390785,602.5340856376395,12.263534518131575,16.294316517689936
495.2129803942645,599.945892685303,12.128837337691731,16.385878813964347
492.5956427153288,597.8407654309132,12.171503723395126,16.23436650755839
489.84691684848434,595.1151671247763,12.24118293511135,16.23772910493947
487.3298491278491,592.4630143919308,11.968498460610311,16.218063775952977
485.0424076074579,589.6838329812064,12.018383790211125,16.578634544179046
481.9204337854082,586.6941820842397,12.227579542220765,16.674536374733346
479.11572750054563,583.3950934960023,12.292337265754497,17.14554680316124
477.99275491975203,578.9323907449947,12.11895183041777,16.842940220215752
475.0273794840045,575.7355588281864,12.353459415780101,16.846528370238456
473.54377224066116,572.4773557206863,12.486731489136682,17.274540420199585
470.91975712181767,567.813945413497,12.525842201677134,17.28720164126766
469.46769614755567,563.7994206343693,12.407209481011702,17.08258191851732
467.9554123993772,560.1890742352379,12.49811837751503,16.872721280500908
465.50020855040043,555.514261257154,12.579100263701042,16.930808998143245
464.0309875686458,552.285473620633,12.549875601233788,17.20097200922229
462.8512009529826,549.0251118409495,12.54014036088049,16.943005230454343
461.4159700067965,546.3498891227329,12.329513233477325,16.712449385149544
458.576129517689,544.9065338414135,12.43502123805945,16.78395151272959
457.8877855974716,544.0364767376097,12.159186037722886,16.68847917248569
457.1453528990246,543.674008206402,12.125191571335566,16.551054326942083
454.5223788167369,544.4198758885955,12.227863521311438,16.703838768463328
453.81852402984475,544.8335895337303,12.103197759402246,16.89682010856481
452.9360964661756,544.3463187821178,12.083289550558938,16.91311728805932
450.11556144633977,545.0543560757397,12.492490846334142,16.799674078989348
449.42343955719093,545.9023000731316,12.65245712829392,16.847621533424203
447.3645208099371,545.710327005362,12.66601605834839,16.71635084157085
446.7343776313345,545.4650433656263,12.252840501491146,16.722268462839175
446.5161776872952,544.5006037463233,11.991997652753295,16.75187096804676
445.9315337918498,544.1807722213648,11.767421765665642,16.529748129291896
445.20402102503766,543.1597893234177,11.342724704075012,16.404748440566937
444.16667871458355,542.0884829368466,11.669465446809415,16.29863532259582
442.9745583262498,540.6840958152954,11.97068696688523,16.28682622219225
443.11137480227814,538.1464223050907,12.179182158139003,16.163759393724764
441.8335021900009,536.6659183533017,12.349257674441613,16.282901757752228
440.7487100837047,535.1998631446497,12.689465666330879,16.3905187668529
439.95660734636306,532.1722208847546,12.577687254295341,16.419569613547488
438.90170163083076,529.3127046774229,12.712034818172427,16.490206489880755
439.81612588516384,526.4952242235956,12.698196380307033,16.44922211555295
438.8912053090243,523.9065452064777,12.7990064656916,16.597882182259344
439.87396013860985,521.138526611355,12.45656656970415,16.638329162543794
438.9825658182176,519.2943557903678,12.443433884804996,16.605662503736966
438.6527905753956,515.3323583438672,12.442919673183344,16.473539385263514
438.45018750452476,512.8035937935456,12.387081503401607,16.59868780963737
437.7176577642223,510.17247701177973,12.485037407346416,16.506719102661208
438.4054443243066,507.7421878536007,12.280732750312657,16.658011682935346
438.14316127987735,504.81461023756765,12.078957591612514,16.94185496431785
437.3493188073275,502.92104222603695,12.059415211272732,16.94568105085581
438.0595510121643,501.1052307264784,12.320690608728032,16.732096835617448
437.2234526564801,499.7628702037811,12.457837881619827,16.59760401382452
438.3092189773487,498.5140652263605,12.233971408095606,16.547434885413693
437.4537488724099,497.14661194340306,12.032405514457512,16.695721120518115
436.9183262775467,496.3453998764175,12.186769686117536,16.94213863217479
437.81759140159915,495.53841833407796,12.157984311059542,16.956465638972947
437.1294859905194,495.23079137031294,12.186218448648642,16.946387687840897
436.5708759233435,494.8611325153639,12.229780593498454,16.97418424905735
435.8647949648205,495.455355312864,12.196450719773072,16.88668317310009
435.62122711795007,494.91203747891933,12.29355269159012,16.790293480882042
436.1593381791389,495.06861861953644,12.399783724730028,16.567074131776735
435.44039002158945,494.9949443698237,12.220370469516414,16.44052736753031
436.22893363409145,495.39006556576896,12.276915904424573,16.579110354057732
435.66026659554643,495.88509157125094,12.331867779366092,16.598205987136772
436.85863007397575,495.60866025487974,12.940794203855177,16.817027024420266
434.2759775635795,495.6472480645733,12.98610029276291,16.835890223392468
433.2222761822635,496.07815343221864,12.88675790768979,16.805649159732614
433.28679137458647,496.61599457845347,12.784613509372003,16.9878594759056
433.17406233772016,496.9833135287703,12.643921680760903,16.770429674637178
433.5389141718779,498.8701706190162,12.84031969701576,16.617862649907007
432.7970739489584,499.3385398153267,12.462622426790206,16.60841612740324
431.79457809316176,499.78215413799865,12.422333681840495,16.56657398718636
431.5578697159696,500.6765265906359,12.314321908392838,16.389355571169578
432.36003038430545,501.8220738191122,12.507489737980942,16.241007085896793
431.7553496970222,503.8619216320096,12.255532142820805,16.182669950092098
430.9923325100211,504.3762834829354,11.981910602516498,16.25218233222496
430.74174481855636,504.69475780459504,11.557281847262246,15.993811874940823
430.7491825803146,506.2633288281586,11.542871716812263,15.729865476007085
430.0845679075298,507.595028364134,11.377960437381867,15.285380436038638
429.97356755801303,509.1069820210932,11.364189957216176,14.998278084278477
428.99979927621536,510.6318136033934,11.302937458311423,14.782759511963135
429.2001746931268,512.1342331509994,11.17677616306271,14.912262610354748
430.1638528998525,512.5006102042742,11.025638163918057,13.754253682027953
429.11445604257233,516.1896498860639,11.224338799865086,13.79361664022568
428.16524407416614,517.5377059365454,10.864576396345402,13.263710899126055
427.3395119445359,519.5985878372004,10.767272802822768,13.15649635318714
426.83564781366647,521.6696950176951,10.702132717393674,13.405921701670344
425.9283863388185,524.2259792048633,10.734566433691146,13.343440302431748
426.57992383015005,525.2467302217705,10.498122768166752,12.773579809144723
425.0007307273166,527.3947964991423,10.437602571245776,12.508094532232974
424.92349073544244,529.5889750313133,10.38206821173235,12.217881999140886
423.94555360617136,532.9739354352879,10.409124721251015,12.378167490019962
423.7734032659047,534.4163769481039,10.045024675465996,11.809004068880048
423.25038146972656,536.8062956317191,10,11.71691847166919
423.11350440979004,538.8897166109625,10,11.497174291502693
422.58979988098145,541.9716168827385,10,10.965278350001354
422.41113471984863,544.1922965330332,10,10.781483594089828
421.55088233947754,547.6565935760376,10,10.708728283715727
421.04369926452637,550.0908982272512,10,10.564621544765249
418.95916175842285,553.3387527516354,10,10.371280660059206
419.6250286102295,555.7111393109072,10,10.456623813488251
418.14177894592285,558.9794501891939,10,10.057937695342645
417.4203300476074,562.7377406289229,10,10.17527557809182
416.75594329833984,566.3578933766686,10,10.432284535725323
416.11928939819336,568.3869349526573,10,10.223112669148419
415.3807849884033,573.523036630449,10,10.235020336514127
415.2905445098877,575.4782105256756,10,10.260036315591977
414.70970153808594,578.6768766096492,10,10.25978361541835
412.7994270324707,582.6022044523232,10,10.148118713761825
412.247953414917,584.829775792015,10,10.223711050247424
411.5685348510742,590.457515951267,10,10.043185718315565
410.0871124267578,594.5682959368266,10,10.154274978153447
409.6456127166748,598.3703601079019,10,10.046343382829084
409.04062271118164,600.5177726745605,10,10
407.33277702331543,606.2661361694336,10,10
406.7362232208252,609.3366071236758,10,10.04820985543165
405.9994354248047,615.0325660705566,10,10
405.41815185546875,618.2384967803955,10,10
404.529483795166,622.301025390625,10,10
403.0600891113281,627.7045402526855,10,10
401.8709297180176,632.3372383117676,10,10
401.255090713501,636.632474899292,10,10
400.2281799316406,639.7401945126524,10,10.116653058435645
399.49500846862793,646.5440788269043,10,10
397.46189880371094,653.1314850090334,10,10.211231184325788
397.07537269592285,655.6833784243834,10,10.33668477110636
395.3171634674072,662.7138038949544,10,10.302380308235799
394.8686008453369,667.5032636557353,10,10.373443239066564
393.8740711212158,670.3966176652118,10,10.287464590230723
392.03934478759766,677.9644993717204,10,10.053446019742756
391.4356384277344,684.6603770453796,10,10.008622129943932
390.7098026275635,688.2059383392334,10,10
389.2371768951416,694.322717666626,10,10
387.2854976654053,701.6048812866211,10,10
385.2921543121338,708.9584950478555,10,10.571554368400257
384.80873107910156,711.7673358917236,10,10
385.19905373355346,711.351728439331,10.403738083430175,10
385.23319474817356,710.9375896453857,10.649806182363822,10
388.9787529923976,709.9906769930476,10.750894741523233,10.234493029285773
389.3262714635162,709.8331481675613,10.998076579803485,10.1678597012545
390.49682925898856,710.4439877629193,10.928384328702547,10.009527373331293
389.5134938753403,709.6682673556213,11.290238659231433,10.266832140564105
388.358521024367,710.9251594543457,11.634844700533534,10
386.6865778940283,710.3532244790347,11.874833866484481,10.042303635924736
388.6808719009882,709.3058864537126,11.850071078394679,10.21685944731114
388.7912855935881,709.949925843158,11.790429911456574,10.312119596643107
389.1604828942174,709.1709248570434,11.88449762098898,10.394470781518837
390.91843281140933,709.6680175499755,11.532248299300456,10.478269251855533
390.4066116227986,709.3640205582402,11.588792440437897,10.430070455785202
390.73105964859735,709.8819206508683,11.586071773361986,10.089788764181318
393.61619382883083,710.3929691314697,11.401527289848095,10
392.33099891220564,709.9757880167335,11.294327706594617,10.124378403788683
391.460934687301,710.4251575469971,11.515256785065963,10
390.42926302179785,709.3705945997149,11.783727832136732,10.199606699007632
390.9039144284093,709.8408402710027,11.896112488396328,10.168508666979129
390.60399812398737,709.0292822229063,11.990936399730343,10.239657142322152
390.98237291055557,703.9317175099143,12.06017178142795,10.737974892280814
390.21752051883357,707.4624307550686,12.263090523612142,10.798279206415682
390.68333805419877,708.4339481283878,12.305603249512615,10.76627809014815
393.8866665811305,709.2481411284577,12.257222562836635,10.802866302654882
393.02386039378575,708.4042983582322,12.476983191920706,11.229016198574746
393.53976246165814,709.143352144674,12.57405860329506,11.076851618854903
393.820118650847,709.5260689070406,12.514837771548178,11.117478885137725
393.10185177120997,710.2863493505531,12.365548471740189,10.743234526432946
395.2850672711982,709.6833879995162,12.174730875084078,10.644797792471508
394.9380554002078,710.2923362078861,12.198245278685963,10.354151284178794
396.0398672432161,710.2717743837218,12.412006693987706,10.330341155652258
396.9251218594517,709.8464376829429,12.45210537167279,10.501346130696215
397.0990460691213,709.0619218071256,12.568436945009394,10.646336134284008
397.55679689217413,710.2711834539758,12.880047115309964,10.551627232673406
396.9450213780366,709.899339543713,12.9463448782042,10.287475850317996
396.2750076700703,710.1107955626078,12.909953226753963,10.31608663967703
396.7676578184247,710.6462070713316,12.783978338980603,10.275754497473685
396.58640001683335,709.9176116796604,12.604314834497355,10.349842863823897
396.7108073957433,708.9318519210962,12.290314529802451,10.743107681245085
399.02194582004967,709.5921812848204,12.347488669959233,10.909044107605226
397.1811838556533,709.939529410042,12.15194121813679,10.86762239329492
398.1763291772731,709.0002938152869,12.159056580756555,11.155330490764017
398.30711086031886,708.006375398343,12.162027211247025,11.295244045843251
397.541278480226,708.5220570761501,12.29576564086629,11.250502546918703
395.4052740329692,709.2228026269545,12.146204711161191,11.118268037106619
394.99322824532237,709.1080109671359,11.801938437333787,11.221188148736106
395.82202469801166,708.2359669684323,12.048691998019645,11.582745933740952
395.3298915382161,709.2171837259594,12.05709009251316,11.211758341538253
395.61388075121715,709.9021492573261,12.07962680322973,10.821315651607618
394.9127280848773,709.7300391688849,12.033987494796152,10.712891480345348
395.2132886189162,708.6197312796461,11.839028688681292,10.970540339877738
397.1022959257371,709.6427544193829,12.142335791348014,10.592054637796808
396.3065948778984,710.3803326954195,12.232719362855518,10.401543166289898
397.1455083912692,710.0670846680771,11.977389131768277,10.284035925076395
397.6123412856338,709.2347064231916,12.089484451437425,10.407452540579703
398.10273921773603,709.498046994132,12.012138599440107,10.37923789039814
398.5071324561838,708.9421664504066,11.895406871079617,10.361974472233733
396.61019595740845,709.2785311254182,12.012132957009264,10.77927960707374
395.4501324165909,708.5524699859218,12.048587705880616,11.21386953743378
393.2950848904325,708.9979313401655,12.309534198627093,11.282617849454196
392.51600168746,708.7329557735894,12.337427167072159,11.449356397157068
391.7793748507557,709.6774039727471,12.13189360903546,11.134999183412027
391.45144574856874,709.1998686816025,11.938600202081298,11.276406283035243
387.8956435077893,710.0099130685174,11.727118898728008,11.062281406910403
391.69383497215665,709.3000740790529,11.588247871848774,11.072623295751459
391.0561366481504,710.2881699170287,11.633076587732411,10.802738077319702
389.01729919679894,710.0545247176071,11.53080459102127,10.732861880703807
387.9184088977,710.8952541306727,11.29914945923869,10.573150643683848
388.31286282115315,710.095598064705,11.01464377297695,10.440899207504177
383.87757924871414,708.9987998647302,10.39537708606778,10.90411078079342
386.2991424389781,709.9877616466184,10.434254489719642,10.79599159934127
385.5746860649667,710.1909130104884,10.40430447529113,10.707945249775204
388.4737812512903,709.8105661229797,10.81147451524172,10.433890947399874
390.4084905017824,708.9698970209179,10.773072554784767,10.600031397617439
388.86298432185293,709.8179159701002,10.909880355317533,10.439348113510526
392.00225338197555,709.6644636828622,11.090711894496204,10.328520449217008
390.8943101555395,709.973512085531,11.239082020464041,10.170613463215414
390.69246018851493,709.6728191375732,11.276891451583408,10
389.94415170800977,704.7761344909668,11.063368184322266,10
389.6238197334554,700.8262195587158,11.550139616341232,10
389.13181525478785,701.5951652526855,11.626376509467297,10
388.0235335433448,702.188304901123,11.826391775615098,10
389.7992858644507,702.9020748138428,11.981346178813412,10
388.7091521401917,703.3745917952599,12.105957194226031,10.353443210017417
386.468403870444,708.5115839974894,12.143125425615981,10.438181492325953
387.52755060608513,703.566117464951,11.823724929187199,10.844102502959254
389.4918896943693,704.1243084571122,11.669224303888283,11.074369688558816
391.53876784135406,697.8569377629551,11.638067192047751,11.297011620085813
384.96889847577233,695.4086504497798,11.766777633416275,12.269338504737322
382.1092399472025,701.2373593418433,12.13690874695241,13.882912999662935
379.3659975590323,708.5363664190828,12.051753508644458,12.938119975555043
377.26380390265996,709.8229336420892,11.768523328713325,11.841960016847107
379.5984791427775,709.3417731776293,11.609598416105255,11.517759034145719
379.3499635810149,709.2432435371177,11.566758323810022,11.355962113997082
375.5085645530799,710.3519891315127,11.44051631009991,11.0033085716914
374.9431517139399,710.3765588781165,11.304900643165027,10.711020274772773
375.7805165402434,707.8822898370931,10.76437966975729,11.242744544563662
376.57158568025153,709.8590843731104,10.481836268891517,10.77660511852546
376.08007619143274,710.7162855346647,10.03804021357008,10.523846014410777
376.4520797729492,709.7890084326777,10,10.556493174927704
376.79640007019043,709.7266334560635,10,10.297045893048805
374.5636577606201,710.6616687774658,10,10
375.1247310638428,710.5280227661133,10,10
375.7327575683594,710.985481262207,10,10
375.19364166259766,711.2294216156006,10,10
376.86033630371094,710.5005741119385,10,10
376.9296188354492,710.0913982391357,10,10
375.70759773254395,709.6306285858154,10,10
377.1532002223465,710.6536998748779,10.205924842172134,10
374.857636043435,709.8404483795166,10.0082729875929,10
374.79250273225034,710.5325679779053,10.081940946632137,10
374.7916985318339,710.1603660583496,10.336273041312687,10
375.01790770915545,710.1863670349121,10.224903881005481,10
374.3451828371881,710.6432456970215,10.208605883241006,10
375.3830215719357,709.7876300811768,10.0549102252692,10
377.4876346588135,710.3175411224365,10,10
379.29217897161215,710.5914707183838,10.002205167127249,10
382.5514831542969,710.0773048400879,10,10
382.4498726146508,711.5269813537598,10.092606302680792,10
377.58995430295863,709.5710353851318,10.439010766641335,10
374.4615069006396,709.9890155792236,10.535764580068468,10
374.85223083671434,709.324313500208,10.539888759920881,10.42826585236735
374.2276535902136,709.8942958039534,10.470680063225114,10.38990570654635
376.00960373825217,710.3388404846191,10.515178204648059,10
377.6007972384794,709.4899395041617,10.725899572113477,10.248335255592542
377.9026971990259,710.2856959229662,10.62206913344227,10.169525359878252
381.82749661564804,710.7079105377197,10.172006433010548,10
383.60696786723025,708.8989459439166,10.039978144934,10.40717479307491
383.41324043273926,710.7903068093358,10,10.13799142283229
384.07923126220703,710.9087772369385,10,10
382.4984321594238,711.5411109924316,10,10
382.8234920501709,710.7397956848145,10,10
383.3548984527588,710.4345226287842,10,10
386.56282806396484,710.3424472808838,10,10
389.86206436157227,710.5285167694092,10,10
390.5406723022461,705.4755568042456,10,10.330149742949288
390.05615615844727,700.6893058644087,10,10.871842220157287
389.77553184863916,694.588032440659,10.045963127672849,11.09158763027854
389.4685649871826,695.5021976738644,10,10.8971225203131
391.2981491088867,694.7263229697446,10,10.833664256433668
385.8157043457031,694.0966034159393,10,10.799440339142
386.20957374572754,691.8103600727272,10,11.331578972587522
386.4929542541504,687.2216137744316,10,11.606636266444415
385.69811058044434,691.9484769386489,10,11.57820290675986
385.2765083312988,688.3036680070032,10,11.643394500519824
385.61681747436523,684.8458049793376,10,11.694862743351296
382.9460584211484,681.5539112467352,10.023204507800893,11.732870026671284
384.19739952053817,680.6917623352213,10.148928833679555,11.528067813078062
386.11752700805664,681.2758603947789,10,11.759674855583818
383.6704915568998,678.2240398084181,10.06970337912037,11.487045734115922
381.727728553024,681.8548927398317,10.031069383209832,11.459577542187255
382.06032669343756,679.8247375183356,10.18919921322251,11.576078475902001
383.6221922137227,679.1445779833631,10.307693819624895,11.66123961738037
383.9581653321669,672.7934618484827,10.437284142795104,12.075225732355925
384.9325007885776,664.9191075324853,10.539398294670963,12.206376838715979
384.7709306144688,663.1382754743134,10.643147773748003,12.11199313401475
387.8398321447427,663.7013037038281,10.918556535710007,11.988622221860336
390.0751219376574,661.3543810763491,11.363237264821969,11.911013619396426
391.44739046922814,663.5304635434692,11.419508154561314,12.070926016699294
392.1029237559406,660.773763718336,11.537457694417682,12.127942915500835
392.6530519374958,657.0475916461079,11.626871894051456,12.588301738912083
392.27099846695154,654.9426489104025,11.834651015315622,12.610027267696166
392.4259171093565,654.0752107385263,11.836543161658131,12.471692704465973
392.1124691742423,653.0452380783477,11.826930090236186,12.587141870038138
391.3765667127425,653.011354029564,11.789160123099009,12.467669367019475
392.71716210622606,652.0545446580703,11.906705908397479,12.60690837978223
392.5179286993711,650.7164037557279,12.034786979919854,12.763369017474908
392.68202656098316,650.3867738392862,12.062239297467281,12.7669357961591
392.4050989992487,649.6360400112733,12.285108397986937,12.7436613257201
391.32911838055986,650.5150950244565,12.50051568028655,12.595509948035291
391.81723466127903,651.2255168677476,12.297903724316942,12.712939119119106
396.78251550235785,656.7123730958521,11.259393738936689,13.253016793525337
396.9704190098239,659.392046882509,10.485053856572934,13.540725799801287
397.7567186658012,658.7090224032354,10.061757980897593,13.59704804326055
397.7412757873535,659.5668496764789,10,13.448692385933862
396.97404861450195,660.4076379227937,10,13.311827959954641
397.27452087402344,659.7503543186217,10,13.246218624109153
397.9307327270508,658.26880475949,10,13.15968090155225
397.2566223144531,657.492027841875,10,13.032208278042006
397.8071346282959,656.4125817893917,10,13.042006755079077
397.63013458251953,655.5896135746506,10,13.021061623281836
396.9393558502197,654.8403824867111,10,13.287399470547491
397.28551292419434,655.3970448135705,10,13.223822283869893
397.6462993621826,654.399406564794,10,13.166986202077029
397.3699779510498,653.2439578004197,10,13.221127901968256
397.13572120666504,653.6645604569618,10,13.220594128190612
396.9438781738281,655.7365421667226,10,12.877041933034164
397.4413890838623,655.6799754965863,10,12.80203058946903
397.1338596343994,655.1172896252425,10,12.616283252566713
396.57000732421875,655.793005890862,10,12.380077466933237
396.0107650756836,655.4249196719948,10,12.27459035876929
396.54461669921875,654.6546259487511,10,12.32802570564728
395.97181701660156,652.8428968888346,10,12.37124166849786
396.53585624694824,652.097987377449,10,12.5058513406829
396.1783962249756,651.2336447123481,10,12.649438404283341
396.24189376831055,651.2183917257098,10,12.964742046016813
394.97337913513184,653.2423506252102,10,12.940013791693872
392.38546961919747,654.6948267551466,10.625659577523038,12.799797707358234
391.3001003723053,654.5768166953288,11.125190643328928,12.751020158536573
391.7105355358951,654.3396910892591,11.390578250719614,12.688356545236656
391.2933270877428,653.5424321946854,11.723064910207743,12.66308139615174
390.4982355681042,653.8892186368589,12.003376275900969,12.539111478113174
395.0433492942277,651.3513561709574,11.415410939132522,12.67510481201588
395.1164755147263,649.7922516337859,11.042679921475107,12.99995222254049
394.5452202133394,650.1123852929404,10.625864352373931,13.410469968928663
394.11637266644755,650.7819667932994,10.265026883901735,13.217856193064264
393.4933261871338,649.957955469127,10,13.364940425881642
393.7362251281738,649.1735609241085,10,13.290045128711759
392.75414639085426,648.4768500192276,10.012939823271996,13.441679981686335
391.8194763569101,646.6614300888709,10.271230239060674,13.4508386290208
391.34816063563073,644.4213661613082,10.517297960916252,13.289738761978196
389.0741598318278,644.5636416032237,10.631423530924485,13.286964306370079
382.10676488177006,640.863707414215,11.115220846811418,12.920841473449757
379.70770838836444,640.8069667321068,11.335819185185207,12.769720176533426
378.23829665808853,641.1171279519056,10.828513800522193,12.2466038526587
375.9509623382005,640.9986450736271,10.72080557872595,11.73121212630522
375.30586189833315,640.3277892870861,10.729386432825937,11.60853771305916
371.8228820997095,640.4047969484429,10.694747122602504,11.651246328333956
371.04754420617746,639.7465773919199,10.81754739086773,11.60904667795224
368.76428878970034,639.054164631848,10.99850295648794,11.488390478125261
366.7774047633572,639.1995358997012,10.95065693446724,11.346058739537987
364.45397606598414,638.6945471356044,11.093379197377438,11.284159741852786
362.22203319065284,639.3838816685488,11.438967371135725,11.41480616668657
359.94408607372986,638.0482751441544,11.23381042700314,11.252103505026081
357.7990244320364,638.5682634563015,11.375129999452612,11.374949604120722
356.3905823372647,638.2141109583058,11.77670809768745,11.537791038100385
355.2182820445564,637.9793827006265,11.908028958982854,11.679111109367078
351.91162254838764,638.7618723087743,11.802868794826242,11.629161800297995
349.8691638082205,638.1523099355775,11.540908223402749,11.694523729308827
347.7847790513352,639.0414575704865,11.47151474278858,11.413798497332703
346.3932681446345,639.5870421081438,11.6652611960826,11.598073452779822
343.9427235532262,640.6266832972129,11.457684912590636,11.192554349788015
341.6155141493702,641.2194109588585,11.561723013515454,11.236472958381706
341.73240056675803,634.1068812776377,11.044167219755469,10.820430483665014
340.13289954231135,634.4254341076746,10.646272143404644,10.943532953474106
335.3990669476949,637.9775533886404,10.395187332637517,10.608077960878392
333.64035202016856,639.4820993481413,10.32299850482886,10.635309589239721
332.1011236416772,641.2863755535727,10.19200549374528,10.714348731111444
327.58984756469727,644.6904461519512,10,10.640620681327194
324.4971336373783,645.2802309592798,10.063006589989527,10.609355052265606
324.05506745055203,647.1242168902307,10.112963853778698,10.809284496516002
318.82742850999387,649.1597919466395,10.108938832673354,10.885358809967965
318.64057177922183,649.4921949160558,10.071675884305385,10.991026351359949
317.4069962905105,648.525500856056,10.134434619296341,11.244910076828326
315.5446796763125,650.258202057696,10.111082007848566,11.333413160608822
314.91387724452466,648.4346661283587,10.083158978357899,11.504818973141008
314.21328634602384,648.2187977838842,10.005775559295085,11.667878904277636
313.37590503692627,648.3755347177216,10,11.656555762921098
313.38260268015165,648.5690474784121,10.013429664721173,11.811865751793999
312.73070384897505,648.4432829726675,10.009556733812616,11.863313891701196
311.94527611788186,649.1355012808013,10.118002222854418,11.845713823285003
311.0491604419039,648.6190605274073,10.247735100689232,11.75454137499487
310.9642026081352,647.5954102490056,10.288275310462936,11.955826001622585
311.39507825398357,646.9135628476818,10.249365663053414,12.070604178293763
310.6762772724431,647.16844753267,10.259595647374608,12.070112152067098
310.1099930268895,647.0556160997158,10.199426559136016,12.07492311978217
310.6875217751962,648.0420245377094,10.123367628196412,11.866087109273646
310.1991295807995,647.6863105508713,10.085068704001642,11.70681424676811
310.3528147460018,649.7662097128356,10.300418710511082,11.492446678454883
309.6784528776847,648.0088788328962,10.051776114137379,11.275090921243631
309.8631772425453,647.9953609631514,10.142440909806842,11.100832715420944
310.2418807561818,648.6354042527387,10.35218170968236,10.794825268326386
310.95202977079975,649.2344271768777,10.300509321315488,10.500431611210434
310.3294427831535,649.949435686007,10.23299637644194,10.253588726252712
310.954317486511,650.1774391542532,10.111722158936027,10.158665774135208
310.89436398844975,649.5500036237626,10.043900273222535,10.05020217935479
310.7817144393921,649.145245552063,10,10
310.8002233505249,648.144624546333,10,10.0390609201512
309.0181580478782,648.2092773392895,10.08852559430701,10.125247582773477
309.55818387403406,648.8683159572647,10.1513419839876,10.096911862936349
308.95454854854125,648.6161694183678,10.24458751900636,10.163300582820034
309.45888987490713,648.0968779892258,10.34591692071793,10.233453875674371
308.82820393525924,647.8125558502038,10.359219036830208,10.2230652557692
308.9543148173537,648.2518527764212,10.433707019955698,10.246948667738705
308.66906156156676,647.9452684792376,10.520555694615483,10.260244672994634
309.479873747416,647.8099241256714,10.41725712858111,10
309.0942926229442,647.2696690092591,10.264068638999358,10.007401559728816
309.84072381619274,647.6949472427368,10.181995742248324,10
310.25338591320747,648.1515016555786,10.045914864869195,10
310.48802852630615,648.7734632492065,10,10
310.67068600449363,650.5847674766173,10.003608230880946,10.308383671643242
309.3601903915405,649.89837246973,10,10.172987345085932
311.18234157562256,651.7976435182687,10,10.389040279746709
311.61361598968506,652.4525532041649,10,10.660554068354806
311.56783390045166,654.1060579364872,10,10.859480272655464
308.1951744084731,651.0989314531063,10.011573409005905,10.8445851376106
309.4595116727515,655.6564977401733,10.136142899003907,11.127748919677705
310.01478099823,657.4163936634067,10,11.385464855193552
309.6627854444801,656.6832411148672,10.03010194734352,11.578885583375918
308.8139432044918,654.0874621549425,10.117331867993892,11.662769858205875
307.8279275894165,655.7867661411042,10,11.765641988421496
306.91356768476163,655.915273659185,10.063060477034321,11.880598082630906
309.0275780805347,653.8206807430694,10.347334454775332,11.838575113592603
308.1683454883693,652.9932216710404,10.418586656928333,11.958554445394935
308.350458274326,654.9632572798961,10.564618805962251,11.815583294822192
307.69167002824906,656.1969322680967,10.59158021632907,11.882763958069205
306.5592173938707,658.4664840886711,10.589395641335681,11.932344398951743
307.02257732909175,661.5380991350646,10.55859175600104,11.93636925001248
307.1525729006391,663.3289731030312,10.671906887320457,11.965052985221725
306.3004927509946,665.5408509903182,10.546866441980596,12.029914154007113
305.8201284682026,666.6623117820229,10.498516028072341,12.06342079325406
304.8979031777224,670.6972766074705,10.461477808983878,12.038596122827535
304.1459589764674,671.8115666445958,10.363857117255682,12.088473690178596
304.63811814180315,675.5092517351453,10.244021666222801,12.19778414262449
302.4077665722255,677.7602176887682,10.165494458698367,12.195299104275048
301.1036760888074,679.1714209536914,10.113553507810046,11.77428646480957
299.8501118677492,681.8773556952812,10.023517795873712,11.661760090760886
293.3863801956177,679.6815983350153,10,11.43172329762063
291.8028954543431,680.3580930542532,10.18051928723662,11.316732821547284
291.3200616760968,679.5784822405218,10.136253372049556,11.595890819859664
288.14102738421013,680.6194564201866,10.157152308606044,12.051574449055648
283.5559090656531,678.5307282770684,10.252754393718238,12.221546299256627
279.85218663624676,677.0822535744446,10.207654086515271,11.832404853674182
278.15932997070496,679.0724800713455,10.31991084411251,11.916454575937054
277.5453307322572,682.5637376597991,10.349499286828376,11.917807044293255
276.6958443336565,685.6938361748448,10.411684669478955,11.844892576457749
276.08013645371943,689.1292432368982,10.341163326081606,11.786158835651847
275.29392205804766,693.984053684124,10.14897419750331,11.4763182146378
274.2448453903198,698.9143797333223,10,11.308724130157191
274.77540229155517,702.2584138922106,10.00801232667966,10.846695698855155
274.15229511260986,710.0794050885194,10,10.749455890466107
273.5863847732544,710.9486260293245,10,10.337574982977063
278.2925660261012,708.9575464956505,10.058508465986028,10.631791545442251
277.44464778900146,709.7385568953229,10,10.635448388919786
277.67441922333785,709.6693590677156,10.017893197001104,10.589861195013034
277.18043422698975,710.9722513515215,10,10.399989255575008
279.21761417388916,709.3536494338498,10,10.633431799414646
279.35694789886475,709.7761283648513,10,10.632319304843238
279.51106682825025,710.2451018745252,10.240399531365687,10.329073060642015
279.669640872335,709.2473160664218,10.16987925081343,10.667559258147655
278.2612009048462,709.0432717498103,10,11.186922610608873
276.4106340408325,710.0002433664969,10,10.74107706400324
275.056809425354,710.802031998942,10,10.447672833781194
274.4108819961548,708.4983982222652,10,11.24694554460528
272.432890223668,710.2581349907437,10.045174981741184,10.875726402179728
270.4148111343384,711.1061267105043,10,10.478944927990455
268.0892215067845,710.6932785004126,10.144865931133177,10.370826345732537
266.42642133310835,711.4012736944483,10.07823910563383,10.111463612690363
271.20664524001086,710.6381381216149,10.014682313557437,10.154538499812201
270.5718570119698,708.8062904942067,10.159426616319191,10.403450276845524
268.4477300643921,709.7863221562853,10,10.284520070363978
271.59599208831787,710.4110140594742,10,10.203120272775314
268.37607860565186,709.7080790670088,10,10.207764214004817
272.78825855255127,710.0892443862751,10,10.101279217562116
272.2816114425659,710.5718351988909,10,10.181175869918508
274.91065311431885,710.0890701232006,10,10.10191384600603
276.80773639678955,710.2155991585719,10,10.180520814325956
278.30062198638916,710.5704994359878,10,10.03864094430861
280.35086154937744,709.9323072433472,10,10
278.1240587234497,710.9013662338257,10,10
278.64500522613525,711.08802318573,10,10
280.6387758255005,709.0654184015764,10,10.089429539010371
281.3697462081909,707.0797015518159,10,10.964938861089905
286.12021923065186,708.9575285370325,10,11.07758246756091
285.5039644241333,710.5634519395264,10,10.81677020847155
287.43713191034306,704.5497068742058,10.192022266350023,10.845036630006351
286.8590154647827,710.6934978931047,10,10.271070009689106
286.19108166838873,711.2756996154785,10.199335762954025,10
285.4930068447593,708.6405372619629,10.235835752009702,10
291.3453418944683,710.3936367034912,10.330543093998063,10
295.1784214039558,710.8800506591797,10.109646983958502,10
289.2618064880371,711.3915195465088,10,10
289.4822463989258,710.7671337127686,10,10
294.28991889953613,711.1385612487793,10,10
291.0833110809326,710.6476440429688,10,10
292.0480670928955,709.7464561462402,10,10
295.67130851745605,710.5988025665283,10,10
296.40850257873535,711.1555347442627,10,10
294.64985275268555,711.3461647033691,10,10
287.66294860839844,710.537145614624,10,10
294.5853672027588,710.9322052001953,10,10
296.6743812561035,709.858813962135,10,10.275612432175489
297.34854316711426,710.1381234192362,10,10.24943370351972
301.579626083374,710.8524190114125,10,10.015041127565542
302.086633682251,704.7540833668872,10,10.659441527333865
301.34332847595215,707.8287051580073,10,10.989346809839907
299.7305651391886,710.0814126470632,10.045244080753628,10.378474525819897
299.3197135925293,710.5844749255496,10,10.128293267186965
300.2020100346819,706.8315134851728,10.14288163351705,10.535499412100846
297.3206958770752,704.4923266813889,10,10.90192996546924
295.27527618408203,705.3054815571056,10,11.560353032639359
295.64468657620455,703.3340916102801,10.242174393977574,11.702485190694597
297.8898178577067,696.7188909986302,10.025513362955788,11.295038513603874
296.07394099994127,696.8288772456143,10.00005958947298,11.124065806012638
296.23125648498535,698.9309037254502,10,10.836036100735233
294.151968347701,700.9431761336167,10.195735240633166,10.623354229958906
293.2256598174243,702.7514921413955,10.30600839859865,10.520046951950146
292.420016359911,704.6420336524764,10.346475458888888,10.494365541116686
291.20330289019756,708.8687301049998,10.592589318481776,10.586798594321582
290.43455993521724,710.8547710630056,11.1209848048585,10.230427890468167
294.1050387935726,710.5712785720825,10.710179981214159,10
296.5740826039667,704.6922558716548,10.52189018147095,10.80847569870707
299.6563788580986,709.5846996256344,10.813203587513724,10.61516381330645
300.0766628767482,709.7188859048242,10.677973074628628,10.528344141889637
299.897505289142,711.8917112350464,10.757479656091094,10
301.9157723816696,709.5409815119401,10.10162936996157,10.375951328536758
300.8651893441413,710.7244681110191,10.082754551463523,10.015135051765558
303.6165851099828,710.2288980484009,10.045588782719971,10
302.9096851348877,710.8487749099731,10,10
304.8085974828573,709.2739983874991,10.46214310801588,10.336168035182572
302.1227685615135,710.0402006874832,10.163898149189784,10.255713508456397
298.74349212646484,709.2638842473431,10,10.40483915607074
301.1133270263672,705.839516278497,10,10.448277242200378
299.8186219265359,704.7934713363647,10.67377222969185,10
302.38664301688726,705.2315762879749,10.607859443520352,10.203658413430048
298.879707739367,701.5813320770473,10.170893816920266,11.001789352375276
297.768873149278,703.4800891632336,10.714756142850216,11.07546048273691
299.279793839516,704.2232444740798,10.991044797774668,10.950653462118668
304.01896708230925,706.5785898276906,11.250548501397104,10.943686662367735
309.0127855031704,708.2261449929609,11.260439735846731,11.013326240274473
311.1588575561936,708.2909780981279,11.303172643960488,10.767136287264773
314.6128741487851,707.7619585651623,11.71220946610167,10.277010985520167
319.1945290253657,707.8597936630249,11.858012261768597,10
323.3858449478139,706.1112947463989,12.118305679323363,10
319.95411250930476,706.5714082717896,12.323761980902196,10
321.21571769753245,706.387303352356,12.530139159378484,10
325.8523014129023,704.0181188583374,12.745127093628957,10
327.36982185971465,699.6558256149292,13.06415114141058,10
326.9395612237696,696.7896622559861,12.702390003632646,10.51346990636291
326.75892796411426,696.7451034811266,12.373951627923866,11.006018394802469
326.2759580874932,695.352450513861,12.23123735894911,11.479175281482133
325.9096027125849,691.777799343763,11.588448383423968,12.10327010214669
331.2845718466099,688.5639985329643,11.575372297991152,12.055465077015809
336.665554716558,685.7934405835053,11.658156008778484,12.137234204693343
342.5133025769006,683.6881692331882,11.36990973877682,12.460752979546346
347.7718115708626,674.9731382137994,11.488542385618494,12.796872376112102
351.710950352143,674.1470537493395,11.3600740881944,12.872949538674495
351.6835864825441,673.5013445013102,11.38430713745078,13.167854668033858
351.6662423974402,674.249152617086,10.997558997844193,13.887009707234204
353.48774329745305,676.639110526704,10.017341774234565,14.271789627744297
360.0744934082031,678.6012924596652,10,15.04492408335512
356.9634819030762,677.5170062779474,10,15.829104662122798
356.8084259033203,676.5062499641845,10,16.42402350913102
347.68054008483887,673.4530386611385,10,17.34221750804532
344.5784033296828,675.6326680807754,10.021675396298452,17.485564107003906
343.52930641174316,676.2599869541051,10,17.565528716301493
337.5674514770508,677.9865058653126,10,18.40143895296866
336.8701362609863,678.4026810518037,10,19.080731036040916
334.2177166667494,672.7024116914529,10.062476212399632,19.79187766689885
327.49102783203125,675.0350933417733,10,19.91798012553545
327.30249977111816,676.7874671261314,10,19.95502256536401
324.21507498117876,673.7139933557864,10.183283875533107,21.409976392675148
318.97443098996524,677.487967491997,10.497312641651595,21.527906416152547
317.9829438203746,677.7073217568575,10.630338097776203,22.040415537798655
314.71171171837534,678.5802964891038,10.991318079362564,22.11895948150922
309.9833084866002,673.0923240998238,10.701519623479314,22.62635262432702
310.2224925460239,671.6775870831561,10.302924453850704,23.213616269478827
309.36773698600797,675.7386476875031,10.029075283355198,23.54888489232775
306.41967010498047,676.7068330119861,10,23.95457051777594
303.19119246016294,668.4731053889701,10.356647825035497,25.157743537245334
302.3120306427019,670.9948560039442,10.9382746826137,25.72129034196525
298.4339767342425,669.009901023931,11.134941886739615,25.602554366933038
296.1353218956182,669.0927719862513,11.4175542983632,25.55631164883541
295.1521839588267,665.4576525603118,11.349139315012577,25.44215871604631
294.1582228453582,666.8995715868444,10.992899554644929,25.448518416887346
289.78889848628245,664.3216162739366,11.75756450814801,25.208844936257673
288.74782705006237,663.6987178380102,11.819024092013894,25.37806557520015
286.4061994119763,663.9712878333861,12.242040720725171,25.592401292456262
285.82764820801975,666.1147955870105,12.257892518286626,25.405925946340297
281.0984286997273,673.4554531663806,14.45194249678562,24.831147652834463
281.91004961372727,671.7770289965359,14.576388962242694,24.777435384613575
282.97958780430554,671.0845739633157,14.209903218293192,25.1914744793743
283.62322528331316,671.5294883313225,13.72339425148888,25.661585318556202
284.1604004559072,672.1436309853198,13.469478476613315,25.998004905581123
282.8870947138449,673.0919918335964,13.434981867476214,26.027819769086545
283.8034517576496,673.9863535350651,12.900767840901894,26.78054686663736
281.96822218991394,674.3537484145346,13.177985094049028,27.459972195588975
282.25919933026205,676.3184317876191,13.568626028196555,27.426769389849696
282.93579805598387,677.1523298884101,13.359990344331134,27.512978620396442
281.3966815419559,679.4870396376281,13.6743760213128,27.4575346468629
280.071045539748,677.7213942597951,13.899470047212944,27.88463076141562
278.1238492969889,682.3099439435772,14.818497847672521,27.88106197246485
275.34532722568565,689.2372985894781,16.93956786918537,28.351822651366184
273.049975619747,690.6662407851937,19.230031518074345,28.75677853093087
271.9406761115455,692.1595383868811,20.857764445610183,27.7256276634937
271.12306133282414,692.3504483586096,21.973203353638787,26.99194004425553
270.8414140123347,694.1834612186927,22.51676075096527,26.166269243522777
270.1467034109064,692.9312704412595,22.783043526087553,26.230030376025944
269.9848539155653,694.8970492955209,23.02071346403548,25.320948863792292
270.6280420353648,694.8132501558032,23.431976689768433,24.771643456704258
270.6934001454825,696.2588971293362,23.598486421681542,24.058251731317753
269.9048160168701,696.1883953646637,23.754527359570417,23.64533832951036
270.76371808309875,697.0241718878058,23.283091635316218,23.069862248558337
271.6206044096116,696.3310644776495,22.998914929556122,22.85822245461314
270.1095831366309,697.7356952545485,23.131797319267577,22.401744103940104
270.17559079602023,697.7318314501401,22.987971697754435,22.331606112170938
270.52464610038305,697.9096022292213,22.63659418229056,21.937963357719664
271.098604336787,698.9110136798008,22.511779516123234,21.424642409685468
270.3954079541286,698.9267759227345,22.475537698920512,21.177190799794722
270.774828145861,698.3029316472126,22.442046741725193,21.249761858162707
271.88218036577604,699.4148442115797,22.11685341029366,20.856861717221314
271.8918582944562,698.744498940004,21.90641936689811,21.012058791134702
270.92071416201696,698.632355833918,22.10804601068287,20.865174959361127
271.9506778206178,698.7911933303413,21.818519694457823,20.56975491036222
270.4694010872663,699.3708243969832,21.914717265164693,20.436074136941855
271.47691403314684,698.0626963495829,21.77134969859886,20.725776887015968
270.97386404818883,698.8245109941022,21.649504722225906,20.969084853836655
271.27835649359173,698.2259933722728,21.492805598021583,21.1348319505228
270.03720757928744,698.5778525973956,21.677007723505234,21.22687460867565
271.1296429387347,697.5684674097001,21.721896220919177,21.458329615414296
270.39202924470584,698.7410151386276,21.8016692022387,21.244726772305356
270.80639221303943,698.2524162642643,21.921307523384087,21.453201986852307
269.3188888322188,696.3047871974144,22.399091384634616,22.214373511665322
270.1206430252445,697.1354096256347,22.349301565477823,22.280835564404498
269.20903937243884,696.928081452324,22.49527803612815,22.292659879775837
267.3759486042812,695.008053062726,23.363272316584123,23.172099593542047
267.9367719892384,695.5720298866543,23.67129778788062,23.534944895880898
268.28508214561344,696.4200988664514,23.706176193392295,23.471268484138157
267.5289497284013,694.9527444431527,24.13655473631267,24.09356888347002
266.77287313182757,693.4094298639698,24.40562779029993,25.074263898769352
266.98504026669684,692.564404459287,24.852646669975403,26.045656260869492
266.69256906140134,693.860098978452,24.99359646582039,25.778188426152564
266.66802653267024,694.0547471035757,24.957094975431037,25.61614895080762
266.8756234617655,694.0761294083946,24.951546197806962,25.54912286656041
266.9001354255797,693.2230184436513,25.168528739904964,25.993709969386913
267.2712063321187,694.1446870078958,25.32911977594811,25.664426185624595
266.8696142597457,692.1432959714202,25.501894679971567,26.53232056326314
264.72803501039573,689.6684064531894,26.130176469687093,28.560941762810778
264.10043089391746,687.3212600318325,26.79046740528032,30.68224418804394
264.2691386305728,683.458222998578,27.004184134118123,33.34747383316636
263.09392731734636,681.5201575508413,27.46711744172336,35.56287627404975
263.13770896012124,679.575061762132,27.87988222013842,37.5343819383824
263.5422856983614,681.5508418991591,28.110966170415796,37.958538827414294
262.2481162448211,673.8482507147769,28.438044091168308,41.10429889393244
262.30297000896473,670.0737284800263,28.81527503944352,44.70566575112917
260.8879095161014,666.2812110710079,29.26719167946713,47.977361335767505
259.26164167410246,662.43998872099,29.68705524432436,51.44363477115491
259.11343132548984,657.2788830056197,30.34355284584644,55.299095103262474
259.6719707783873,654.5448075225052,30.95823968712198,59.035266699374375
258.3058513357429,653.0382490446156,31.735156306785655,61.22515672644268
257.6256245406988,650.2122202303651,32.474561923241055,63.214296264123206
256.2997304248662,645.2215870672204,33.10550664904693,66.23694442635029
257.51562018496475,645.9621738964685,33.69489106927954,68.88217457644772
256.8159968618158,640.4401773442289,34.13629774975705,71.21201057643486
256.6723962123349,640.1301199531151,34.69652456141425,73.4735438156935
254.13109047752135,634.0651786876391,34.96456083572878,76.15960920797383
255.70886352922255,633.5283453461259,35.69751876064671,78.67506361072672
252.84641983796362,628.1361071880256,36.137371963477065,81.56107190934918
254.49234213300778,628.6852054242294,36.70336123569343,83.83833320061356
252.1263455984799,622.8075091481708,37.10320098443669,86.25511796464488
253.3329646531851,622.503034792426,37.64543772854192,89.21436269664217
252.16708954356625,623.269541505518,38.05021651223273,90.84544228803645
252.6799548705404,617.3219922800786,38.45203712781567,93.21426510414949
251.94893777015642,618.425795105218,38.477792031708674,95.10190481519896
248.6955211984648,609.8445545781664,38.56796868095123,98.09833972672399
251.23381146194305,610.1934630470671,39.09694845672915,101.0413308943911
247.82370000548153,604.1730556273804,39.67589939699593,103.3836899232176
248.5074892405953,605.2526456979031,40.11291687403399,105.35826832709436
