534.0,301.0,24.0,71.0
532.4675581629034,299.1151606833634,24.154345954466724,71.19095854049974
532.8571226054644,299.2316187824836,24.505603421883798,71.33029576022805
533.1825447710578,299.03289989365396,24.622932308470396,71.53518287870767
533.6628216017649,298.8639553201735,24.87763438436088,71.73455273855924
533.0711053401709,299.33090183745946,25.0288098274707,71.62158255554982
534.0137342584126,298.6357630243797,25.14175145387808,71.96260481061559
533.9811527842495,298.76827640202816,25.04976413364942,71.89049492543592
534.2632724827238,298.75452254842014,25.03795393591963,71.85521271565977
534.9608470240555,298.58152293271763,25.12629484349064,71.95376016483814
535.0663226757273,298.0701152756108,24.983474033311047,72.06338273002837
535.9828716626503,299.0125858474659,24.911576010636875,71.94276958924786
537.4997910564069,298.92682028316796,25.086828409647115,72.200299253
537.4842122404099,297.7718025385509,24.93822224769592,72.42728115336698
539.0963324678446,299.38630029323207,25.220848247904428,72.53614575142652
539.4564171751668,298.00700735004693,25.01764660669755,72.81717731650764
541.05240037341,299.5434300788646,25.081158115484605,72.85710956883322
542.0556580661502,298.4048830411363,24.998180938012233,73.10104629565706
542.8672280339324,298.9697958791079,25.04899119776014,73.09568656209669
544.522022643009,299.5828193089251,25.27132336632572,73.04676372589981
545.5032968390979,298.9288995396241,25.531705882351176,73.29248473422825
547.1419685269652,299.6330380859188,25.68334810231947,73.40653125003736
547.9241580074748,299.9429857107244,25.826015650089484,73.6545254047231
549.2513385266641,300.70649195371914,25.933449655656275,73.7149152624836
549.5104338929384,299.45613803544484,26.068411388927835,73.94879265469626
550.4964004691809,300.28294108349763,26.138455165153697,73.9296012314422
551.5320658265621,300.05416081206494,26.11544903535237,74.23983816590916
552.6876024081389,300.60906462612485,26.234856829230086,74.33300294989876
554.2773784517683,301.56697313647084,26.427252984158805,74.30663600244895
555.5765601423354,300.25453562775914,26.616060013180743,74.74039468686456
556.6443963143637,300.59225188702186,26.607127171077245,74.966069956425
557.5543445158658,299.9919771006939,26.65112236963576,75.23836635525291
558.1843649088152,300.08578394734917,26.572737467526025,75.29712107014538
561.3727732434608,300.7793181123489,26.583661887101897,75.55711694913032
560.6738822667925,300.1829169689928,26.391844231063438,75.44910746826436
561.8356723615226,302.0466308836979,26.66012195175943,75.28059382342455
563.3568478472623,302.1158921310367,26.756061385553515,75.17333658753603
564.5046708264622,301.68516960609423,26.778683249419394,75.45200270675684
566.2575472244637,302.3368636629833,26.917599032517856,75.48983163399433
567.5267539135994,302.13940323176223,26.997364975535724,75.49580596323341
568.7482462240496,302.9774183754744,26.97277635072891,75.59243497756682
569.6069196096278,303.49176950399095,26.86985523875235,75.58701763264305
572.3157911421652,303.32210188569604,26.89733312094303,75.9623941289986
572.9702309103075,303.2214831667443,26.763471895205488,76.0041314448317
574.3546839603989,304.25487005033085,26.85957128818648,75.8225505487523
575.6651247888635,303.96311817473764,26.975780695710533,75.89557151185288
576.8824069899696,303.54292714934985,27.0658287202561,76.02555012024558
578.2894072037205,303.4325541518258,27.178631881621342,76.28134555377034
579.4017876050592,304.2107498086846,27.19270164535027,76.26928102227916
580.619912968615,304.9431042147938,27.23460033230115,76.10764227842027
581.818342859052,304.42043240050083,27.208651195958453,76.50061163942803
583.37337385152,304.8863842941882,27.211321144616274,76.59905758349863
584.8390385885108,304.9431716925107,27.30510763743155,76.70137939329886
586.7156702028457,305.19029422128165,27.14181022907424,76.67184075665548
589.5160363821998,304.6467187818388,27.145310658452082,77.21983758280676
589.1669912120265,304.19366926118573,26.71820263454084,77.33806430965979
590.2909764778013,305.8620295321049,26.589952561975473,77.24510292309486
591.3188539473417,305.3349251197173,26.849062735199347,77.41450034650289
592.9641704340909,306.01801925989474,27.052936597638528,77.5995205622418
594.3260202644592,306.0114082477953,27.179807615612898,77.73636929542502
595.287092502795,305.8423369303435,27.30620134694923,78.00656454263337
598.321030361634,308.0440564768958,27.35124066833345,77.97630965363032
598.7188647568066,306.3432717421427,27.29142698052741,78.10331247274591
599.3872307471454,306.44461598792054,27.385832084810687,78.26071614427612
599.9297472609908,307.8614653987293,27.597780868643408,77.78338634121326
603.2184410840159,308.05597390986327,28.09180435540563,77.85239239023443
603.7608177779222,308.12656814503634,28.129136538882285,77.66945587301328
604.852394419541,308.1956427862385,28.055877054472717,77.32264265017915
606.9524647410265,308.9574919805711,28.156914390017377,77.5852144031156
608.064914094561,308.4671291072316,28.33263518978425,77.72025228358366
609.3974771878013,308.7469274969644,28.46969406189743,78.02390623653991
610.8024316348667,309.3204690945247,28.579172985149476,78.17137870548184
612.8938539632587,310.6266653434106,28.750606892818595,78.02382995771002
614.1513477998391,309.42274475130375,28.76213899504843,78.24826049739255
615.3021174753358,309.82287146128397,28.835263950695605,78.21808764383837
616.4574937366805,311.3934873445986,28.836980910428153,78.19039652662306
620.1577327700594,312.92883915049146,28.95223465519376,78.20814811503274
619.9861714585115,311.0957588952066,29.119377664031667,78.29091934337592
623.325608058615,312.66519937990086,29.175810249957458,78.24580363277643
623.9507377944468,311.50887678046075,29.314283688450242,78.58409885607071
624.4016975595505,311.97169762842606,29.44440761527405,78.46843945994479
627.5793379404494,312.7817229206805,29.57238796187474,78.85224934906864
627.8673857735572,312.8354632809782,29.655807676518354,78.47664118706696
629.0423757904639,314.4141734411292,29.684596563603364,78.38021024664788
631.0637835348647,310.99490813919175,29.968578560153357,79.23781433685087
631.0181298260974,313.19922770482043,30.076624869289574,78.72507974660911
632.4345117837089,313.2200198876082,30.20812487008228,79.13440785661952
633.7207117378479,313.7640439844121,30.414213120983902,79.00064433098045
634.8703271587001,312.7396009549136,30.472526224591977,79.3231357366572
635.8880103895098,314.02124232432226,30.54795383035546,79.35656320291794
636.7487404311931,313.1378247354432,30.557984835855823,79.3291631511839
637.7917685045005,314.1110549865233,30.643681618928603,79.39703065195346
639.0598955325618,314.27344359032475,30.56558796319672,79.77928469435048
639.643673965093,313.9515367867799,30.573644501454787,80.24891922429177
640.3491983524879,315.2764076540366,30.764341332133725,79.99143518020814
640.8905878637471,315.27190920441166,30.887220268599446,80.15958124937984
641.9466611608577,316.03123805093315,30.920108464417275,80.3768396940321
641.8269919029344,314.32636693688755,31.253349568154547,80.75113575513114
642.7703276306248,314.37595938233727,31.255212658672246,81.20738604489576
643.1905054016676,315.8589269577163,31.524522033578844,81.32509957577835
644.0460341429967,315.99541491870445,31.53265705580349,81.23918114891923
644.6270694938877,315.11059446531306,31.638194996599527,81.98982486331926
644.8684923935837,314.5831111289532,31.72378486615305,82.48618252724981
645.8035773365224,316.4641601162514,31.877113515431734,82.49489754093474
646.3945893487859,316.3624768749429,32.133901746764295,82.56421556163765
646.7285247293925,315.6395504699468,32.2827271525432,82.88404603276261
647.1937160660907,316.2493462086563,32.45016857582646,83.27070150358591
648.7713085855947,316.6146261414519,32.522247941115225,83.69013553447905
647.1471168330786,315.97670281674203,32.89503635337414,83.6980683655394
648.4282608892541,317.73270126437546,32.97055036504638,83.89044769097563
648.5667833694155,316.2579605047712,33.36309158636435,84.21671448850455
648.1767851428442,315.89091050280285,33.46330898677248,84.04462552759739
649.073140050481,316.3356028731426,33.42949504552243,84.63422943437888
648.7731525923681,314.91424010571,33.84064244709986,85.23444703467374
649.1370641239033,315.51642528179985,33.77245683520124,85.55510109655656
649.181502362057,315.3809722624212,34.11741824951885,85.76758123199346
650.6620922679311,315.907864363985,33.95465457546574,86.39417117437364
651.1650022269986,315.79651806165464,34.12148785557311,86.5450254001282
651.0345841609673,315.10779394922815,34.39062476888579,87.07336779002026
651.6482394162156,315.3318929541707,34.610503589443844,87.50969126451014
652.2583922018711,314.8966959786931,34.53387477594538,88.02351783265279
652.6145360453125,315.99783802670385,34.59742021894517,88.3217067590923
652.6789333939556,315.96567907421263,34.43824527263562,88.67943591895751
653.2203629227824,316.015341046874,34.330468612442886,89.15118741308792
653.2631264163905,314.36692667106536,34.4253462883128,90.00162029068176
653.8921520648904,313.66998924039956,34.70704413682074,90.69662735416185
653.7988601719367,312.1944579259256,34.87214354772819,91.58236710713321
654.1103977802798,313.2037865111428,34.87025363377647,92.36082907732369
654.2762016552975,313.0725668779867,34.93581690424857,92.96624014539378
654.309537404469,312.0204261656397,34.949055684226096,93.28951571071279
655.0738386742677,312.04333293321974,35.098523212987985,93.8092386745761
655.1331935020341,312.1889928822802,35.35527132112709,93.92578620809577
655.6235784585109,312.7098396370394,35.596364201142165,94.11920012045239
655.5853768248442,312.76127566998764,35.65836317160068,94.31231804479039
656.3666373956002,312.96649764998176,35.74745335821377,94.32289459261456
656.3784321348109,311.77895346084665,36.003740588776665,94.55882281463478
656.4155911181272,312.41365625601236,35.99320436042538,94.87849803485024
657.5268918565453,312.6688627882156,36.15976303983912,95.26286036106872
657.3050954589797,313.2427590661191,36.25737805176699,95.5861371411993
658.1479415346488,313.17426568292785,36.428863634804,96.0117286439099
657.650515837938,311.8643066771127,36.48899212783505,96.43956901882144
658.1995236121977,313.32797736054476,36.5621496750187,96.85732042539479
658.6854912445633,313.7984797882358,36.78043047474061,97.44106532587215
659.0885148869334,313.2655098544764,36.926440074766134,98.06602618948469
659.4103037502477,314.21553547085506,36.9599558539968,98.59441123602423
660.4867237128682,314.11446313825456,37.293871299849584,99.39131298130334
660.3742735759275,315.64794544214766,37.56128256005893,99.4993666840641
661.2060293785049,316.001569359868,37.85864741974797,99.69400483495157
661.1120961503269,315.9133529275118,38.17490132727587,100.301132279742
661.3278912899111,315.78935725814347,38.65871632154505,100.76341805207244
662.5638655671004,317.3728359353857,38.74572772810385,100.98662793391608
663.6181001749384,318.2156522273136,38.89412496750604,101.57876634615405
663.6552303845259,317.2246064166376,38.812906540518526,102.05350323117793
663.2358710310123,316.76132524332735,38.827253909655205,103.39699673014215
666.0372600748416,318.99356173645214,39.027606925512046,103.72350885131448
665.5580609276822,318.2246522458512,38.99595395029967,105.0311337407195
668.4991632547799,318.9344742103675,39.11762502852615,105.42524103238999
669.8184476358418,319.1600382165828,39.08446398124597,106.3402934398813
672.4926210128348,320.441469661965,39.29483304757262,106.65474988505431
672.2967970355324,320.7068892233722,39.061755660380385,107.20581994192747
673.6588894486216,320.1728307314464,39.32295291428018,107.91721695507596
676.3401098878694,321.5126232292218,39.30957209437847,108.45970837554076
677.2102973048562,322.59552783398146,39.09556444790476,109.10005150977146
678.1660625334057,323.39046077608504,38.9369636783057,109.55648079157996
679.1246204462627,322.29036800181257,39.20569990337302,110.63126961160927
680.612498268113,324.06372738662446,39.1556339569382,111.37004278534485
681.9636412221149,322.62344260132545,39.25123012901232,112.1701680200053
682.3778193529814,325.29278237016194,39.05199374032622,112.85819136319176
684.5483786733259,326.81948339615275,39.0533433613559,113.5479533737101
685.6267037368223,324.1098158930538,39.31801891795713,114.73245561623621
684.4978124637865,326.74529624575666,39.34746894449715,115.89148758661162
687.1654207019402,329.091696659866,39.50691189201795,116.29255882870547
688.5351351109975,326.761352655477,39.609798747731574,117.24795508943657
689.1486284261368,328.3215649370062,40.03863487135912,118.49361939356572
689.8347802110152,328.8239325730882,40.20997143832115,119.21681991241734
689.8345675666544,330.79447397860406,40.725624998527024,119.91727762872938
691.0216397265193,331.4434469621393,41.03110714364096,120.90781432767443
691.2114409573541,332.26709621928944,41.45060746517473,121.55177557899927
691.4985869662303,333.5066534419178,42.429171892734665,121.97833129975815
690.4759936174437,334.88625564428753,44.013237984839265,122.25159759814372
692.0741031499363,333.39854528695486,45.559359007744625,123.34698291241845
690.3309674147847,337.8723503445538,47.112189315938316,123.3702285101111
692.540587514585,335.76832943493764,48.24769765149399,124.54833258520284
691.6988733791655,340.51659284307647,49.54468183053602,124.16539219470648
693.6790026574245,337.1980917518559,50.70115301034629,125.88000057831951
693.7202496324004,339.26004712344195,52.091040652191325,127.07225194452234
694.507666336257,341.1158765649444,53.52627804525937,127.60607645995496
695.4888790711022,340.69078014745185,54.677713659553405,128.80825904103378
695.5832782889009,341.72276785534916,55.80812909114336,129.64800066625483
695.4685080616912,342.51209160696,56.80460680142225,130.29496961811128
696.1112014910376,343.6446702722421,58.109979220073136,130.98583645746893
696.9363646598913,344.58647881351493,59.400876026897095,132.3859412987514
697.4086632572295,345.78299650058545,60.49668410565822,133.41240055351665
697.5705291684054,348.54137653172955,61.62500916807194,134.1492415654471
698.3423924918732,347.80983239664374,62.899245167620776,135.5308173844469
699.1033429110842,347.79652213634927,64.15456600888643,137.11157608862953
699.518073272138,348.7215044911374,65.47055206412233,138.2664636739752
699.5053158953817,349.3305958832104,66.72064567505683,139.45758264764177
700.4161245897528,349.452252241696,67.9016833156115,140.90292959863925
701.4184119144024,350.3588145811549,69.11808644951546,142.05745628690897
702.2465357503511,352.1764558250981,70.04701333816504,143.41033297871004
702.8758899136762,353.26530894412963,71.27597590995211,144.66789895744387
703.7236877802638,353.9992860235217,72.283505176777,145.4972775623317
705.0967082329687,354.78440922805726,73.42595304089863,146.81344472747926
706.1280820371254,355.737828725647,74.09404039352259,148.19337941394048
707.134216490342,356.27364089415437,74.50215112576123,149.79234833864433
709.2525827487626,356.3938909544355,75.33811148001385,151.5649097415196
710.7335069321736,357.82854687946053,75.4763302518639,153.80396581139138
714.2507901437324,358.44866657624823,75.62007803773056,155.63980674008172
716.1365305356668,360.39517602094327,75.64272567183049,157.63646680576974
718.0119819187279,360.61666407715524,75.67996987836445,159.51969308592388
720.5816071793588,363.2414158389935,75.6687711149151,161.2709525017006
722.7048388498282,363.0560993339045,75.73425845757009,162.99293438883166
725.0183562790643,364.4378721955047,76.00657662644173,165.66768212266248
727.2720757853542,364.2130481413263,76.24651310214303,168.01857534820678
731.0311195374503,368.33866423788817,76.87249908427917,169.56110536211432
734.1297953666088,368.5004305050052,77.24207247479018,171.22280232006767
737.255740805884,370.62848180091163,77.83884492631788,173.8316289274736
744.5108433332107,373.7364722546154,78.24154270369573,176.18510602787853
747.4939794003263,375.82561804689766,78.04791461243316,177.07120653315783
754.4321297455929,379.44660615452347,78.25254653908766,177.8675603960312
762.1379374709375,384.44778617938834,78.12126556105473,178.54323989708269
769.2051498622316,390.0077024258624,77.5713744698729,180.70923504085326
774.0132848990804,395.5470499753077,77.38222841961267,182.26335244196278
780.2693293312745,399.08579207098916,76.79067178178693,184.05592440294353
785.2883225600677,403.22100603962207,76.16424538279416,185.35373377036524
791.4650581753314,405.5582282730229,75.80015403507949,186.33968969418854
795.278955441443,409.46454192985067,75.62847522551229,187.94802185318926
800.564922586907,412.76723993675887,75.30733439161588,189.63620494093533
805.9276020785111,412.7063921987571,75.14630646309497,191.61312502631395
810.9885111650289,414.3488511179965,75.38264258693442,194.36299722689765
815.9764490779002,415.87510682893827,75.50991617525438,196.92388912532655
824.3270905142833,417.22180614817387,75.56821582201934,200.0083835532616
825.8401817823216,417.6165154689936,75.30039510234916,202.07663092724715
834.9148304462207,422.97410609748187,75.23441076283214,204.02795357652064
836.5464082321117,421.85239845358694,74.7217434723,204.69208419634174
844.562778384475,427.22163844657103,74.68631762069855,205.03331612443606
849.9415608035041,426.625997909586,74.1775320795153,206.87401126090617
855.0644999515209,427.49358416045163,73.74226169363794,208.7142171771436
856.9396621534032,428.8812362987758,74.11712039534197,209.83930352549527
862.9275664090825,434.6660234603444,74.85603356367093,210.56629902657693
867.0874704228326,432.4438566815429,75.4263012197645,212.83057887324225
869.1492655259669,432.9673970308673,76.10904646271453,214.60234583084355
872.8466240019744,433.49033928228516,76.97696378804329,216.69073867175786
876.0842166878379,430.96411495091854,77.81171493975408,218.61080208058476
879.1970385517793,429.82663309513555,78.64033146577736,220.46364665152583
881.1127308834565,425.2046221603482,79.70189113836037,223.14443609922552
884.7461118442899,430.8919956464334,79.93616681434993,222.90012125596138
887.8692053381743,428.3585894256107,80.48429135001855,224.83589121713788
890.8421921824422,426.5069458140135,80.83177469273268,226.11773068642617
893.6581132081583,427.69761807013936,81.71885353973815,226.0475434007369
898.0976656779349,427.75100072187115,81.88235113924745,226.69083913242955
901.7721170554668,426.699283128519,82.07037465371486,226.75765322538388
904.7918600754734,424.7875072908637,82.75970941448283,227.0024085139757
908.1543899509794,423.58036136464153,83.59586792518964,227.39607048360756
911.2274682727599,424.9666126880615,84.14001889881624,227.47043062973634
914.2265205040167,423.37813240097245,85.0927811355213,227.4706944265707
917.7888267954795,420.45136622975724,85.983366306502,228.12146797993864
921.1822261440386,418.56885072873536,86.70456321485256,228.70473628666994
925.5722085723722,423.9677478461758,87.4252087097478,226.44795767678903
928.4411849861771,412.89359118936716,89.50982668291924,230.08797020915634
931.4634895783422,423.9365877568299,90.67548361187026,227.00222121485575
933.6879848818434,421.3503459294835,92.81597054393042,225.76601346329858
937.8484707108636,421.8312153984592,95.60339732339006,225.17097374409715
944.9347809280423,424.8199291626163,98.20152884215757,223.91345588375185
955.5951603907522,430.76578254989636,99.61715907689407,220.95424422637913
956.8460179407707,440.5017929486082,99.86745813701316,211.8249968664554
954.1618884798957,443.5847287964946,104.58007741032593,205.27881511208892
955.1749222145191,446.8629653174832,110.05266716764132,198.834219511518
955.1752171035399,445.28248739201416,117.5965109833498,195.6500215538623
958.6284529477127,443.6446384526824,123.72434105281673,194.35601728408835
976.0048862775122,457.0897171175724,119.2687766393115,186.45029598946462
960.4789182623508,461.4350844191307,130.50217018916558,179.49070152306678
965.9128250164636,454.1727871478218,136.52345580203382,177.4886237024033
1003.7266080636751,469.6681666169321,119.44929546932943,169.54138283058882
1016.471770724884,479.00404457670163,106.93046672894286,161.94927778995614
1031.9922142424984,480.3538862438468,97.40520469371408,157.14394260019714
1037.4335860402837,488.4709937230618,90.30487076611224,150.3240342823921
1045.985484168781,492.7579012789998,85.66820707747677,145.2230585259848
1053.1535681232203,493.73672822875574,81.35092954945782,141.55382625733222
1059.03008731126,500.451733404371,78.3640960073625,136.028417956883
1066.9575121283929,505.3945035425701,75.01147415630024,130.49291430157854
1068.0252707048066,502.036972615711,72.95362423980082,128.40811043264043
1078.4394294804188,503.9175507697766,70.16635283115477,127.47675759130617
1075.3204548764777,501.1948336426356,69.62537137497424,127.60230659168192
1080.5354437755934,506.05101045210836,69.30299855721145,126.408904388752
1084.9091178278097,512.7994841378887,69.29023907582581,122.99136375547246
1087.9648300392212,519.2509858002755,69.55955195769053,118.3677488584333
1094.0766483878624,520.1110275411852,67.97727268228314,116.947225923489
1095.7111538810761,523.6503685479188,67.21637937163683,115.28282003306877
1101.29890195308,525.2646405107665,66.50829045419152,114.62736570698259
1104.9182542546353,527.5765394786711,65.72240567529971,113.67785365984528
1111.0229421432598,527.5737742935697,64.45489391172256,113.80026635426688
1114.7937746750968,532.0986482179554,63.543660976954726,112.49435395471424
1119.9370326074566,533.8926712189209,64.1303750927042,112.02605892934562
1123.891074698123,535.2405086637501,65.48208705394936,112.80773999671842
1129.5012017153363,536.0429959064913,67.6531904413979,113.10108094092348
1139.8166746742172,539.8734624457671,67.77816493379208,111.84856461041879
1139.0793844671955,545.4349327857074,69.69668455682006,110.70417007311646
1149.192582416518,543.9415589162629,69.90269222262806,110.16912826122427
1153.0098145874808,548.2850328101331,69.69162875960868,109.71335112778061
1160.0915924529957,550.3732323843243,69.9028288879542,109.27904792666394
1163.4631304780562,555.5542572047362,70.36245059173928,107.8620361276368
1171.2979882814545,554.9147358394387,71.88813903767694,108.49532690510713
1174.1470121416844,560.8799550714358,72.7427951746389,107.66208692744084
1181.0867669751135,557.6537570486036,74.22055479489032,109.0400506000586
1188.2243752895224,561.3768398808907,75.37960330279101,109.90455388079687
1191.7862532274044,561.6496141772483,76.92653224148029,111.56896622558156
1199.710450283074,561.9424053686423,78.12092377467252,113.41996831544986
1204.0433322413212,566.3722153991683,79.54778070778727,114.08158848877275
1211.0057305556181,567.6543038762195,80.75857367880293,114.81437808740483
1218.6751463369153,571.3468940048053,82.18497038769283,115.15182356265498
1222.6856444081932,574.520196017829,82.74173303419936,115.33341777879525
1230.375858491358,577.0234957147065,83.53589593232303,115.65671340457138
1235.9675230694247,583.1037040864652,84.51705652228316,115.03316189542895
1243.0237861091593,582.8216449166381,85.37373820648608,115.61174556711438
1247.360501734433,586.9264157666148,85.55247980750106,116.40983326169237
1252.2622816804812,589.6477936704237,85.74507470056106,117.02915020798083
1258.2502997656734,593.5895512891839,85.71798262197338,117.00635274389779
1263.7026567663056,597.2765490933652,85.77301593516233,116.9764123113163
1275.3736654081463,601.9311314718174,85.26757702062132,116.55054833566209
1278.7973592740354,600.862412602302,83.6669544255618,118.1190773832865
1284.329415686835,606.4089664212031,82.99151347496273,119.48651051696872
1297.8863891473984,613.5524082605338,80.82153628039856,120.64817420158883
1296.1951977955202,611.37327632398,79.39877372048284,122.20785409032128
1305.840231117262,620.7191547514508,77.02136576840584,122.65428082912959
1310.1604587384832,626.7826722223807,75.43529285018218,122.40957010601983
1316.621911008626,622.3098398840186,73.87914856380256,125.46009318118159
1322.0070144364217,624.0858374033503,72.62902227461724,128.77119628704952
1326.5438587315227,630.8595329500102,71.40152509066547,129.72917628747956
1331.6253662132715,635.9365622267958,71.00605773458996,130.74479546828348
1337.7809737247612,639.2097146394486,70.52934588543833,132.2285199398527
1341.4622203014428,642.5740777457997,70.88606049574736,133.8247143814475
1341.0698904677183,647.7813316505308,71.65286737999287,135.95995022432896
1346.6482045645091,651.9416666054025,71.77144670594252,137.03695487513258
1353.3560824138224,652.0454206132716,72.0192957436443,139.62177474025367
1359.1633296551763,658.4392912594578,73.7811135167957,141.37700219788132
1362.4561544172802,660.4182521221383,75.37338147305665,142.8755318885361
