675.0,427.0,35.0,49.0
674.2948612535899,426.42157326570793,35.25474465590596,48.46746137874034
674.7197264217169,426.41358655785365,35.26411466144904,48.03229343702706
674.7813639458911,426.07672350579037,34.94040015997554,47.958583017716144
674.2541418440829,424.80089936063115,34.59292785968559,47.91127806096428
674.0783509255571,425.07917832130596,34.26050395943283,47.65959074508337
674.1710715898378,424.766767743879,34.135319588879156,47.89845608939045
674.3728416386193,423.7295068471175,33.96894684971444,47.799790627054094
674.9915091005115,421.50712319056515,33.83735533413332,48.495107256564964
675.5829068475144,420.7567549107551,33.67244314090871,48.884271550560086
676.4838277876423,420.54818162766134,33.58671149014498,48.920085719286725
676.5436940005286,418.9473002704218,33.78416351261458,49.11371549919544
676.7670942620647,419.74692856803665,33.79573701297994,48.87636686295016
677.1916494862741,419.81709915384255,33.83970822960025,48.55647552043989
677.2122640641337,419.8516777379013,33.979097360013746,48.17394860134583
677.5510708492242,419.5633983200298,33.95834414139549,47.79661949763563
677.8732454151498,419.9497706656286,34.03030360329424,47.54436736014903
678.8546189626932,420.21044481732304,33.86157811465279,47.51435206457272
678.0791119288659,419.6048746599486,33.83225465789314,47.39570417131366
679.9523034311052,420.30161149092623,33.52102179989896,47.331225260334975
680.1173766719543,420.3671613233218,33.26802375570084,47.198447128746984
680.0716504257891,420.5697379099082,33.18908135057013,47.08588123584769
680.1411199101422,421.1885811264338,33.4583760244422,46.78053733209332
680.183464719784,421.3940197864574,33.42870959851793,46.684113137046104
680.7782918431336,422.18464639334525,33.53313799342024,46.68428082170795
681.0777995728344,421.58145970222773,33.51532980940932,46.45989858870862
682.4374766959982,422.868135762113,33.25798117831624,46.29523787518804
682.6984596899575,423.5304818612769,33.05579363278031,46.04439821592277
682.8871253203083,423.68816652737274,32.98232589746931,46.028223219668554
683.0187368673219,425.0993119942679,32.87956422922337,45.979552891346955
683.2908477668968,425.0784205559295,32.9648437728469,45.80276887349255
684.0866510659447,426.5830106539352,33.04006151557157,45.95166973216863
684.3625282316793,427.55917364322397,33.03631133449299,45.87387073113015
685.200421196635,428.4489506520161,32.98877552665181,45.8003408834678
685.8074696024338,429.27600051788346,32.95860815841369,45.83862396423304
685.8059985087993,430.47612068287225,32.54878484275294,46.121168668435196
686.3663568527315,431.7382299018668,32.2960948882868,46.16718643650073
686.6479717613864,432.84939278835884,32.36209175554756,46.28363629828236
687.7486552969991,434.54594919869254,32.36442951830652,46.53070597273206
688.3813530848792,435.1122982547014,32.51887952360097,46.559583178097256
688.9731835782148,436.7595625612441,31.9699841619297,46.51641259723843
690.3581306111869,437.6482309750903,31.711854622352767,46.282181848647554
691.0465657047789,439.533301872394,31.181938780871967,46.25322047396192
692.0132110507632,440.5969052042644,30.644262712926874,45.89916139322902
692.7494719199741,442.1195491925011,30.80687281044246,45.635565921638396
693.444282447265,443.72709299078207,30.693130662110615,45.46886394519363
693.9195971655189,446.4538768283862,30.644799199235717,45.37871484908693
694.465182764545,447.18983404524744,30.58132270333172,45.05008044466139
695.4609467380269,449.13904332633086,30.522213579610337,45.10829640397887
696.3478874720345,450.2415435187877,30.47301778054054,44.80679943703403
696.039993568066,450.590399358977,30.467757614844523,44.57507591583513
696.9725891757348,451.45841547381406,30.34708849423341,44.513756820926616
697.0469034985941,451.8938200536208,30.47089026843669,44.42193936053183
697.7932990910545,451.778387579969,30.42747042140683,44.3591489123277
698.0316459047352,452.47621449082504,30.702150085060797,44.440637424599906
699.4564118641106,451.3615816424151,30.726977297169405,44.382824263997975
699.2048280097944,450.70923684591855,31.133801011661216,44.40119793902231
699.6791101275135,450.7997789213905,31.46012386118389,44.08307460350809
700.6179855205299,450.18564145572356,31.591497831010393,43.71846928581853
701.3662181049503,449.9932023796539,31.648148506896067,43.51823391256719
701.8314249869942,448.9631501720593,31.242453981089763,43.317702951779836
703.1288711916204,448.84750992756165,30.89682914996235,42.900744305033015
703.2310361684564,448.4176019203239,30.824838673829305,42.7548993087663
703.8963073759649,448.48670676868966,30.695407098656332,42.57629959738636
704.1739813887724,447.2476762192013,30.67869432694735,42.33970005183177
704.4510317875969,447.3379548509525,30.731267723634442,42.12355929223567
704.7960933332955,446.91551934092115,30.451834939854237,41.82484510722017
705.1766714773754,446.22872047053636,30.35097223079604,41.62590256478663
706.4374579079365,445.74885811888845,30.388847611861394,41.55851239991843
706.6174543207842,445.6036554885508,30.301315723666082,41.43223064887491
707.7285080293738,445.06679720335575,30.327926568205502,41.47726069582759
708.0708853819052,444.7829112007057,30.31690843540835,41.59883519136197
707.7641525337972,443.43557359059264,30.477416978304134,41.81961819967415
709.2058621427932,443.5301511285442,30.474963946835572,41.869247913809986
710.0710963484682,443.61317234816715,30.29277434407919,41.857777007767254
710.2972409813317,441.3879652229227,30.272476655500732,42.376626927201535
711.0392881016636,442.0027940634502,30.099203948040063,42.180279182669885
711.5175744628303,441.5426180891037,29.877570800901815,42.13679446144101
712.348920731989,441.26350713959965,29.629474820201835,42.14486072080068
712.7896426092888,440.3806461749372,29.32098333611002,41.770003426492735
714.1932095061624,440.73041112255504,29.212732599003317,41.12285695410865
714.3876211121539,440.6556668182907,29.04998360577043,40.76875974720767
715.3086083555578,439.27221802413925,28.70414864532978,40.57652037261994
715.4405683914711,439.65743848752453,28.502423397721863,40.047076760302545
716.0513899715701,440.2968254012196,28.2384828742427,39.61315156572479
716.8156258182577,438.3326841922883,28.19630878828942,39.785971337103035
717.8194783700801,438.9651203897951,28.044026658277364,39.42156586103481
718.4352933617474,439.13979661133317,27.911304145645715,38.99924588866174
718.365212225133,438.2100389820921,27.9801315800076,39.028316811206466
718.8039510094643,438.06992205676556,28.007332356071334,39.16121179467195
719.5577648868277,435.972250374498,27.940973522243038,39.54835813772277
719.4987123634814,436.2133916991343,28.05862080526375,39.14967839372355
719.7862805673219,436.05879282168775,28.074503074340605,38.782423511897946
720.7508873773812,435.21824723879206,28.12575820422198,38.70437466304084
720.9267281223239,435.92439498628903,28.19120623093811,38.43972321101569
720.410054192721,433.7416833945464,28.299413709284693,38.9489604814151
720.8973256333841,434.45843927634803,28.168697121903655,39.06487193558522
721.5985051839558,433.48709789208567,28.173076302010166,39.05053871289902
721.7036586707549,433.6447257409211,28.193116008099707,39.07430279061872
722.2423614303596,432.96186212867707,28.144442788694995,39.08781138717716
723.061286993538,432.30579897892034,28.196990832259978,39.16844659782338
723.6531271331669,432.1251738703134,28.03346741335362,39.450488441013825
723.7320480668377,432.3392824354682,27.918380672965313,39.37148395718862
723.6115395726089,431.5186749460835,27.832737505172922,39.357715415450244
724.1690796142585,431.56692113717884,27.772802685545514,39.412346080134476
724.8664790368462,431.4463681736476,27.73834014408109,39.3502140921579
725.2154431393251,431.05779064587324,27.597418775060753,39.35618994848793
725.3962216142379,430.8784946881923,27.37090210843821,39.62817297713107
725.9651178559977,430.4159662029832,27.321290166910863,39.76935543583047
726.3497336584377,429.7220619512286,27.28014694093718,39.789900145394355
727.1226640680669,429.17386712170855,27.527849964452066,39.93771192357513
727.1065532646292,428.9000951703807,27.35650406644477,40.096690762754164
727.7395100980297,427.8831462423634,27.339079779526728,40.1150704303123
728.5104787292322,427.80642049750395,27.513039123566855,40.45283283311704
728.6169258415185,426.92031879076995,27.340016114814595,40.582717520999154
729.3560448187832,426.67504746759903,27.141303917121242,40.41246304820035
729.7018625143858,426.9462966483862,26.915610908728393,39.80046090244634
730.3047666429359,427.187751449864,26.70974161647198,39.19950930730333
731.0154802221293,426.89122206227967,26.37390100593665,38.85947787251103
731.9106560083499,426.7117257602528,26.05493920400341,38.57146730273659
732.3775958405554,426.5376374528596,26.026363494670402,38.415997066937095
732.6956887546806,426.0722366740961,25.87845891642007,38.40893241352665
732.8040712467904,425.67218853957627,25.80245626130214,38.218153438425574
733.2483942670865,425.7390012183645,25.90094706153024,38.278574101357
733.576689059324,425.1674268452327,25.915988336429947,38.26902051607757
732.6536873815173,424.8060734257707,26.26159496352792,38.270963194845294
733.3623939715183,424.6570746112939,26.138859517900983,38.33963648297852
734.6182482584624,424.0442784446655,26.04481451823157,38.35444390412603
734.4383861487102,423.5329862571986,25.99862443109525,38.239531330817584
735.3217788534207,423.46290702346545,25.89666446112738,38.22830735199488
735.9531913022868,422.57304873752497,25.867619470621747,38.23151177787973
735.604357315052,422.1573577536243,25.712595794700675,38.20376288630605
735.8143798877474,422.4832081396137,25.541818227435083,38.25959690436642
736.504434306525,422.97831288708255,25.438397011949945,38.428338215092694
736.6535556481941,421.86067944803733,25.631578889158533,38.30722081583942
736.9189827734564,421.23103438628397,25.636567534141832,38.18306519960004
737.482304639756,421.40346483032243,25.54752145779269,37.99541561523399
737.9107894699243,421.6742745804732,25.62100223690909,37.743980135928624
737.4822190811703,420.4728887866992,25.609795846448456,37.57508882064461
738.1797563066988,420.8516201398629,25.518279745000772,37.656294937559366
738.541296800234,420.06328961661717,25.4915259674031,37.593757680828205
739.2936343841099,419.91005941037,25.511951507659287,37.380221450256045
738.6619926352633,419.58647159915756,25.60329134080139,37.21623984611851
739.6211990523497,419.15515608331054,25.625285305945244,37.38258181531248
740.0655301170744,419.2390108917268,25.323712715069902,37.55267890014016
740.7691693550069,418.19819242321023,25.20396323090422,37.52603184059129
741.2334149585963,418.03232209288717,25.007626869916656,37.81612363649127
741.5303918868211,418.140629983266,24.91631278397486,38.10636668141717
742.1159533890424,416.8808610229747,24.837215536368312,38.31200079340598
742.3868059705411,417.0280987040069,24.447587094562284,38.37468027753312
743.0377187744094,416.96570555605706,24.256082531747488,38.209763204292095
743.4823204618481,417.10154712729644,24.046772650522623,38.18664573564149
743.2617800907149,417.13930936558404,24.064772948453005,37.647307477328006
743.7592437777347,417.54688428290103,24.09630431464789,37.45632603869014
744.2245299288417,417.5757187690225,24.112707720441602,37.35887740336119
745.086663822852,417.4585941273904,24.08220366533112,37.10843125205513
745.2836223481656,417.15112239329545,24.04625017671559,36.863129969268485
745.3191315967191,417.03768153215975,23.950398000409557,36.49273691126643
746.1851712780212,417.23349542560123,23.88367813487547,36.363834954461545
746.2084843421421,417.1349659449857,23.839821476848602,36.26746740202082
746.6570240232984,416.8145908771683,23.900658374301678,36.02580176617117
747.0709179658037,416.9487292795419,24.04936432474036,36.09160851855295
747.0844946229614,416.18224807109635,23.991411144702145,35.999479382709666
747.0079448474804,415.77232927999216,23.922205397812586,35.787288766675886
748.2246657748047,416.1802548924727,24.19795391181626,35.59543046163668
748.007520150663,416.6299186508215,24.242894268986447,35.536625711052324
748.4788466759526,415.9342072805865,23.942170844872283,35.555459340194105
749.4610926262761,415.47230484607235,23.70045726453749,35.456810901116995
749.7511207477654,415.8830961991329,23.652299520094097,35.26904014567948
749.68691856899,415.3107416490893,23.758319234090244,35.034675149087
750.0623425728487,415.41187579965674,23.847871922173628,35.1781786375029
750.7678463175208,414.2561147585562,23.66156536056375,34.96991007029003
750.8976449588539,414.9710377583609,23.713491515397692,35.17759916589539
751.1744180822354,414.89484912923325,23.521822710040773,35.11811576741238
752.0491351929593,414.5199065521582,23.352024108710427,35.19656842644531
751.6808186292926,414.59351039990975,23.328822946492966,35.1984619882664
752.385820119073,414.34193445345807,23.35959297718619,35.13133952814243
752.8960319682687,414.10450156606106,23.25002743309152,35.34134324238956
753.1886770018789,414.190923508873,23.32068219008984,35.293735867996126
753.5673976961543,413.84620462270385,23.326767718042973,35.29838970478766
753.473890927227,413.60660968822003,23.527704900917172,35.301741866235716
753.754059672477,413.15097778888645,23.58454728102267,35.41259062584038
754.4317878451318,413.1865759467755,23.71851659489267,35.53717220312861
754.9749135921161,412.7406827357779,23.69657326742803,35.51499530725277
754.7598961886833,412.61150473031233,23.75359934626619,35.89870989972689
755.5173162030544,412.38124749771225,23.910252847797548,36.09989361541537
755.8184127566809,412.49523118005015,23.68994908380623,36.23017210034893
756.1576602184665,412.600354912503,23.852610166094344,36.43505525067758
756.8509984386876,411.78875335709887,23.582579538640328,36.38268310513817
756.9557451274075,412.3971017532875,23.43614310700146,36.52153898610083
757.4922459043111,412.1313999019568,23.496022717744978,36.82579272538325
758.0505487945222,410.52797239899155,23.382483953924265,37.00525820494663
758.1262260787962,410.6390166505983,23.216213919067748,36.960057213940075
758.5712193106051,410.9061546316045,23.32609012634836,36.91777801706434
759.5656397552549,410.76296210075157,23.306518035876834,36.700378899082835
759.6779934801699,410.7764832324053,23.191460244250067,36.52805770511125
760.0796601512013,410.253238726621,23.101612619960658,36.33713521765641
760.4142547534644,410.8873664233452,23.04211885000469,36.16082928709868
760.8043784763257,410.12613717780835,22.762573308579064,35.856223264012215
761.1931738229205,410.10982270912785,22.583447581209832,35.75601681318964
762.4278830052779,410.1969776863323,22.528213786807658,35.86528382411281
761.9901135566771,410.5219069096964,22.738301634204394,35.71372402240411
762.747714324841,410.61947751679224,22.86718884299374,35.63145970030218
763.2126886700853,410.86743405526147,22.842986612466092,35.488833366527814
762.638728955868,408.81618576350354,22.401901524299074,35.54152526254371
763.7696894795248,409.65394676464064,22.461544197688674,35.08139632667577
764.1869069434756,410.1234467048736,22.468692521740174,34.861039634686406
764.5182237043189,409.61453131507557,22.2258053989795,34.750200675512936
765.1912175726719,410.1298904800635,22.231517491374902,34.709747238115135
765.4447325255601,409.8343099172024,22.311691565090744,34.628682411689
765.5328579879866,409.1935794276764,21.98845272519857,34.59501887902221
765.8264241537511,410.05731869815145,21.89068501769326,34.78992650750575
767.0531549388379,409.4700466784679,21.584066404062575,34.64100710693141
767.0149333470179,408.52544214368316,21.306307317194783,34.561443288317264
767.81099863732,408.96947147386095,21.28402384352409,34.52111717190703
768.0395100110951,408.895390398498,21.135831357204296,34.433683619507825
767.9607836726757,408.75910976279346,21.126123999863363,34.53838295244039
768.7155154895752,407.76285384499704,21.069312343603595,34.788455518013784
768.6630569952448,407.12758766338555,21.008755394275916,35.29382064490853
769.6329171408202,407.14644556795184,21.187252571387017,35.22469461849086
769.8478900815502,406.83050597322887,21.424497241684772,35.42658876155012
770.0005886079892,406.81964599336055,21.814138030603495,35.49863220761486
769.8392932344511,406.41184972072796,22.01435328939846,35.46479848334881
770.5019259778092,406.9646697746935,22.33099454096367,35.59495244280047
771.1247736800336,407.1573627995369,22.50702917801877,35.71659306547704
771.9893753850066,407.00894577327836,22.50939315088518,35.4886773621347
771.3072945300156,406.9458947563934,22.283215200222738,35.269022865142865
772.5353179054271,406.6987090454119,22.358151420591206,34.914288452144945
772.6993713989814,407.56308902925116,22.183555480845936,34.80751487362653
773.0681413643753,407.77795926886995,22.078408433358945,34.49028507554141
773.6234122505917,407.7797117739078,22.0954301374883,34.27372922318041
773.7965783259046,407.6924033602281,21.933187647507044,34.24124613598903
774.0299861595345,406.8978432155669,21.722559419212388,34.08576803663961
775.2811808918616,407.33564871039323,21.768654756804224,33.95181811876431
775.4691326890008,407.3488014808592,21.80422729777954,33.87305286103552
775.5583585943428,406.7361799342628,21.58295932498613,33.784842279911935
776.5097054947328,406.885148320412,21.460622885046114,33.766210012008045
776.717741303736,407.01149602785006,21.364955319774133,33.486247141077236
776.9384953978084,407.4975695835572,21.248466968055098,33.48954863806139
777.1970081771309,406.52412923022104,21.052211673081906,33.604283653815735
777.6668490398547,406.35024304346416,21.103702738161658,33.60443029490757
777.7379129441604,406.1242298408311,21.250942605331513,33.62376321872841
778.6076939940447,406.7670657318234,21.601987195016196,33.6648812927009
778.6629615425124,405.6794321843603,21.61028754729938,33.64836829729502
778.9947007159831,405.53594287074384,21.69770183951829,33.64713891671548
779.1533790261465,406.2531454588074,21.640507572707083,33.77584409215076
779.6913428500673,406.19330020601575,21.582890471740527,33.87070091853492
780.4168138731433,406.3330718779064,21.616826965627602,33.928895611863005
780.6536550515546,406.42570369991626,21.446969987222918,34.01060737067529
781.158071158119,405.9866276938236,21.318188433273676,33.847110518114555
781.1927347216916,406.012735672865,20.989217751440908,34.06618057077394
781.6427812539487,405.3352322683158,20.710287101477775,34.21140954784103
781.9667651338882,405.07816281764224,20.488192144333034,34.10188359323115
782.3985306852594,405.18722302724075,20.27123696932501,34.06257329366302
782.6885971995197,405.3543760776623,19.986956601937255,34.15778684614014
783.357127602276,405.81164257390134,19.904938826209786,34.195272591455186
783.5155005283175,405.06725648439317,19.741475139654078,34.19698422359647
783.9199963086053,404.2795840789691,19.746082211891064,34.35876244508911
784.3930227813235,404.41703726845793,19.917506683446813,34.48290391767397
784.8405095612159,404.29103663303533,20.18710679309553,34.54233927055046
785.048134331569,404.5307915791694,20.514082899362048,34.78302133384878
785.1800084766468,404.0680786897387,20.75491987531975,35.029972686440566
784.9342124580506,403.95400782132697,21.071135020422094,35.31016215275617
785.6805432484263,403.4833698783934,21.389073720432616,35.7174643447758
785.6506703813885,404.2151246177395,21.825208004312728,35.901629426630386
785.0367519923293,403.8184531317361,22.01337956026316,36.22067582881306
785.678824490621,403.8831192508542,22.018594610066657,36.561917015869746
786.027517119406,403.51713005546344,21.94485894966467,36.419612569737225
786.8117405764772,403.33300177993544,21.952477098998823,36.60561051483614
786.6252901315462,403.07397847923147,21.992911863372488,36.382972606966774
787.3511186727146,403.8751415792285,21.727305196074727,36.118086897695285
787.6449365977064,403.6995120391175,21.433156894919144,35.77970974744857
788.9988723337809,403.2979031650676,21.34285439249675,35.789485723087466
789.0260447899474,403.93754110353916,21.111248127624684,35.47298603022641
789.2480958940491,402.7836598392397,20.776490401843034,35.01605434495804
790.1634213923234,403.614705786017,20.664009571310427,34.58138707298556
790.8240955851631,403.1025351396925,20.311075492271325,34.27449820206023
790.9465374936098,403.8997234326111,20.350768091393718,33.93433304200436
791.0397295504043,403.40136918545863,20.15037640944516,33.62382870671948
791.5174738537276,403.8850621758183,20.04088084479108,33.332735145433695
791.7521735800595,403.3686599021309,19.84134833548633,33.17514052288659
793.0997198063706,404.14540600541096,19.874626549368273,33.134778504314795
792.7992099484,403.93203198743873,19.730033167164937,32.91223454807175
793.4878511752901,403.5422588447303,19.63616746143164,32.973290232902635
793.5869144283973,403.2550706378095,19.899199707658436,32.95717439820912
793.9415555811297,403.80363355912556,19.792914228365525,32.68989016934655
794.312971270206,403.78926961226466,19.660632776970665,32.65141072664261
794.9584298029093,403.428932337756,19.527224561661704,32.69876069069886
794.8772978762909,402.7855650972784,19.166691784039347,32.70799883376354
795.5302725898475,402.53710900843555,19.279107835441692,32.71633984445701
795.4151981446686,403.2897168709393,19.37916791964725,32.90137070148084
796.0852471200415,402.41495291122624,19.515838462553706,32.9659086917077
796.062659707204,402.4696236236899,19.38413340541613,33.0219572814287
796.4772049991292,402.8962285393092,19.292477208772816,32.78277638085418
796.7987576117602,402.2760112657555,19.161823155386045,32.756266042707736
797.1315476388503,402.6133834051945,18.93030987366661,32.73894669058759
797.6560130433537,403.02156605206756,18.94905942354653,32.68108054234931
797.7562708105578,401.6931351030491,18.890534550759455,32.94699700581584
797.913392754015,401.68784674253095,18.617687758571464,32.80550463505531
799.1939031651061,401.96555417996916,18.645442571154987,33.02989017521797
799.0182945575754,401.828556657749,18.30735924910716,33.097723720634846
799.3828077657372,402.7746710145731,18.43589203688501,33.05630219692812
799.3934856726685,402.0270320974158,18.284233793823283,33.136823256340215
799.5737858120375,401.2649103041677,18.16508859321011,33.07397730426223
800.056181526692,401.5345172641362,18.316637801108232,32.96571736381742
800.6055833161884,401.7876541426607,18.4362943051233,32.86359552327239
800.7191589492724,401.94592111461446,18.225141879287357,32.8046528269234
801.4172661180373,401.1837103409133,18.13511803247991,33.00297879327107
802.1195955781634,401.2355398318859,18.285879034102972,33.00960270927514
802.2482588987972,400.7886722341741,18.59321914088224,32.9006676166127
802.1017772504476,401.0693619122895,18.805066714924926,32.763719107549925
802.0860673520963,401.4760450731625,18.909286194244988,32.38126861832345
802.4999614265869,400.39206092310343,18.95346154624019,32.5859571943205
803.0360451423351,400.7219265796108,18.946998460447155,32.428896169391734
803.453273288816,401.2811232669792,18.917855277836686,32.17373826828775
804.186460505792,401.45094865439296,18.71247480140432,31.812984588186772
804.1075193260585,401.5305292345896,18.471126203840004,31.608306460020046
804.4670737175877,401.2613962400929,18.577227992070583,31.545498230263384
804.789169815981,400.2699178172935,18.558714811397298,31.34337359392857
805.2057465436732,401.20159299190186,18.64077589458727,31.60150609383302
805.37160388057,400.8015229361861,18.63536279550056,31.524532862979374
805.5400690473051,399.24061091887535,18.763688199335025,31.72817452455402
805.963580108293,400.43050333605777,18.6439381110508,31.877503459720437
806.5231961950836,400.95950744386994,18.576578190887307,31.629157109330464
806.5135692701624,400.2213239761119,18.44353406709716,31.59448431095981
807.3434207571654,399.72256526511336,18.42181632258314,31.563383874070126
807.4101256639128,399.7644281741904,18.11096968047521,31.470144200935525
808.0454075078417,399.97251659124566,17.965192369570573,31.667622457157137
807.6503691304329,399.51796803621653,17.69181545007187,31.57633809748883
808.7051488173815,399.37648628606183,17.79127859814696,31.578112632954443
808.0736547691985,398.59576104102246,17.74031710955235,31.38241438035748
808.4897641877458,398.9046459281567,17.855554632320892,31.274852735971756
809.485347579205,398.39053017151116,17.908111909460906,31.042281026606553
809.502459216262,398.5104601258932,17.818567895601145,30.886100317061235
809.451415217175,398.58486905940396,17.71026008078667,30.585014993985006
810.5686922909797,398.1109626622502,17.946401428782774,30.574133330284795
809.9091416417754,397.7027749645898,18.109084880511706,30.62485320802735
811.2495914134671,396.6381314442821,18.388977878632314,30.673322072373203
811.0035644312723,396.9304021039985,18.37086186011163,30.482022635264663
810.5836374468959,395.45852118421203,18.55528217407933,30.486834889876725
811.8489957513747,396.0743296866018,18.545210706723402,30.182982777675306
811.5885420933245,394.4558323218371,18.536065837765236,30.531442961306276
812.4142529074962,393.62256171903664,18.455391584909815,31.136338659094726
812.0478304944855,393.1609027726744,18.513141806439055,31.477709225159046
812.0914032585722,392.5794778329314,18.879983399847802,31.582652000152883
812.3506359718709,391.4088919561571,18.77452761680503,31.763919273720994
813.0473337229292,391.2220372748602,18.640470493594606,31.688798985435792
813.9012227637346,390.54737279991514,18.684409025753396,31.880573308861138
814.1008857903716,389.6170792545728,18.69338527960837,32.38323498450673
813.9906882361358,388.57971105117343,18.630600151263543,32.3892152877899
814.1632153431392,388.6120981385778,18.68295346899507,31.59275165985618
814.1995719414787,387.6304343415293,18.61516123178869,31.397189483445302
814.8536556867073,385.57144140012383,18.373918790159674,31.422577404830424
814.609191878732,384.6780116058953,18.28591159165714,31.475000958131346
815.0990877943074,383.98208122931146,18.289968332283717,31.55681074694354
815.1301216969183,383.6504966426125,18.204424880089118,31.522119202567936
815.3660479604027,382.80407209969644,18.06448916220228,31.586062038400037
816.0165222760871,381.9738602324906,18.006429935130498,31.54044634410085
816.1389071703463,381.1198855857838,17.91118865003004,31.57264490509265
816.108521332143,380.0434376884655,17.937383910421048,31.53659874416286
816.762061920874,379.4445545292805,17.955307310595757,31.295255260286638
816.9258812996604,378.7708818607008,17.998373203901785,31.129386486117955
816.8414820910232,378.7086160960527,18.281116628500488,30.859569870882854
816.7205544545196,378.0102561633901,18.531257423968633,30.75401617663776
817.189850638689,376.86186327825476,18.515745499965647,31.006330206185776
817.7409113468842,376.3183334772753,18.685238158282395,30.961752234902537
816.29660777532,374.90113083226197,18.76084176137169,30.945335076198717
816.6727853350089,373.7191324351212,19.18634308730634,31.101316428585775
816.9385206191682,372.9379603313623,19.62128792426129,31.3326059486035
817.3899703655702,371.53887521890636,20.06608282842983,31.048470265312254
817.0960684546616,370.5301556669541,19.79982170884086,30.891882879958935
817.0190392377042,369.2575671538583,19.64526350457205,31.571733978416173
816.5051729450726,367.2929519348417,19.41207079686668,31.683482421820514
817.2539469633027,366.45369549165406,19.288530939117216,31.537211983000475
817.4858373975837,364.71971580268206,18.97675049780133,31.73696762559287
817.5050204720542,362.6460753118896,19.285659129133712,31.901941173095803
817.1138352280024,361.07135465518803,19.12682936088987,31.859999124682552
817.2921164360571,360.13476897040465,18.905444557085065,31.5931939927844
816.6313116722566,359.33657298788387,18.877192939666493,31.775843892396356
816.799087282565,357.62341834682826,18.68580675811231,31.95175644599194
816.4388735740432,357.06692598509676,18.61888828892522,32.320852314474486
817.0600914819968,355.33978934851905,18.91253187975647,31.89756211106733
817.0238802009914,354.5326744051865,18.88188895104465,31.70767670232223
817.2349322987469,354.3205916284195,18.793090114420274,31.45969259765325
816.2519088256987,353.57400840697403,18.69991770016516,31.19812881593473
816.3407607428245,352.9184732506918,18.6320161120073,31.236944184651477
816.4387055156437,352.5420827404331,18.38500962300951,31.27360734628224
816.2804035823789,352.2008589114947,18.253165308386734,31.15923340992076
816.4032062373753,352.3762859565821,18.355384095073557,30.934127000410076
815.7357914998236,353.0124246620947,18.415234932481823,30.687583537138757
815.8611601717755,353.9599998439803,18.374496673050565,30.493544013211256
815.6594787161165,354.15705607789766,18.324307338274764,30.13149026119687
815.9217708973281,356.1508040759461,18.049585646750092,29.81007092525626
816.4618103915424,356.58570980185,17.913300908809866,29.82265998614377
816.1800583585117,358.57814555153686,17.754667523699307,29.968258762648922
815.8660664091843,360.01131836410923,17.61548528465875,30.143920583793253
815.7218425307049,361.21839773059435,17.500154965445812,30.109202158440155
815.6180784422171,362.8428189811663,17.500300940272922,30.061073768624365
815.8509498295574,364.95707349753354,17.34449468902966,29.799712563038437
815.3754128790546,367.4291814507462,17.340261583199464,29.895581495480226
815.5085777617984,369.8125458169694,17.33928215950866,30.081428446627616
815.4682178404463,370.670352705586,17.24373247096289,29.804085238242003
814.9780882229416,373.2966993522645,17.258201911050513,29.58143650054909
815.2685754799248,375.05780673186774,17.245434184193392,29.83855676331532
815.2114803538467,378.4578536749629,17.215871384591694,29.831073045582052
815.070644849989,379.20330355649116,17.117789279514238,29.645867862603634
814.7998843131431,381.92143026041845,17.119019520686276,29.46928089762014
814.7527092706962,384.26366348609724,17.258344886341956,29.660356133274306
813.940023615049,387.152328089991,17.534846873906023,29.45485004560394
813.9209278874071,389.5532470125014,17.747232665127378,29.44810192226287
813.4463867383747,392.30930294478617,17.964427145809235,29.619339667068285
813.5641749323315,395.17942942792484,18.098174488364275,29.62843820225578
813.2040689505268,397.0511068516078,18.012180702462036,29.740765727936697
812.7438338940974,400.82555521816323,17.96750951893414,29.678090308302387
812.8281971268311,403.1103717354658,18.052590121337783,29.743795103287223
812.6219067973601,405.2774609792583,18.323973575689823,29.77996268503808
811.9464164892572,408.6488128024216,18.47582699463004,29.801243718887186
812.4881418821501,410.5601970797073,18.075527453961467,29.770230840585462
812.1939830334583,414.0886801350038,18.168232053200573,29.853615071789243
811.9323171590245,416.76281887494366,18.16199226886509,30.249745245718184
811.8519199591558,418.9988737538332,18.10157237416894,30.126069936181263
811.6222429078446,422.2635848565069,18.02173427708426,30.14507149792371
811.0547532509959,425.7354094989458,18.1099377729106,30.16853189322167
811.3921172219062,427.8783591000512,18.11177690872651,29.9879641119093
811.4727204487712,429.53771782988946,18.351182332438118,30.058956124889047
810.3008970248408,431.26473452281505,18.25283546692011,29.615626779565233
810.685432760778,432.6748761264305,18.364341082447893,29.36834161920936
811.2092000673393,434.00918797877944,18.244998607997147,28.943416034628676
810.9253718927266,435.43371577715385,18.130136951851494,28.76354226161032
810.8657262919583,435.8029235056446,18.177971244208585,28.789912571230328
810.9226134327414,435.61276023781323,18.023898500728144,28.722004548787574
810.670475767064,436.2814536175627,18.177275089407196,28.753346426984002
810.3665001422963,435.1497543090912,18.254701131423026,28.779501391583246
809.5509304555804,433.53010784691344,18.223570912569624,28.891078251485666
808.4087045713848,432.3357665967794,17.936558142386797,28.7667221164998
809.2132178657586,432.39004601696826,17.987092710865753,28.573148932860313
808.933388474257,430.7507465893401,17.954023832736176,28.343294418976026
808.6346872077825,430.8160050524875,17.961384251427283,28.15330636231011
808.6359871020389,429.60284731159123,17.87347257326594,27.848237566758982
808.6669944463337,429.2422564206514,17.695048582918727,27.654876196783114
808.3893495204619,428.3842115306281,17.687731623138653,27.64021493923217
808.6456092408567,428.17391912876906,17.77262429172391,27.536896849883796
807.5236132553084,426.56222495555437,17.524154104617605,27.526276407250656
807.5978819067045,425.74196270189043,17.227347148504997,27.421050487332433
807.4510732778375,425.6805232694663,17.365225575672675,27.226126922981557
807.4585450247332,423.8882993464685,17.6219037859827,27.274266480402797
806.5446106959861,423.6500441842499,17.579449262324786,27.021383799468964
807.0228490693626,422.16711610529103,17.528505352485798,26.793338895374934
806.7677896995054,421.4546462282044,17.510784431555503,26.931009057262997
806.1150904241615,421.39991788240064,17.67227734259496,26.91722050961277
806.8398442106976,420.3449867399322,17.770812066886002,27.396597259881638
805.5247724276691,419.56469071449106,17.615204290169757,27.573743571017857
806.3261269913141,418.7802253799622,17.727224471961605,27.820568832360806
806.3083763458507,417.0010535414954,17.747192315622947,27.801916659684963
806.0094567814947,416.27507802329956,17.80846375634656,27.931380818635283
805.1966166510024,414.6353626121999,18.19878482543662,27.7870216628072
804.4617917198431,415.13190426398654,18.297554560802084,27.57795782944882
804.1288556675689,414.87393419658656,18.724649504705827,27.481440688858175
804.3086836117133,412.78247040520864,18.816592737510984,27.33016264417259
803.0431165259711,412.79128624524355,18.76280411846805,27.465050190176925
803.715557971914,411.1003846881491,18.895315330586083,27.682706881026036
802.8844594392815,411.1109532501947,18.839243047706482,27.72165123886834
802.854309589043,410.63419498995324,18.787505089492036,27.852337559156
802.220601244998,409.30281453810136,19.203351648187645,27.567085157195734
802.5890900477328,408.06717585173305,19.169361713616382,27.11113932436596
802.5687921195706,406.8085024437395,18.96659514318288,26.98921154318506
801.2627756287048,406.5514001680734,18.910102429113724,27.032850298618783
802.2312505485858,405.15647958323603,18.849235963375268,26.701452759797487
802.2922804566336,405.3750843905693,18.900363403138932,26.771147747181608
801.9543950330042,404.7923018057742,18.82523398184332,26.880606349389097
800.8496476340906,403.0310046176746,18.728439106818804,26.555529216799172
800.9631469279685,402.9591356959302,18.609388822285602,26.732584626206048
801.1213098828937,402.55059034521764,18.659044968099405,26.962570530267847
800.2450253116134,400.60958796446494,18.729668309878654,26.74612558474204
799.4002627083336,400.465992875672,18.599109898274218,26.626951321409933
799.3882263088389,399.1941847766041,18.58603517529102,26.410511977553437
799.6450507540029,399.67305280865037,18.756292840138755,26.325761753304683
799.1068756371756,398.3387716943448,18.737596076723204,26.111686957990052
799.1709658453432,397.8248512566908,18.684176097399565,26.118028199509
798.9885824982956,397.9096333268704,18.4918138852448,26.425202035224103
798.588782080843,396.09544180266636,18.364222032161603,26.501796753553975
798.6274687888389,395.35406492728225,18.440733503865225,26.497482328052673
798.6580624161285,395.7601537358465,18.448454940692255,26.612665245592215
797.4416785553019,394.1455292447763,18.40963452757972,26.392176678904445
797.3405899509976,393.8395130178639,18.606532195172722,26.34570083194792
797.146194509459,392.3421856216494,18.86624898157038,26.258797396838016
796.4950344815601,393.0754411525073,19.003735968520367,26.188465534340867
796.290451532733,391.5413859337721,19.064291941858194,26.00727024671358
795.1126595023063,390.443779921979,19.07598867360993,25.965452241002932
795.4219129629441,391.1399932454704,19.208893190322613,26.244610677027893
795.5524494781482,389.7128281457226,19.066197845461268,26.44362929205091
795.2590316308806,388.90689896410186,19.30839853023109,26.424437545429086
795.1699289714131,387.4287923085365,19.431824796431528,26.646489479606633
794.8917652012819,387.7818612767756,19.55494768581493,26.847768840491764
794.1428009237916,387.5234893747181,19.847935444897214,26.683680735427057
793.0817396664429,386.5383403327099,20.045268530883824,26.377184385849734
793.468167729137,385.1722738560626,20.115285025124436,26.342013872347525
792.3961478544888,385.6932408134143,20.455476507819263,26.678536073366637
792.4517982661512,383.8474087820878,20.64420925383051,26.442748048617297
792.5764190880295,383.9678460930637,20.66523891134333,26.132659559478004
792.9545956601028,382.8585721247525,20.782039453720152,25.65033316748717
793.2715936295737,382.40591258156195,20.693201901008926,25.27212869429795
792.1956662806797,382.06245446896463,20.663721149578173,25.137908444883212
792.5712562199278,382.2971534856804,20.46754920565227,25.39773557014319
793.3109957570699,381.6264875814031,20.141192079610224,25.238746944127307
793.3034562267806,380.85711257918837,20.162878195852844,25.205628052072512
793.3287424948251,380.7884423994953,20.112916011326362,25.249515957845386
793.5930389298433,380.71957632374654,20.1700546476377,24.94696338033891
792.8438079217142,379.98142679024534,20.381903199540485,24.840681880935076
793.3258527041716,379.52391738961416,20.170102452985006,25.062486265693565
793.7460723479434,378.54870143329094,20.173275836339762,25.148309413691578
793.4586921912132,378.48348012457774,20.366490129292313,25.38119954088362
793.4880766459084,377.15738634991743,20.507321439628306,25.374085332391722
793.654511430915,377.7456827795728,20.77745632518174,25.48144327874501
793.7526399710487,378.0172186887363,20.811233119426184,25.35995654342579
793.7069982316475,376.80055810167346,20.995656246665916,25.20849988552022
793.3892656624358,377.8184175841548,21.358004319659564,25.121259619288022
793.3196926174456,377.2961002310996,21.35358046335098,24.92760544600387
793.2949045824963,376.7202178308263,21.46580912114015,24.762269721648124
793.3137778414681,376.7726025560028,21.23901383610674,24.791335110162272
793.4338479481784,376.49543242417064,20.99057284143624,24.78346529081881
793.7828756454614,376.91951813150706,20.96606328427231,24.933005057786694
793.6947313817618,376.10230755337426,21.065096562648343,24.85110236151318
793.7799469314376,375.89886147932566,20.935894711343426,24.986365176114283
793.5398305551603,375.9524497827991,20.959180137238103,25.107124360183064
793.9155936070216,375.0361995258377,20.94010642609361,25.043071834555136
793.8476853556913,375.8504223383546,20.959795914593887,25.157797901415826
794.2024575417562,376.1327757400307,20.83338905467112,25.29558285831748
793.8900242798543,375.44385764423936,20.98579006333832,25.10789018027132
793.7767772810183,375.4563399619762,21.095890018041562,25.12283490759053
793.7711350464418,375.432005503661,21.114971728405497,25.23413352392798
793.7921149664991,375.32950589361684,21.141935838486205,25.310043388547623
794.4658461732037,375.16198537130543,20.819108740018496,25.342609457584423
794.509400231529,375.16966185335735,20.60938862385618,25.22997408381262
794.5881812535754,376.0274613810822,20.668142802907866,25.266122159710562
794.9901080373679,375.50373829474273,20.51919646188526,25.10157034654971
794.2391614212974,374.99479549290606,20.59960379314745,25.003870623074583
794.317193962339,374.96471354480343,20.665332839482016,25.183892307365817
794.3797464349306,375.0204403994683,20.72417259644747,25.19913995301652
794.2028974549634,375.1315692779314,20.970387646225582,25.15200731816061
793.9739247815522,374.68926218096135,21.13702745105573,24.924873770401554
793.4312172676283,375.3890065602247,21.504279942282437,24.943872560702957
793.7371649113334,374.97608014041765,21.45983613192304,24.761432248461578
794.3325749543279,375.1615445244827,21.243419427281694,25.037407472030694
794.3579710228703,374.53539091192266,21.291252473302404,24.897029760627344
794.4169552289139,374.67360939296435,21.348927982113434,25.222620691610345
794.0820318790838,374.26378725743604,21.36224239417608,25.17963984059671
794.4376229946289,374.61096804504274,21.198278485839857,25.388545172121606
794.1052979477055,373.9825285672064,21.071462820409415,25.366043329454456
794.1418547865368,373.7095773176609,21.05266280241472,25.32687045012743
794.3089435419217,374.51995162978216,21.05668872182051,25.687460326861455
794.5388373768195,373.78018003175407,21.16479503395854,25.494548688933236
793.8950533595197,373.9409588894212,21.498200470901928,25.550119574673246
793.8111661636617,373.329291154847,21.473706491035895,25.570223232298183
793.5149614247149,373.58834617406717,21.566306703792826,25.90353073536171
794.1081252265393,372.74523475706224,21.436650242722255,25.816857756383314
793.8924871653675,372.6737403482953,21.481985813308054,26.066856461612435
793.9714069682948,373.2065027421027,21.588756497980647,26.36088977946644
794.135245213258,372.51619748901095,21.540987234616807,26.182616618657793
794.1583635155893,372.8801016468145,21.561767231516797,26.095601149730314
794.3836007173297,373.1138120982381,21.51758860440301,26.219473581844117
794.3813148196119,372.32613909094607,21.17680822698701,26.057789567131287
794.3029749622589,373.14533537337644,21.06370492167369,26.26255190949717
794.3729091619143,372.74471705290364,20.964432530663437,26.29703440005209
794.4358201599961,372.42458154461747,20.80772674543764,26.10625835851892
794.946795541661,372.48662795572767,20.709504924978688,25.812464913740023
795.21545164848,372.8284163510197,20.459035057532276,25.79118823301917
795.5390918883821,372.61380662843857,20.399561279388127,25.869112206990025
794.799139073947,372.26672775320344,20.504169361871718,25.76288543597597
794.7746742860182,371.97706043012283,20.62890460179159,25.751346363875417
794.7357015637959,371.42463995682186,20.734224313814366,25.37404772307498
794.5175781980864,371.55518579793,20.806335303045806,25.320307725429064
794.2757460727444,371.7015770077499,20.849096843769082,25.321325659793157
794.024828265945,371.86148506811963,20.949038841645198,25.059340349600582
793.4039802608181,371.1119512857297,21.19912718588328,24.781544816235964
792.8780982794341,371.82034001961654,21.29641574581934,24.731985366040387
792.9813577029531,371.33986328519944,21.12632725766808,24.431807548253477
792.7372499332648,371.3847496989621,21.246981456712493,24.151048087427398
793.5184404696428,371.99234250088904,21.099898845870708,24.03740209538985
793.0472712757354,371.62966873753527,21.235985707806528,23.763031909695137
792.6517171876936,371.6020221229311,21.43536567344085,23.646053410387808
792.407046285202,372.06571952592043,21.64203841104127,23.61653152921388
791.9565011634177,370.9094119349112,21.878379509102075,23.645676557423734
791.5234453302094,371.00382460045506,22.16336782346802,23.845423919207086
790.6143405918609,371.12956476582485,22.420717619989123,23.62957286092837
790.7438858369308,370.83771886289117,22.659040765103295,23.5507051575184
790.7893446560835,370.8502548805034,22.763565326504853,23.398260380594742
791.1157081703951,370.71458318431314,22.537237528838745,23.241648145533905
789.8017430943887,371.3153231285284,22.851096025578084,22.874839277611134
789.7788539278964,371.91514108093344,22.88274471989075,22.664690067137027
789.3000357475892,370.8124284892426,22.766223365661546,22.789426773956198
789.6985277945889,370.384174166374,22.659562147638564,22.90728032936135
789.2841971862036,370.60881355181334,22.404902746733384,23.158906404674056
789.2912173751153,369.4472615190878,22.28212823805078,23.448349581453247
789.0860530973789,369.05255661557123,22.081578802800742,23.684002674619222
788.8717914117241,369.47022086701907,21.928742310829296,23.871821754731354
788.692572523008,368.2123805738672,22.18118491003851,24.32377400851552
787.9112264681517,368.1465927566705,22.53483160959502,24.462742526209773
786.5467895103416,368.19726403975733,22.83758858185586,24.442622494215776
787.1982985002696,368.70511620608687,22.44198789936301,24.37567914788489
786.8418012347727,368.76231197990245,22.305785042661583,24.34454718277324
787.3622566865959,368.39176958024484,22.07555071372232,24.528289452791576
786.9039095855334,367.65821729085985,21.952884869460707,24.523012439764706
785.8449654637944,367.59520232078717,22.01698588149314,24.65493227248814
786.3920908423767,368.08094401542803,22.012891679504555,24.74424752822596
785.6900484503277,367.17166004646424,22.04177046994994,24.611429968106695
785.555360126927,367.1448372789111,21.92722072515001,24.57202740750983
784.0893705820787,367.4878551550825,22.29401426797149,24.642766557510704
783.7492274920066,367.4128339222456,22.33064657848675,24.640724672598594
784.6306688377643,367.3924746560938,22.192206941170625,24.759087553046797
784.1491615526172,367.11336186633264,22.4464202419335,24.688185630127716
783.6376962733506,367.07087214654683,22.58395193572078,24.603861175656352
783.1065043331946,366.28349889691214,22.761089539177235,24.358974191039046
783.2560055954806,367.6062677603832,22.362149575640423,24.324192384507008
782.6127219891423,366.4713294868454,22.17693028929353,24.050474571231113
782.1844321747008,367.0461212279891,21.894128509485174,23.926731848220996
781.388047202191,365.71912912115795,21.801771196203774,23.734822202020045
780.9309303059352,366.96616893541767,21.781404158637343,23.92807472682088
780.804947481537,366.6977142410009,21.614165095519645,24.074481185966963
780.1968443628733,366.22555140271044,21.370143366538475,24.245888161375994
779.6458812416653,365.79212708485363,21.503937589911672,24.240765666718467
778.7923154212457,366.58548860778063,21.719804887489023,24.103902240005112
778.9515104872385,365.590729405777,21.59889400355046,24.152296681610053
777.5835860810146,365.8274850034466,22.226908953693552,24.115171594669235
776.825848163838,365.2046382098238,22.332640525351273,24.14789826296958
776.6952123605616,365.4053581467494,22.19603920709941,24.092359878376193
776.2544145930439,365.4120395872766,22.1606654428186,24.171434741462427
776.207378798585,365.2223238011802,22.18212808398246,24.157227702815383
775.7523555101491,364.92942099378706,22.34036649435023,24.168440727269676
775.2513165372582,364.10038001132233,22.47399809003452,24.061111315245952
774.180030683439,364.17539568693775,21.90533475128609,23.811119636866657
773.7801462889288,363.7791256638061,21.72569527614635,23.714552932641666
772.4504578335973,363.84729098620386,21.968614056926512,23.80818749780711
772.5384906179233,364.30039428324693,21.613540004387616,23.859553840732733
772.1107055709155,363.96075257739324,21.39104613355961,23.938930331053353
771.254900444547,363.4227772306852,21.239108107488033,23.83165348540694
770.5897740924775,363.939512060287,21.282449800884955,24.015240100617486
770.1946094226043,363.253871738542,21.341097316900573,24.183952689908224
769.3126029499756,362.8597912933785,21.661644075634662,24.297522515782
767.7613187439183,362.1235584014179,21.911810754350974,24.323462725972803
767.4297986672121,362.940943395609,21.849051347216417,24.418802906047592
767.2980980910941,362.39422124285716,22.028262130800133,24.26501668176615
767.3298192205327,361.94383634149267,22.047667467137725,24.03824589611626
766.903273278984,362.5054117839576,21.555307995254772,23.569086710405145
765.5984568265737,362.4289563857435,21.413971966969793,23.20858503124731
765.1542787438286,361.826050084579,20.919874214002938,23.025519764924084
765.3873600502902,362.18363727820673,20.509772392095226,23.006397928938142
764.5152774602589,362.48347423558585,20.317078441298683,22.896447219746285
763.1525238460252,361.6762925937368,20.394811927090206,22.90996516653034
763.3400353135037,361.92363835722824,20.54606462689885,23.002782794820842
761.5906605191412,361.7061311491937,21.49381171318231,22.967803619581332
761.0752711716937,361.8153592437533,21.909211074581542,23.033778887981704
759.5184633247515,360.9409716462832,22.36633262784091,23.197783880285183
758.6779183433964,361.1105455853637,22.674505415258054,23.291390518725713
757.1105612740367,361.420633569791,22.793831065207662,23.02461573395317
757.4889872510091,361.5712212815342,22.612533005305888,22.985098025310563
756.3569667728865,360.641670292345,21.976961534793332,23.13312517458735
755.9078512915247,361.111680851405,21.83230004146226,22.88400676642824
755.2346364115792,360.7633875041892,21.46097162264226,22.8098643959184
753.7984478426918,361.10292090674403,21.630391607097067,22.686095442371272
752.5828329127536,360.7587502354908,21.7816150582819,22.68225996603004
752.4467673369345,360.95348987435113,21.735287652791257,22.701540759110244
751.5731578159485,361.27827852977805,21.907357158630276,22.616935372084484
750.0278588445514,360.2747973349861,21.658180015975304,22.772327632273942
749.0367628450851,359.19056524493635,21.911154485611,22.923740115596082
749.2705013454248,360.1088770040153,21.430730402412102,22.342296956324795
748.4430947799136,360.2577091501247,21.308360000719603,21.869461765668603
748.0901480173544,361.7146956192766,20.98906126509598,21.11804833664211
746.8413804921929,361.8615876711186,20.861314027821297,20.619071667040078
745.5874963327997,360.3813509910138,21.15368928020134,20.761544233792783
744.7907447334339,360.9135551362429,21.14471445158912,20.666900652807147
745.1003912757933,361.8478808176684,20.826919779956263,20.044816062417112
743.9720693632594,362.5441646344905,20.828184881879594,19.49932484478849
742.9203685326527,361.19051457749424,20.817618647585327,19.566831562784913
744.106643081258,362.97553867592046,19.87547421346062,18.818446268764532
743.5255362387184,363.996468928458,18.6243578204149,17.555737680193413
743.6699561452642,363.59411247676,17.588424806639594,16.955764609468265
743.1754747276409,363.90886462641254,16.916552375772973,16.28745720957724
742.7569358680598,364.68434021617844,16.365293913294366,15.724604174576744
742.5816340162163,364.50890183481397,15.975548801063493,15.114924907032254
741.677814326664,364.88017104253606,15.589744881828247,14.789397752574384
741.5153867139667,364.9056090376271,15.423579904586287,14.59864825775368
740.7083698331205,365.085384353528,15.007324969989401,14.259647400121725
739.8302598768087,365.07716897959995,14.77347835429288,13.882714195341135
737.793212333128,363.8945434345473,14.942639512210661,13.936602065231618
737.0953880280636,364.450692677003,15.120163732691143,13.971241904294763
736.1935230481635,364.5562535633412,15.127613785264941,13.83016560280981
735.9416525569239,364.3252200536875,15.303046662275172,13.576995958298891
735.2423665149439,363.6792706663095,15.001507357074987,13.344053424461054
734.0056601392857,364.2173874760363,14.914312198235168,13.253030223708564
733.6528190530519,363.91872022611057,14.983046738866868,13.192363777515164
732.7535500720162,363.30953385479864,14.913149794932416,13.26777692541252
731.9136724136494,363.5811180020586,14.71043211972287,13.126971454378948
730.1725193758397,363.2751617453334,14.797329564971054,13.153861995173088
730.0717180274706,363.5590269434619,14.76689948583032,13.102946784462901
728.6689035114309,362.89609564111527,14.884975112147869,13.161086305660092
728.0530027757075,363.4100981288143,15.00024139682737,13.226037873230776
726.4846359404447,362.58933706457185,15.229695099090922,13.444788547858279
725.4864508711431,362.61261078653064,15.164969046288023,13.31798750286643
725.0035919688487,362.44528965335087,15.505808921189333,13.279075539489682
723.5473996588412,361.70423944373425,15.661746702825342,13.315413324445505
722.8040230099482,361.9229454933477,15.393556152955057,13.239466679320277
722.1038489903705,361.66775054847636,15.324044115206295,13.263223268281616
720.919068917868,361.37134769429105,15.654965191607687,13.434226455900312
719.9275271832413,360.9906646894186,15.68322993527519,13.608373227363906
718.870009789024,361.65101615434025,15.755082350662967,13.463813943760902
718.1025747280827,362.6510937426279,15.808324054576865,13.153485732517643
716.814886596025,362.2150566479422,15.845824189541851,12.751710434584332
717.3750008001542,362.1348125502214,15.810381242709157,12.830323782613815
715.3982770947962,362.042520725705,15.810150522321777,12.756412100836105
714.4486379651187,361.0357893015641,15.788717264342765,12.967590708395312
713.3689463307614,361.68503139695906,15.81029459433639,13.01582816677527
712.6630557087132,360.86586152791324,15.78631915508336,12.926163449300489
712.4238713967534,359.9520972534274,15.695058109813434,12.961432781963538
711.4469914999997,360.5420769536486,15.600428468506422,12.820421440603251
711.0097894149894,360.8144828910192,15.587087734962518,12.3917747269948
710.1110417187172,359.8234490011692,15.464996945866421,12.292276649761174
709.9361098228314,360.4442508062818,15.38110677035278,12.28771832762196
708.0557921384719,361.1837094342959,15.509387402743553,12.096333877990205
708.3407446341737,360.0719297089913,15.336592396691696,12.046059100083735
706.356285745541,359.504171687379,15.269213329474752,12.002509438962598
706.2246852239047,358.8427088238053,15.051102574651711,11.795703415621857
705.2178189317304,359.3958498806672,15.114887801822341,11.827227240618779
705.2508317642386,358.53762698519466,14.830276168788554,11.810106747384138
704.7368146472277,358.42299223341865,14.744315804421628,11.76860522432481
703.9514651969715,357.962458259978,14.38855825351796,11.706167922182713
702.9787652552554,358.70267568043863,14.408920752916938,11.462690631310263
702.2127116261398,358.2473968329026,14.07529391080623,11.27690814693893
702.0626865239882,358.146360808516,13.91013033947484,11.16279138345622
701.509657858956,357.3645562804577,13.659009935164336,11.279104296994799
700.4948635124206,356.92478020573685,13.260890956115837,11.343818037012651
699.5577187968807,357.5543788720374,13.201243314441728,11.450240363835364
698.8633974050093,356.8916011340079,13.109867482461723,11.491745852101424
698.3112856195636,356.942947430427,13.274302234993815,11.570587072739695
698.781528562909,357.1315570717394,13.193912326086217,11.697213004958725
697.7254308456929,357.02532193442295,13.184243441670798,11.776001028615049
696.6849919212208,356.7237606819418,13.22929365389626,11.871993864387814
695.9689248805795,356.28715445164346,13.308190583079234,11.908517329623251
694.9943150415268,356.774479606712,13.345087263137941,11.936972183060377
694.4782599266549,355.62265535562443,13.177238691612054,12.14288432659296
693.7318193165294,355.0420784477858,13.13557782812285,12.318827723569008
693.3257702182531,356.061413909507,13.24358209156996,12.350225159501603
692.6340052858376,355.1197137166986,13.193552538676384,12.279989375684844
692.0139068897066,355.5686947890046,13.057814730108294,12.165333352898974
691.1703514856994,354.95058990302476,12.907698670446877,12.23631714219271
690.4567139659695,355.01993703965036,12.934117691840438,12.297898290084088
690.4505305797718,355.2918038052576,13.143387692995544,12.361376825520008
689.4248268646301,354.4274926607988,13.313924304187172,12.429655944271573
688.4881675397447,354.70610493729157,13.483858554543806,12.568434351491097
688.6203294379053,353.843358505737,13.514284971845646,12.78732778833063
687.9119367857732,354.0168791897144,13.539277978746709,12.8919618354149
686.8978858487951,354.79551025870865,13.840390106608918,12.95514494889128
686.5002211835256,353.766469432946,13.665611404921584,12.895184608229084
685.3763582576669,353.0356705258564,13.631785895554897,12.982133374556764
685.0577947203008,353.1077841569878,13.30947083161523,13.00061439476468
684.2953477810845,353.1025596250846,13.03882866878796,13.060425641188163
684.3065585087091,352.56524154914695,12.874576769202811,12.975592188571309
684.1876531012493,352.6471582171164,12.779307292374325,12.886881685884433
683.0586201793659,352.6948078933142,12.938355039217328,13.078108059807136
682.0881736714205,353.4286121770754,13.248163612969527,13.016951671239818
680.9488539692588,352.4716702792202,13.363614082966635,13.308875780670972
680.8065556490355,351.65815517751,13.444982726587124,13.44198661153268
679.9847553141622,351.4412527117585,13.333876059908183,13.660055153875504
679.6871418206107,351.68042346952075,13.406302601454485,13.605583725020992
679.4870814578193,351.56356353665575,13.286193987437631,13.831567384696362
678.6223521963292,351.368875755876,13.31097874332795,14.10959193307228
678.2749267950408,351.7243191247012,13.382477495123567,13.879166316027327
677.5734147462588,351.1246314435608,13.351446264318382,13.632786673425228
676.9465831229224,352.0926938953818,13.34101038989737,13.397524654304815
676.9029598826979,352.1007227170251,13.371845127182338,13.176118042512213
676.4338459255332,351.776193962318,13.282008313728479,13.019797591721405
675.9025769173585,352.21041853709744,13.17471982250951,12.815826744164493
675.3972492091075,351.7914875440831,13.13299563085731,12.750227273894339
675.4714810186795,350.8330837095119,13.061638487543444,12.998593170575807
674.5512889705795,351.45759346078717,13.145053131839042,12.960183104060478
674.0745914640512,351.2053578371858,13.341661798460116,12.712655449896028
673.2826512881397,351.3552938513754,13.599602971816129,12.504004277229674
673.1217428674039,350.9147395227271,13.736723615778114,12.468418293412999
672.7701075086961,351.6768645927222,13.734241006777667,12.399932923930544
671.9860936764259,350.91415847332524,13.575771021171592,12.551672677372927
671.7340829651554,351.3089297391797,13.537071649034896,12.548320178623023
671.2026449144039,350.4545925309077,13.384516537158905,12.614931454297878
671.7557997804018,351.158305733963,13.164509753161154,12.587246716888394
670.8984506747494,350.78634791405574,13.222015734241479,12.498719119398334
670.348410685996,350.48088991559456,13.278810341875172,12.292591811877307
670.7511625277093,350.91519721216537,13.305562975587339,12.273063980210278
669.7189157321873,350.53485752950235,13.373806414043386,12.166502439774657
669.4249766376638,350.960200672642,13.48364962994589,12.241242636649602
668.8494303245809,351.10882472150064,13.560153480476814,12.005952851920611
668.5938452414944,351.00415112666076,13.607464088544521,11.94041295663946
668.1382410318746,351.43307690609083,13.54290727951253,11.927207851636739
667.9492019576936,351.6963752815726,13.49762651063823,11.76692503499936
667.1012379116617,350.8856986874073,13.619930945475547,11.735369898134671
667.5272243824475,351.57763457056706,13.537584621335533,11.405666832987016
666.1080586046712,351.5981885871298,13.737339669319567,11.280501945613382
666.2220785521147,352.5167763124192,13.879294891620322,10.927606127602928
665.3753060902211,352.59145788590126,14.183084566383934,10.762476836840108
664.5495713269288,352.05098155624563,14.541779892529085,10.93379204497947
665.1511188908019,351.8909521889019,14.333927837292798,10.596242747440353
664.6883393426243,351.74947196636055,14.256500025688808,10.675876013567958
665.0073953327772,351.0854490002892,14.17668806369376,10.853432138581715
664.1433095703725,350.7710124494274,14.232652709841023,10.980920505197943
664.4355569934456,351.941378991323,14.199053554612622,10.81593052443404
663.492707926791,352.2164178600898,14.1867490634102,10.780817844273557
663.0856055306919,351.69178407331094,14.367618742083083,10.698508879745248
663.78122739337,351.8417885643109,14.29422322229303,10.64901869657348
663.5125044349578,351.4367772594866,14.331314372271866,10.61862916632957
662.9254517753728,351.32596425825807,14.251513441441753,10.665072826257271
662.0889825574696,350.6625111018909,14.117757846486558,10.818879621169323
662.8442725165971,350.6796137964624,14.018097117684732,10.594053809663126
662.6574089057734,351.7706620515347,14.225591276587824,10.453384911823136
661.6609728134413,352.25907862972576,14.300170461984573,10.255100949776992
661.9322817919052,351.52038622770476,14.425185561697461,10.356127721592392
661.2717006388053,351.43787804238843,14.200087034156855,10.224768817566915
661.9051478466478,351.1902950288108,14.102111228091292,10.17366256689017
661.3209302910958,350.72087738474465,13.68097724739832,10.372335959270405
660.622774129518,350.31532595270176,13.583816517575388,10.505525157584735
659.9861023986182,350.4496377271009,13.61892832043939,10.560979214987658
659.9477053701111,350.67672851394576,13.51571444288324,10.626702731629964
658.9071162453256,349.9200776081877,13.657187797434645,10.903382686456716
660.6656067832434,349.8748765535822,13.2255643876146,10.97271622266959
660.3474312924468,350.1959766070727,13.088245172674828,10.980319277309697
658.7230283359819,349.4420700402005,13.39120452798743,11.117992335370458
658.0916721203488,349.3150896396711,13.734937314478112,11.301564342483989
658.7706803833855,349.21683381217827,13.675600140211289,11.554228341219646
657.9151609392286,349.0587166557708,13.743729024863196,11.66153168479624
658.7374960649089,349.1643875412044,13.53310647247702,11.624475802601006
657.7991259496667,349.0945264094316,13.644336143879425,11.632285834701243
657.9601751112596,348.67551910882503,13.688696713515927,11.701402425660472
658.5348536099144,348.1495363068755,13.734221155415375,11.723525652850562
658.8807347403698,348.72752129118555,13.686028840793526,11.87585951723824
658.4358083054898,348.82340335546405,13.73425649693064,11.971151357919524
657.7473665589621,349.2512357012167,13.731341100825869,12.00056509659013
657.6992404237506,348.30802940108106,13.844961687899362,12.209128880943304
657.0458272843202,348.8714623847356,13.758038729699319,12.329512516905819
657.6743370804593,348.7078855996373,13.761337893524797,12.230659769963719
657.5389815659823,348.70365286943985,13.839727145135,12.261464097546067
657.2781924295995,348.3441208932575,13.931278409844136,12.238275700057269
657.0626507687629,349.0155775634787,14.0574339055896,12.395316583247734
656.718389311474,348.70512661067943,13.946159762061786,12.467397993240805
656.3008268148853,348.44622453100664,13.842464869985228,12.41666348681488
656.580858778007,348.1304704917838,13.725867130265136,12.404079005446032
656.4820366111277,348.87813359435194,13.656982380772039,12.259617210710134
656.2183600684214,348.34637172885544,13.471647020139798,12.111703716361358
656.9757208317769,348.7699381800272,13.268548113057541,11.906031232719045
655.772414354777,348.4450096804559,13.312932673502674,11.754756029713196
656.273476339775,349.1260295012761,13.265329882705839,11.710152606334582
656.3238517095308,349.2303912861999,13.452546825079057,11.449488118518214
655.157641912124,349.2162185180747,13.46972746725611,11.319119360334938
656.1488712007241,349.5816720691612,13.485479797038131,11.180825478376805
655.7822091968537,348.81963431091214,13.581093233489867,11.153768792726563
655.3377602488125,348.7016343072702,13.620404642755904,11.098497590293638
654.742517822145,348.5538314934343,13.597659363034227,11.102843452340363
654.928803893345,348.22744377362596,13.655377442802118,11.210792384388721
655.5990803463112,349.10976289662847,13.606469586918509,11.33394481831537
655.1107116613837,349.09485952031235,13.682900255113527,11.252183120019776
655.8771655620019,348.96812006594513,13.580503928486506,11.191678111517962
655.2162188004536,348.6545389879265,13.634296713057648,11.177364590064943
654.4673029829014,348.5523886603332,13.723898520281114,11.139832512097307
655.2920010809394,348.8069354255981,13.734093999010021,11.112622984253006
654.7521673723091,349.05685370188985,13.701079073741182,11.010880608915667
655.5264461783231,349.3352806566728,13.689428657758068,10.995458126351608
654.7287741015266,349.485428818763,13.71693986457366,10.984769803880242
655.4678719525391,349.6098547390209,13.615285300244052,10.848253168442636
655.5406718805577,350.30461405883415,13.769493946404062,10.595109956062197
655.5461080090097,349.43157406536574,13.741325852097777,10.647361360235315
656.1892228186362,348.7017008688922,13.644648539973808,10.955362910653053
655.1943278595824,349.2462700079607,13.7025079160893,10.918646202340343
655.5045576476176,348.34990137503627,13.627813263114481,11.369495040454797
655.96725787043,347.894525357109,13.589432928573515,11.43694339588941
656.0845546589629,348.3476023496268,13.80577471527719,11.364232098842106
656.3275884087334,348.85702551943604,13.947427094886777,11.272013872016567
656.6367594129334,348.9880408041244,14.040079806945592,11.339222194241362
655.6141790640288,348.1890994964182,14.028748652948344,11.357534039390258
655.6396356279861,348.44256043351186,14.020659316537497,11.439971448650056
656.0975479913926,349.07931908453287,13.940886530642402,11.281345198854236
656.515978935698,348.26356617257414,14.103894942324821,11.474198984197399
656.6276029157206,347.7125004265202,14.17713288315846,11.607656770250593
656.9583617124524,347.44325063209385,14.101873224265113,12.013862657931455
656.0988979931709,347.8388784913825,14.248496890855524,12.419121068992826
656.5349988841202,346.83192458539565,14.581937809152121,12.764651958359076
657.2666659893925,347.3273119995818,14.540337454808562,12.99102114243793
657.2416697733152,346.66047030950546,14.309522391846361,13.23160302112586
657.4666816382982,345.81563118050116,14.383081120376433,13.303655088948831
658.2428182220403,346.8259631475342,14.393594055186952,13.048032506201091
658.0821064171915,347.3733538988567,14.44002376840002,13.053093075089308
658.0035197956021,346.6572391858686,14.502775624860265,12.968770529629946
658.3396875607592,346.8031247466052,14.402751495913124,13.12969334736584
657.8807473697159,345.83869689370573,14.425345317941293,13.497407085391266
658.376656497913,346.78728161385214,14.185976097191489,13.252913273760598
660.0841889372508,347.4903054807033,13.772685052744446,13.237704163105175
659.4943076765474,346.6109001185048,13.529431979668995,13.345800013234584
659.580186819012,346.11514474650227,13.481674244055935,13.192802395423184
660.4597747233272,347.00530730704406,13.228666800904202,12.941903849046668
660.9353857024627,347.346502727939,13.092290881451536,12.6646681891415
661.6803584957108,347.40551213580034,13.096752948763918,12.447551167852474
660.748919094529,347.45094574189903,13.234572241850152,12.556772456631668
661.6582176184271,347.6114334988421,13.155034642296297,12.56389905456199
661.3387699593907,347.20281803275077,13.260757352947092,12.646068341236798
662.3038298485944,346.4496308628396,13.239088654861849,12.777976738676266
662.8993012754039,346.40332910988275,13.294762164768388,12.76858668379899
662.0123015910675,346.76038449757806,13.14352959984739,13.045419817099772
662.641838974088,346.84215563892906,13.344583617986036,13.326545350559876
662.2861516936305,346.5284383575378,13.573032763862063,13.464508477795501
663.2199954534849,346.7323683690342,13.419956297620072,13.475834093230425
663.9109168852515,346.1018810825868,13.471886474858465,13.282607921496425
664.6429860379138,346.8897609537588,13.567757172219128,13.406791721632807
663.9624217195084,346.4517142013284,13.694041601266555,13.420893344169407
664.7729558253822,346.861535760666,13.670984406364516,13.432930523345675
664.5620838432556,346.0005748785501,13.575611823987057,13.500383751200658
665.4146825517205,345.83192828290294,13.430469186109768,13.687107026723464
665.4651211595639,345.64173601799325,13.473638753870357,13.798486734765444
666.4114267947763,345.4329666371425,13.330329393845998,13.757022047980623
666.7647994896605,346.2425206249483,13.473761768969936,13.638699900005664
666.0386438768576,345.60139176767683,13.138494411812104,13.615884830124878
666.8357710036256,345.4650840759812,13.086362045483252,13.357048034561007
667.7909594796428,345.90194735954003,12.97199797186677,12.97420052628129
667.8024626923064,345.7218009473022,12.8192384337464,12.871770572436613
667.8016294357948,345.45954110203564,12.89189646288304,12.761448344024458
668.4248507082813,346.62006547026016,12.774322020937358,12.708572825348792
668.4388557436448,346.586276899977,12.841572570327571,12.435161806735485
668.7850643511654,346.4251665379745,12.738568044495516,12.418603081277483
669.6273070376814,345.8100567548261,12.5188653863073,12.413379532339942
669.903116338776,345.30847806757555,12.630962146666679,12.466028789165257
669.473474441287,344.86622025515356,12.727165344721085,12.568275889839374
670.1858340911009,345.65439467140123,12.71302954118691,12.576338678437748
669.4897141650124,345.26532054636505,12.719218215385323,12.602003560590179
670.2186568766983,344.8011144027994,12.560035032003686,12.487981155338773
671.211899011006,345.3792776577018,12.531711163778942,12.478627301783998
671.4180246329831,344.7207315487741,12.52299767006885,12.442829504990831
671.2654779084172,345.4507118065704,12.507866357237859,12.437176545550683
671.3833303541625,345.0828229098347,12.403387051684804,12.342826622957547
671.9259328312944,344.39250824880673,12.296632872567425,12.364096203802493
671.9332715355495,344.9182985390742,12.151580555609986,12.421100980933563
672.0055428869979,344.21821673763316,12.097457622000288,12.557951290358641
672.0301842486214,344.4833840846383,12.332274477610738,12.557966327793725
672.1331486326594,344.78422954539616,12.423766211243624,12.648082199490844
672.6326958178034,344.13755746218146,12.62252111463722,12.743474095412427
672.3553802233552,343.89243032662216,12.932698873358126,12.636857944167811
673.0205621153067,344.05280818258893,12.81142627597838,12.674821104304508
673.166585870178,344.68992170039775,12.912796124634191,12.56293614022012
672.429312666693,344.0677210325267,13.060529787463498,12.446455670542228
673.623450808805,343.7630236948145,12.984921349919135,12.50215085255851
673.6075381308639,344.2496743018945,12.92055911424877,12.412547148164114
673.6850687387189,344.49502562937124,12.971804356058273,12.359634410202819
673.8947706404011,343.7695087105186,13.057432138387284,12.274031895369005
674.3545397954533,343.979285919274,13.018711241612912,12.18032510359071
673.95659300494,344.3566063015463,13.060702387336786,12.07619703435848
674.8440046102885,344.66447250137014,12.964101832889712,12.09078613739649
674.7577245364373,343.82835502585425,13.065895531617645,12.078813172168411
675.1529568192307,343.90775775106164,12.966642666470342,11.949480072827898
675.1764556140729,344.2112847508219,12.870160823856224,11.90112282013353
675.0832496153924,343.4838872981733,12.876511480885027,11.947817597257004
675.0887269314784,343.80085459328694,12.82843984431861,11.948721111277644
675.1963453584598,344.2942891959591,12.832281054320623,11.842902015796684
675.4169432264309,343.6132148690371,12.768503836444665,11.8498222455684
675.7277798590808,343.95106120961765,12.743594181984925,11.853302080276404
675.1357511851852,344.25235567975176,12.715115671621858,11.934909612176128
675.1931511062231,343.2669620697841,12.772583743364226,12.040256463459166
675.2670131524144,343.0528103330653,12.899540742290457,12.060887054816675
675.8698068385921,342.7336611047407,12.684660767395819,12.009038111563523
675.5819512354669,343.53993156022426,12.626743128431382,11.957887123692132
676.276844095476,343.4492412136444,12.523769237026531,12.047299280474835
676.109846459394,343.374938746965,12.498984601963901,12.064247567105216
675.7884845359356,343.1595223910515,12.589603498929538,11.966550158082553
675.727330394282,342.61705777343656,12.658353432627386,11.912418419191383
675.7630650973696,343.09979576954294,12.559425835534343,11.970894911109449
675.5905144296953,342.7352758067443,12.587380869613314,11.93573271878678
676.5627859021671,343.16789050066325,12.499866885851333,11.979671574357091
675.8164650217632,343.1448190038656,12.597580668143596,11.996563469319586
675.6341447990774,342.58791290772973,12.66778751976506,12.135060567597126
676.269321044078,342.87557182672094,12.72864611985182,12.20520858044479
676.161516567655,343.08435258634404,12.73167343817643,12.24799709781976
675.9587457489605,342.43262107170995,12.807453570438337,12.363899091931671
676.1417288283315,342.28162200811715,12.919453720290274,12.308112947877065
675.325093951617,342.9112922619506,12.885529107264194,12.329022989526475
675.4975330494927,342.6635840749585,12.879190035047685,12.307799654038082
675.702790325337,342.1685660562307,12.769590247763627,12.275138242763209
675.8823537149875,342.80131370385453,12.744798795610992,12.215888369878808
675.454237611477,342.67166835715125,12.629915890327357,12.077313767875182
676.0845002189152,342.4090816208926,12.46371288004067,12.069177303869122
675.3973667105772,342.1741696438061,12.556306465320224,12.082660468247076
675.7145716579938,341.992034707187,12.615706079764298,12.023125104669042
675.0055068497801,341.3274376049443,12.623515414209455,12.030423709789128
675.7413774358104,342.1244962028001,12.407030894980817,11.995396174722067
675.3486862091263,342.25556172559965,12.542404193075622,11.947860923800736
674.8345191306267,342.47471677821943,12.6164117204359,11.927984961627601
674.8640227324809,341.9675418672846,12.602746008427015,11.977174413624153
674.9764395006555,342.61993627566034,12.59186358291755,11.984267615915686
674.8892467987924,342.0803844948763,12.507433221262708,11.989991660882245
675.2275558209474,342.02088106836476,12.352742056835675,11.938817239491195
675.2641578721006,341.7826684701317,12.37189940472468,11.887803318525682
674.8223022479926,341.73632789829696,12.727961727159212,11.746613002234145
674.134186263413,341.4321939460228,12.957732209502092,11.734378434858762
674.7283036603977,341.8535014297818,12.738800546636261,11.670873422174704
674.1997808221739,341.30803349851743,12.645772217956855,11.591433460728803
673.6278201581362,341.7710178489728,12.52700967762426,11.531103492728239
674.1680936149716,341.2972090840598,12.374529017615519,11.499640822358929
673.6627547952895,341.10877182703854,12.41765828661823,11.476914353735422
673.8596599620463,341.92194255252383,12.476797477030491,11.448385555352715
672.7477288303891,341.7459246271151,12.453513133899698,11.472143818279662
673.4471686560652,341.72245778769366,12.265326841922299,11.45974369585296
672.8378322188804,341.43300271468013,12.376734243879785,11.476253024008827
672.2533687903068,341.13072000965053,12.467181334181337,11.51555659324773
672.2864325973834,341.9469434602675,12.495593362362225,11.500011089718914
672.2972669313333,341.5122998213159,12.336919842167465,11.624349026801825
671.6993961418963,341.07094999019097,12.42259977553364,11.733412824793794
671.453352059877,341.12691151730354,12.38528425304876,11.765612847961224
670.8506359025985,341.32305278851186,12.541232314676128,11.746865461794602
671.0833619084789,341.28601795732357,12.531548888120458,11.825276249659465
670.7807785118139,341.12529202233475,12.499256880180914,11.88230474927585
670.2461873717899,341.10850828149046,12.505897198558749,11.813108101325687
670.1971577372836,341.07371504427715,12.533567673626013,11.818954799140975
669.8278384370982,340.7905174958912,12.658478704416824,11.830441143471507
669.0854944116699,340.5225946806898,12.600457404687639,11.851630706979817
669.1745196896239,341.2722236367691,12.517129596582107,11.781507163717606
668.7464601390159,340.97277226376184,12.593921305220285,11.690792752749788
668.1517490261629,340.55952663167307,12.442153192791444,11.750800710042569
668.1354860526659,340.98814810865605,12.402123597793244,11.881934373508251
667.9211523042549,340.43539955955,12.317988970591848,12.044938032999642
666.9716867518871,340.4498005234971,12.342873749643843,12.20267098669712
666.1480022708618,339.93341380759506,12.3166930595949,12.277978293012973
665.9856873759549,339.42243483232187,12.402221439496572,12.265226313139465
665.3960490750904,339.7938880212637,12.51438607223129,12.383941791945249
664.9852120740692,340.034447171634,12.748024490777755,12.441859288323869
664.7749252212041,339.5923126067892,12.923999807836063,12.685598785445041
663.8919056003891,339.701442372278,13.023489366848601,12.710068441479148
663.5596166955277,339.0252565212238,12.997324683895922,12.668111072542636
663.1050483490833,338.98631071120974,12.946103710769055,12.726620215764074
662.9107491268791,339.50521673097774,13.029095313136391,12.520053598591442
662.2142585277882,339.42320450834126,13.07661371224598,12.46515638248738
661.4900688145291,339.2342486109053,13.255931096527704,12.529679352896443
660.7157449649397,338.8144169385511,13.086107268606824,12.634551895602797
660.2974954562037,338.24374688275407,12.986754235297601,12.77945111974573
659.4954098276347,338.37880671137907,13.331655778080124,13.000977275484049
658.7117644121292,337.84259503731005,13.713113631796269,13.2750226328994
658.0599767635584,338.0586968630417,13.962123499250229,13.289115673330702
657.7118039450518,337.5663475711067,14.175986226107483,13.597106035765098
656.9889646896338,337.49508351757,14.506193850712862,13.765749560319016
656.7354864714443,338.3381634572043,14.590977740705078,13.633617238423458
655.85660538632,337.5318952062405,14.777393627994757,14.002169517938878
654.9873825862938,337.4239298002379,14.915936121357586,14.16264607579376
655.9648903654906,336.77413141926013,14.37335800192893,14.206188913188672
655.1924292339759,337.38558431612637,13.969397208317677,14.146655159251171
655.1005738741713,338.15242517438566,13.986069964059668,14.169053307234515
654.3753886344666,337.667952962234,13.74134919591049,13.721409901948002
653.9634318865811,336.93355576878105,13.512154476349409,13.445750858678167
653.2296197560421,337.1883495738961,13.629024953247797,13.389356912998725
652.9733196342072,336.9236931148367,13.568638594134534,13.449523102602043
652.4556521769209,336.52519234718693,13.205440641275255,13.465575998985555
651.4377294695975,337.2342825063516,13.299258010267998,13.291032765617144
650.5992855604808,337.8484251176396,13.355300033823644,13.062156264965001
651.414456964932,338.09530520291116,13.113655802801967,12.89472055731241
649.734194070372,337.3416622778629,13.497325360232395,12.873991270690226
649.0153385528566,337.3662091206168,13.869049761962408,12.872119722633608
648.4138337911473,337.8314562342867,14.215041768291286,12.846979041436358
647.381125977189,337.315149069644,14.214329619108408,13.012650011346715
646.8960282688687,336.85244750687923,14.489933513532085,13.341686254552052
646.3421113077796,336.27592306621625,14.11639460245838,13.556067838514803
645.7032961291594,335.78047164422946,14.043889156476045,13.523014383660188
644.9545676706322,336.01925041756334,14.176119327925013,13.570557545000296
644.2771471531748,335.95909855668845,13.903721135544789,13.737927001613397
644.0099247688222,336.0750967816945,13.536894084181672,13.751024850917549
643.6985005502743,336.3764265935942,13.42125527762521,13.450435844793983
643.9499569915437,335.81586951120437,12.926677508611881,13.2325035313022
643.8948592430435,336.65830650574014,12.616665028317453,13.129340357660345
643.2788566459185,336.2528754228742,12.303832270907186,12.815683175247738
642.9763368745166,335.6212042562434,12.025899096425817,12.752502681360802
642.903279993962,336.4765860365807,12.2660642186191,12.74789680501236
642.2186685365749,335.85862471346644,12.164633599457607,12.719979729561228
640.8393249256238,334.9948367029198,12.227119496896961,12.801964014814608
639.9220088439566,336.1435731594591,12.118647869947972,12.60103727483177
640.8507564105263,335.75566580974817,11.813852779533315,12.245744643931431
639.692948824245,335.7001727432256,11.567837703072353,12.213862734984367
639.1132400273601,336.2421297274151,11.313414049283725,12.036709936038907
637.6263280108349,335.670375085028,11.309752425595837,12.153062390979088
638.3584910114146,335.68256001497673,10.962530001096713,11.908618831130553
637.6147603147181,335.9861035426573,10.870313812702616,11.867239936169788
636.4490295315204,336.07838851550065,10.766766376412313,11.633162849369835
635.4349612773736,335.3112992875241,11.092254721864146,11.706186367578798
636.1688756691167,334.68961991773523,11.251962712059486,11.718603334695576
634.5248575770842,334.7868512835755,11.470628626349146,11.668221718737604
633.9184931457127,334.438084396106,11.445076239092343,11.59537356618643
633.5328804864743,334.4882378124932,11.490189191846342,11.789713950208935
632.7107458944674,334.7725057092377,11.304487062383501,11.811102015362524
632.2882534106686,334.26971955101993,11.092049392041648,11.72556791700315
631.374300451696,333.34684775717943,11.07626253044606,12.080459148727078
630.4627634740045,333.293541584675,10.897524504627722,12.615286520591455
629.4073188527456,332.82786763255365,11.102575734450339,12.928256739287214
629.4550826487025,332.7090411422231,11.068739426716178,13.018303823952206
628.5154523713903,332.7785106162898,11.36459925502212,13.182461647059071
627.5954574987697,331.9423578240268,11.807280650653915,13.210815815569518
