874.0,220.0,47.0,36.0
875.0775879444108,220.16320364562648,47.209814345553426,35.86988177124704
875.9701867081476,221.33997189608286,47.12952709640005,35.409075983224895
878.0797970126091,223.94896864622277,46.75855783025052,34.60020113528885
882.8479597800178,227.85089439930297,46.33716149465188,34.305352314675325
884.714721343082,231.6844914637073,46.10153265563291,33.548039777663504
887.2176346255809,234.55333595222538,46.4854765984476,32.75490036117425
890.5252835763091,236.70726810160565,46.239365098358356,32.37669304483558
893.6695204396143,238.15499342859505,46.11702906706055,32.11780855296615
894.9204310799385,238.02215894635,45.50885402664645,32.13514072546404
898.8896241280087,240.99451807399143,44.862719517420075,31.429588729946847
901.2020777091801,242.39957968245864,44.385517433202224,30.89420001008274
905.8389151033504,244.30853186163358,43.728679192713294,30.572465695678172
908.1235472206824,245.78308028220957,43.560568522502386,30.097077960971507
912.2238474631173,250.34274530538917,43.95614418509358,29.831416127502926
917.8918100793605,252.0687076100325,43.25245161862256,29.536061952786557
922.7250893620064,256.8324147324978,42.569398302354365,28.526134280121585
927.1557206134639,258.2472127885752,41.70401592639256,28.306538778318306
929.0393251191404,259.46840252517666,41.545571563477154,27.876869876404506
936.4192758877027,261.98827294144934,39.85247300486806,27.292161392491977
941.0864125979671,263.97914436962947,38.86402477965176,26.779366900389537
943.7660649842537,266.3532433638993,38.65947464575046,26.29362008372476
948.9497538248914,269.5650458921219,37.92136942541248,25.750325085873484
954.0396839312269,271.2481814421196,37.073860897311704,25.508352081581204
957.0238758511622,271.57814805108666,36.99980994318341,25.353782328002474
959.8864214230179,271.44386455143405,36.507949390292524,25.127331321936637
964.3065587939033,269.337695830879,35.57046090340445,25.460297119980275
967.6783773451133,269.2801603139302,35.398357004109414,25.674351918526312
972.5584933771781,272.1417065319867,35.05653619486245,24.75653444579223
977.6635004085349,274.19285305620616,34.17202262043022,24.1307123446189
982.408561659367,278.0376672098867,33.81945810216431,23.521398673488278
987.9574239049866,280.00674646941553,33.57029775887432,23.314983013317423
992.6602666897398,283.24323326646413,33.428482428625856,23.624556416290485
997.1690013230688,286.3622664932849,33.300180947612496,23.521995638918447
999.7688067141381,287.6157140802872,33.3693079584426,23.675516114327916
1001.9211627358368,289.0415939497177,33.825353361334166,23.2674132968536
1005.5894988214166,290.25072932536546,33.62954270140517,22.817808622218344
1009.7554672265078,291.10164869074123,33.96256103038284,22.37604069224805
1012.0744689556445,292.8672510686198,34.3675110633203,21.306490599576858
1015.2500984782799,290.7958295906809,35.149201847151126,21.734772093052225
1019.0290109155077,291.1034819831629,35.9919735913479,21.903914024396876
1021.938984991171,290.2285629715931,37.02320647029476,22.05706473064197
1025.906647285256,289.9661493608393,38.328192551069876,22.108938155762726
1031.0666802354185,290.7125994532279,39.661126528674565,22.087320929970033
1035.5037299082355,291.22603472970604,40.81890279339232,21.83211022808789
1039.5162032201397,292.4840049211494,41.82409227798239,21.214698897935566
1043.5694156521804,292.12164732305826,43.367203546713334,20.923468659547517
1047.541385819001,292.1857266918419,44.80419888201742,20.752158066511484
1052.0529943930119,291.3692243067747,45.63878507872235,20.817642695044384
1054.3906241692714,292.0040997212941,45.40119337288276,20.594537984169662
1060.4287538103556,292.1668853167171,44.471891488175615,20.42471325328451
1065.0651663997405,292.15831880570033,44.35745253987422,20.363812828052453
1068.6736455352593,293.23897354317864,44.00240222782139,20.20521941754891
1070.2442459439249,292.6374221668297,42.89960778256024,20.34400637434843
1073.7675355211052,293.80916035488167,39.87053045925454,19.964473479689794
1077.454609713905,293.7293746473009,37.76744683195579,19.692984103835688
1080.4615351678676,292.59161302852226,35.62668094600291,19.886788896568792
1079.8053003464422,293.0219075510542,32.455889480455596,20.006432090274405
1081.9193528716514,293.4120632184933,28.866502081404143,20.01357345315013
1084.5733424164441,293.49620260061033,26.11018162218971,20.030856822705086
1085.808832440639,293.48524722727444,24.221286229562,19.970179373576084
1087.4652015508618,294.66667190617494,22.922570836264633,19.874694517728216
1088.4545598511936,295.2125440748588,22.589423083257525,19.52475621063404
1088.4339103830125,295.51630869404937,22.28245541805687,19.18173045125678
1088.9791546769704,295.985495019388,22.019038973695633,18.93722834501311
1089.7172092483847,295.8761086402846,21.845458212214723,18.74835492402068
1090.4764590814682,295.8042168282077,21.729050526028328,18.641741819658833
1091.866913998429,296.54863340753934,21.53864057003628,18.78791842662049
1090.905464872127,295.8885136370413,21.112532169808482,18.743610238124447
1092.1010704378978,296.67399049942253,20.99773400213408,18.403476215510352
1091.1610816801392,295.94533027093814,20.83497927888174,18.459566814080766
1092.1312085357847,297.5003333223004,20.760562664758694,18.12867448088752
1092.2119548599862,296.26082913692096,20.80073017260554,18.299890188072176
1091.9078430354843,296.52561828362786,20.722857630203272,18.511698308232518
1092.7754151557056,296.08735628371454,21.202877574331225,18.481743426223268
1091.5181839989418,295.28595888163943,21.293786421061547,18.720867881252442
1092.2630844387813,295.6025610861538,21.72249597839424,18.832269490290017
1090.9152955313086,295.46285065175135,21.746030946660007,18.620929555872284
1091.2407231103737,295.34690304370406,21.6411886669479,18.59709509667386
1091.091308694287,295.53786908861593,21.822410382422056,18.54688145167443
1090.7268031993754,295.96467236234434,22.04968949968673,18.54540960880742
1090.9580268646062,295.0332914864697,22.06201176151022,18.855353062216892
1091.1319718929171,295.6151778946255,22.171786194634663,18.83036656182324
1089.4489252354826,295.52525879740284,22.623771233136278,18.67779203654193
1090.516485827426,296.1680774686121,22.388170923272785,18.552341461701523
1090.2124870375285,296.2709268148402,22.665663131974263,18.48598603096417
1088.5237847746146,295.8269059615104,23.318015777919243,18.571728238111923
1089.7701546943445,296.0448025150375,23.44369940037347,18.73546821211258
1091.0855933353407,296.8471701454228,23.592324987033237,18.91060966032628
1089.4956176888215,296.9938138003775,24.42847287430999,18.756833458815287
1089.3251358827026,297.34576618373916,24.98484481174318,18.529010540236534
1089.431465562397,296.8515488138073,25.183684475791814,18.28135366633073
1088.5947420038074,297.39125787368744,25.847015015822706,18.199394958191576
1087.231266645134,297.4309599519644,26.615500156997562,18.294826006715756
1086.5361985213472,297.2696233336628,28.70107860427818,18.467093359529866
1084.8445552886324,296.628722968309,30.49693220837989,18.505356187405532
1082.592146116846,297.74586602529433,31.980159365429316,18.662137578317555
1081.38595362167,296.5607959722647,33.07072886505808,18.886533360646318
1080.5631385822417,296.30730054599917,34.059475704168975,19.1644287541931
1078.0011167492785,296.99129946112373,35.14634133054446,19.580946304803284
1077.3287462577669,296.4479229753578,36.140641334564165,20.151929317839034
1075.2798162129181,295.90601342960736,36.737730855413844,20.438774227211113
1073.1942581308563,296.91297383692023,37.1961013530336,20.401827899890026
1072.78074507367,296.30550535403853,38.260790736449174,20.572354160087052
1072.397964991526,296.3428501893091,39.729308054057626,20.81135467509276
1070.7711223155516,296.00314685715375,41.00894097680717,20.764610826708083
1068.6478780037655,296.5580078334593,41.85387167801595,20.434162860913393
1066.7677276647255,296.4171773150561,42.86659087416227,20.419902572036268
1066.674518397321,295.8875138006006,43.94287146951806,20.645580919306667
1065.2044079304028,296.639623410424,45.11282873147965,20.536167607862915
1063.51889243555,296.24438518447437,45.9381138715759,20.667815324410654
1062.2282430972589,295.89679336961484,46.90462067804093,20.784645072293706
1059.7886040430326,296.3347731811431,47.73726792711824,20.829385522479487
1058.600340000366,295.870775916483,48.730190055420486,20.653864426799647
1057.3853129148026,295.7080947715547,49.20106148728948,20.737695344585834
1056.7162647888385,295.33976705247846,49.575855126912536,20.645890089379066
1055.5455788891306,295.2928998101668,50.07109655523475,20.698731019314884
1053.8021137951441,294.5628228461712,50.43304200199697,20.76230901957167
1051.4747960261795,295.0100722652185,50.40464836512139,20.609723023273887
1053.031584051835,294.4076496272485,51.13734001400594,20.51276471034677
1050.3982387963438,293.582366868193,50.7874533765507,20.71688857806717
1049.6342811827567,292.963521671528,50.437118481654686,20.941944694053355
1049.925140281339,293.4555131533375,49.72429676886475,20.842391662074945
1049.544806456479,293.18750268700956,49.40790753381975,21.00762402051209
1049.5719360186565,292.4077009177178,48.902537569620534,21.28088112354872
1048.1709391063025,292.50920033252623,48.25497695096929,21.310884002916282
1049.097912754446,292.65359636323586,48.020948477924236,21.25736721005173
1048.067642811307,292.569410394202,47.771872275335056,21.07616029069753
1048.8716924352714,292.4483234991703,47.39573713873451,21.091939427440675
1047.1688973738708,293.12025151500785,47.06132176837158,20.957357687757778
1048.2965081860648,292.71517567825003,47.065835251405474,21.163780113226466
1048.6760813861968,292.284685116025,47.14923340680576,21.22201160388746
1048.4415195348981,292.23960845443116,47.24881975588727,21.179581308911104
1047.7625177324942,292.0438385586439,47.16683617807791,21.30184924989965
1048.2685965978712,291.6921073082068,47.089767558651914,21.3710954421802
1047.2297259535567,292.5654299194783,47.12759185509344,20.993285668855965
1048.0688912970018,291.9593090496294,47.261944273672306,21.181815250350624
1047.7049569558887,292.38195965592394,47.25230990414065,20.94537023893338
1047.8034843389712,292.6257425175091,46.9350311389522,21.083460643692828
1048.0572395758868,291.47511346083587,46.926299961996165,21.477721076375147
1047.960169281053,291.70250925340633,46.429293701077555,21.51137858791393
1048.671576317463,291.42059234092227,46.15824354427336,21.570512705850746
