976.0,390.0,48.0,55.0
977.1310362354211,390.93718061562197,47.617306801618724,55.176175878131104
980.1100814835293,391.3932195550375,47.690466305402325,54.87286264773753
982.4125540830078,392.1395722133575,47.815516833984525,54.7653502021912
983.8728943740803,392.3331337544456,47.583572213753534,54.56574237880412
985.8389575347762,391.9245636978255,47.719790008572645,54.26734294126306
988.6517387427548,392.9927734976675,47.779179374841924,54.12597949392287
990.7461909579749,393.056471597565,47.546009197331344,54.08787772772156
992.7592397735721,393.61165449965785,47.42167548215265,54.13017610810623
994.4440546116604,394.6347251792024,47.62017629914011,54.181248494134294
998.6157993328768,395.106060555125,47.5774833654965,54.05560960264066
1000.8910797607857,394.9897168595097,47.47411184073331,53.87077074875405
1002.3334413439306,395.89579911080193,47.6370723902637,53.93099699323993
1003.292244107817,395.9910922602328,47.582809147647225,53.847023853557815
1007.9118607401768,395.997790387308,47.33059065343528,53.626642125774616
1008.3812384135439,395.9734902149361,47.61357602935745,53.59815506817468
1009.890200977023,395.93297263130296,47.75658535064136,53.22472246200341
1012.8016111655285,396.48682982057943,47.629016438474245,52.9990729027865
1016.1704916136134,396.6861584518998,47.48627202179651,52.979077749520656
1016.2109682661952,396.89075551751387,47.82698009358617,52.807050976691045
1018.8044735205411,396.0811280015029,47.92123484368343,52.59517502726761
1023.1573286927414,395.8950825815462,47.37496358619673,52.57554223436854
1021.6089210628465,396.22006478141645,48.3636855842679,52.57120771744058
1023.9572720961804,396.33538688333573,48.90926257033445,52.54170487102387
1028.711184978674,394.9740775806398,48.74128055534728,52.66468358383764
1025.398192395599,395.24528422114474,50.87826730841171,52.856218056733894
1026.1939400689716,394.95570440385757,53.02824229858035,52.905058477441095
1024.6854710745006,393.48345089421093,56.270842518967626,53.07638739614839
1026.333355846296,393.0256133551753,58.086919899204894,53.085598851172804
1027.0611113218986,392.03921440896454,59.79452540307791,53.43733351117243
1030.3642971323409,391.36936071576395,60.38462595016219,53.30757373448769
1032.1801664756633,390.7130977143548,60.88249541781376,53.48751611914206
1035.9149590532174,391.03566165333336,60.21875743067427,53.710933773411426
1038.5061649766626,390.20305926875193,59.75936804472161,53.80002770273052
1041.866406738412,388.348484709383,59.482167602277606,53.68991717791365
1044.1985156563733,388.34580312833407,59.0448327009253,54.15325763493348
1047.667620992106,387.54021473332205,58.41466646305328,54.32742270620753
1050.953534291693,387.0229964484131,58.259587910754746,53.953335716455
1054.6164856268317,385.86917636935016,57.43978875610227,53.72641471735432
1057.3084662548063,384.86090570438944,57.28666246109054,53.89012706778363
1059.4410608212957,383.9018219999632,57.46121637010406,53.900945843823635
1062.0054543096862,383.61573320075865,56.98758076051013,53.140359770357676
1065.1433011016097,383.2411329198855,56.67753964248388,52.64604531745557
1067.2507730193358,381.60850502007935,56.69146238418004,52.05223129284915
1070.2093808877871,381.4553710597218,56.62855572930863,51.605752631532894
1071.7634749408905,380.49714505767355,56.84228229595338,52.032733200082575
1074.7683038166092,378.9730635274445,57.06110965193764,52.15682399491574
1078.3154624800623,378.1854293914225,57.0585586824534,51.78096616832697
1079.9313493599855,376.1123628064992,56.876070811278886,51.57250033915001
1083.2593185626824,375.55937474709003,56.72193294299446,51.574564104452776
1086.0426472681459,374.19785853301414,56.879594990075304,51.68677194764362
1088.0448476996135,373.24156563294645,56.71689944940567,51.40085616086493
1090.8754847015075,372.33655957209385,56.764365679992935,50.953193111671645
1093.2246953526735,372.3424631975862,57.10094803977002,50.78701269174163
1096.2141042353976,370.92234957252657,56.72175490811115,50.43874812057185
1098.4460601731237,369.16043630485433,56.908630386174494,50.24698322525232
1101.2700592589326,368.946836636416,56.91042774678297,49.85300031115237
1103.9311989158057,368.3677423738777,56.79882653362314,49.525928826463335
1106.13896233766,366.6155352909938,57.01789746823471,49.28759091703576
1108.2439866086531,365.7357990624704,56.9807310063267,49.291203999082626
1111.247016353977,365.30198147980843,56.762711676811904,49.04870122495345
1114.1711333202757,364.30226604029247,56.93501607429259,49.20165078074325
1116.7565832804457,361.8581771567525,57.095048771139616,49.36059575973714
1119.8685915225064,360.3317213902551,57.06021075381531,49.279748747810146
1122.6233892699213,359.0287870841703,56.971895166212164,48.76003752599533
1124.876968374283,358.5141048348426,56.83294679635584,48.19830705394763
1128.6226291289734,356.9905771070449,57.192073895373596,47.84866451149614
1131.4995223860117,355.76340456945024,57.03199160492957,47.80390985524011
1133.973844637648,354.5962655047218,56.768070002047985,48.098347286454825
1137.2702788091533,353.18897011660295,56.96794152720137,47.50706953241906
1139.208820750796,352.0696413359375,56.836890358759874,47.14102128320313
1141.5999385233074,350.65136252240353,56.84971401783818,46.598794730583585
1144.5821873616771,349.7014711078848,57.434883699497234,46.58781095805853
1146.6765181365868,348.7599662342247,57.544623028584276,46.32827309795685
1149.746467201939,346.4227313122824,57.979752363700314,46.131542380318045
1152.0355273354414,344.53452036605967,57.87540223829666,46.410787148740035
1154.74150110409,342.2514931330138,58.26846263557012,46.18553607283962
1157.2707452659622,340.74909402747977,58.384641670223964,46.07465740402486
1160.934695090371,338.7147595572807,58.739679643476634,45.73754936688397
1163.6394893457507,336.4236059753371,58.88784564931892,45.66169918213825
1166.0234953752386,334.69201663974764,58.56006491358519,45.52160636894223
1169.019929761787,333.04440309232365,58.994320163926055,45.58343502629016
1171.146833910648,329.49479175867907,58.50503823339163,45.45838401193877
1173.841412686523,326.66569940230124,58.27596063769627,45.63964001375693
1177.1384946367232,323.73565670488244,58.25369615135825,45.64985663418043
1178.8306626719339,320.4330030050495,58.56949435828071,45.76816452212762
1181.1259127348865,316.6960772318086,58.19508920307857,46.268718949468706
1184.148312670051,310.8147857191614,58.10727480638235,46.74143075894281
1185.7478018358192,305.1345396019246,58.19915951195537,46.7636356399008
1187.9739508856428,300.7403402283604,58.1608018419955,46.28463936749787
1189.9278775244798,293.6495852310343,58.0473821580718,46.64841559750178
1191.4019756404944,288.72582001620754,57.96321485670666,45.88193235528023
1192.2596209453454,282.4297160891223,58.335067191340364,45.965976757302315
1194.0730057219578,276.8115342190748,58.56330862444376,45.57727946224101
1195.6768162172089,269.71881479354306,58.553823009918204,45.30738078889044
1197.1256792067436,263.3052208522504,58.57267723104412,45.334748725186685
1198.3622601772686,257.6168066170415,58.205441803666176,44.647078294237296
1199.4572693646783,250.95265061455615,58.16291488392456,44.46591459120021
1200.8321791264968,243.8986147411956,58.27544582415467,44.10868482424944
1202.0772951674912,237.73954603174786,57.83773449411931,43.96776157419961
1203.6227965364847,230.62258718123007,57.62798785964806,43.788211868008574
1204.8881898117124,222.94608516605246,57.44938941954379,43.639247514574755
1203.1762325695597,214.1945468437832,57.09831000736504,43.593892762628904
1205.4434884383902,206.6444012057301,56.47258122868814,44.030060503578866
1203.437840864479,194.70453917731328,56.580891757369855,44.22681642076405
1202.5664322686382,184.49768499626003,56.55129378791895,44.30742541763617
1202.9369917074941,173.41043200801354,55.75126072563679,43.79966515877761
1202.211885242385,163.07925947157324,55.59504360214408,43.06430515353319
1200.3644589189698,156.1178689726492,55.58707642475578,42.912150238295354
1199.4826873983054,145.76182125277018,55.49907222487339,42.215874706373725
1198.117798187699,139.5036940036758,56.040068907805036,41.93775664596868
1197.8594771213948,130.13555176597328,56.08526023474974,40.85015806473311
1196.3638435633286,122.80004446188565,56.1901442942411,39.83057513872872
1195.0159939886298,114.69008036117482,56.045007872349544,39.650890913392544
1193.364702273416,106.8056787335334,55.568767450238184,39.775574905980086
1192.7122861800945,97.32254214490118,55.324222195475166,38.80234918187733
1191.7817654255807,89.56195417066158,55.26593692227608,36.805351912583085
1189.8527431884602,86.42632486772852,54.80316535647803,36.56470866298045
1188.5657328234072,79.4547137158095,54.74138286392771,34.89449712892786
1185.585143540584,78.70776862444954,55.35771279676126,34.66072617883528
1184.050815784533,77.70447458250041,55.17606313308261,33.28854534183513
1182.733726448948,79.3161653154187,55.14462290776815,32.87349822658447
1182.5396279584534,81.68148076414381,55.299894473718325,32.60304188968112
1180.4654926248272,85.16847505893458,55.95635911069706,30.80492610283399
1185.2231125975072,88.81007108934891,54.42409035674323,30.720800204114678
1186.23183848311,95.36551751763308,54.44557901522494,31.476286131726017
1186.1780814681617,100.78618757651998,54.57538613594234,33.18156161453817
1188.1012100880719,109.13487494068957,55.48334032190307,32.71654772604275
1184.2892620174616,116.611800506734,57.64909132152202,32.96025213594608
1187.9966251522533,125.33826256506036,58.718495911313795,33.528430924566784
1190.7970296682731,132.17583796229235,58.989711415407044,34.25684458322779
1191.75997840061,141.00579478630667,59.840730454639356,33.83200783949603
1191.4086275286188,149.44860549546956,60.68063922987163,34.33888825222495
1190.6110571863871,162.80231453093106,62.30164356179607,38.811813809231616
1193.0019640652697,165.2488166634407,62.700310761061964,38.68713534987644
1194.6592718006013,173.97193959026728,63.37667734606304,39.96896261634044
1197.9898293213969,186.0017638082761,63.76805253884673,43.98519613833059
1199.2034871616702,193.49103537151802,63.53542374794881,46.5031892667296
1202.5402289929439,201.2130652614721,62.50283974360449,48.54120040967295
1205.219273523308,204.79466013458008,61.53554352955608,46.65865031189452
1207.6671851989875,213.14227315256582,60.572901940892415,45.731124471235546
1209.9110623723636,221.16898849418914,60.152011607811794,43.94760650771546
1211.92497818574,227.41701273584093,59.19833769590268,41.712849528318145
1213.2600508848734,236.34149808302485,58.984887854276714,41.83592473238779
1213.8405966430205,242.39496878304945,58.48376948251393,40.725412775698
1214.4072762500475,248.39343595496143,57.9743879295923,40.51068973558496
1214.1055905711557,254.93305980045977,57.72560169460262,40.43409707388514
1213.817185911319,258.6809858035812,57.35038464708866,38.57162214283758
1212.3929753915722,263.2392018594456,56.976637717831935,36.2211507244682
1212.10855735541,268.0894665064427,56.87161514757848,33.69657052715362
1209.3889811804684,271.6663617919467,56.95192655507897,31.706903491301922
1208.2259470189704,273.91729774804054,56.65511584975461,30.645537560559525
1205.174174373078,278.29482077402724,56.81441675677368,28.38362505350807
1202.9713608966322,281.48461731674087,56.86529212275104,27.112659287416705
1199.617918153242,285.1179902494268,57.16196032437529,26.841503632005793
1196.2576233972286,286.86943316247755,57.34469278073811,26.13973474926364
1192.510877165949,289.9962865612646,57.32407086341415,25.603847165556736
1188.9145176457644,290.9071572575686,57.39102696433079,25.87577947900347
1185.0206882477235,294.486143448301,57.01122055045174,25.235644621952737
1181.314346998724,295.7847937145155,57.23034530919274,25.48235348893776
1177.2498209448834,297.2940636117532,57.17893171863162,25.672614963993574
1172.5431957259425,300.3046159719966,57.09685134596649,25.47707176694432
1168.370315413509,303.1810621628043,56.79518155091189,25.325513003492965
1165.1654687915268,305.16266010206647,57.22179679194653,25.60415367282024
1159.622861819836,306.867148087101,57.01738366013231,26.03914132579801
1154.4933951825205,309.7689189008069,56.051478677927854,25.770603360495564
1150.8650991254501,311.0923501213724,56.45096935163862,25.744163282645843
1145.8736940435663,314.5892217148753,55.69340781130505,25.381248953061878
1142.7949287344024,317.62548567337143,55.95872651557005,24.991719693296254
1139.152109189973,320.30398637413566,55.77152624896003,24.80001675368183
1134.7889604032669,323.25831132514764,55.359075653427034,25.040399444431298
1131.57722545524,325.9902268539362,54.87089393815283,25.023711941541755
1126.7568056781035,329.38184835065215,54.48942514281619,25.172750442250354
1123.368591630249,333.329380501611,54.33445675415054,25.32645323017644
1118.6105798225294,336.4625230678647,53.51802187349584,25.16694910352841
1116.1034992349232,340.5360232580378,53.579119083864555,25.76509642826031
1112.4414109853176,343.8274117889349,53.490804738349,25.758399688731714
1107.7620283385409,348.683719462259,53.52428316666828,26.53183780888043
1106.0212026573374,351.46421015151003,53.2503498122781,27.26205516084716
1102.7896131013206,354.4168405019567,53.313824944819956,28.307584865227266
1099.627702589048,356.45383132949974,53.91845346448188,30.682577819516148
1096.240389090038,355.70837545944556,54.41796449570514,34.70238970610891
1092.7740382584443,356.6024908149907,53.82571803877536,37.61342352138587
1090.286691868791,361.81945240276906,53.27297551534754,39.37386680090721
1088.620883930443,364.12666163740136,53.1519851908719,40.76568917636921
1086.2242746781958,370.34082834030244,52.56222334868644,42.496840633848265
1083.7840028150106,372.52941416318504,51.837984970564975,44.016260174606515
1085.3851270198852,380.3698690980007,51.252222156518606,45.00238826884235
1084.3738931968703,384.17803150135677,50.6772166580172,44.83537376486459
1084.8097386567038,390.59520474077374,50.75346275006899,44.78329962489788
1082.992196436082,396.1570483139227,51.84426618545328,44.58492070613892
1081.6286299429273,400.0774561146039,53.289950807504894,44.77089953837038
1079.657657032967,404.0626524792883,54.981225240706294,44.96650717521243
1077.1264081964625,405.7954985648103,57.239828870747004,45.00359210377779
1076.1976060359443,408.40098757220215,59.88155184412692,44.96718989465819
1074.7335184406627,409.927845271371,62.521137557151356,44.73607581467993
1073.996003095229,411.5362507963024,65.17523013766684,44.61190087321549
1071.2030781628764,410.6166185259887,67.91707060295826,44.610467171655365
1067.269483685855,409.8474289379535,70.72104239391497,44.777416904366405
1064.1776802090417,408.4010841547076,74.05633696961202,44.84924465445203
1061.9481632209418,408.1874465877653,77.25305710303843,44.47608949048505
1079.485931864975,418.4133688848199,68.86337186575282,40.42756520887585
1085.5807780806513,417.8173949853271,63.29732140217416,36.547308418017636
1088.456141529041,417.31634403719926,59.378763084496256,33.8608116814609
1092.3453132409388,419.64516801002895,56.78242649663784,31.894020669395182
1095.31106145616,419.9355429913791,54.703377575961284,30.59009565786679
1097.52019551623,420.9399878611793,53.491637165782464,29.754133774711654
1100.7655086671793,421.51496946820725,52.75679394493824,29.073378324327628
1103.5055490019636,421.7456869853678,52.873072528299204,29.044575736295613
1106.7911950156242,422.1085893402324,52.94240550097807,29.112990997269577
1107.4820103470208,423.2506351571302,52.528960262989436,28.694316843942737
1109.3203483904701,423.1088875681126,52.31563256476296,29.267469614751356
1112.1572675483674,422.4647482209132,52.21265606537446,29.321861590400232
1111.4694399399768,421.77775014890096,51.53469189739023,29.561717719776183
1111.124464831983,419.9552371210861,51.043855980565084,29.574404297866828
1111.124860600326,419.046908669604,50.532551138215325,29.25750102016701
1110.7491544414427,418.2636760918298,50.214261307544426,29.304053455988864
1110.4404291704022,416.7574153247981,49.95858868068007,29.175721108216337
1109.995146955827,415.7118097880257,49.96977383736927,29.313563041136103
1109.1755890618915,415.00342779000886,50.1695280529749,29.247599986388572
1108.6087755800208,412.42192631972904,50.017952990348945,28.956028341987246
1107.2079538370174,412.8521080208899,49.88992423514506,29.058097800993615
1107.3240741054415,409.81083260034495,49.77172788774989,29.304283895989784
1105.6537510305564,409.2108112714875,49.713967055098344,29.452706070306206
1106.0722018597148,407.94477217973343,49.686773038382775,29.47396577236904
1106.0351531234369,406.925719531699,49.631735379102786,29.393327171953665
1106.0436102045187,405.97410107570846,49.70321538197805,29.59647558295813
1105.017111932672,403.1188267374556,49.83790748231221,29.68922640790127
1102.5357674670624,403.01254184764605,49.62634104243782,30.011110152364154
1103.631637392662,401.8836608091706,49.20419347639457,29.922375647283868
1101.961107498603,400.9145422421891,49.408839690294045,29.84286680956707
1101.3860659346826,397.97259862687434,49.275704434345826,29.304680675938787
1100.4418312070338,398.31848603854485,49.416142273432186,29.479879729550973
1099.557934858067,396.02071422551296,49.40065555242059,29.273757095849106
1098.7042959321682,396.7678214471214,49.30561101652305,29.113115040327607
1098.9798899498278,394.24385820318116,49.48922522729738,28.90985134266112
1096.186635279047,393.50628426176854,49.315068675304175,28.894902179587934
1097.1260863544294,392.21510470840514,48.96512770618013,29.29502556854124
1096.0562761734805,390.1009785074212,48.73139601729686,29.084236832813843
1095.9507997113876,388.99642289547654,48.541180118240604,29.36695645514069
1095.2701989796362,386.82700444336444,48.51506773896989,30.43917653807577
1095.1825855704612,385.7614491664796,48.42730932782735,30.6283925605954
1095.0239818034008,384.4687716831917,48.79302455237817,30.474520232249453
1094.1798281118888,384.86090929857346,48.919610133644056,30.136915533712433
1093.4063902530665,384.81943284222376,49.17580591964817,29.86209561926343
1092.7643934662863,382.8734441850045,49.065283501998,29.67133977940511
1093.0542118724434,382.0730174123777,49.029088462144436,29.248633754346223
1092.2440410243414,380.7455845208149,49.401886823387365,28.957195216182804
1091.5629499390145,381.16139697931555,49.38494912099422,28.36537742808769
1091.3449105543086,380.38393156343045,49.24223150368721,27.9614001788032
1091.965175588924,380.1406618349649,49.03177650769863,27.873324157218672
1092.0515015775134,377.0218448950172,48.880853046145006,27.9663504931688
1091.5458878914087,377.6115564693635,48.53470431972177,28.139908911858946
1091.9408089306917,377.2590173088786,48.482990903264884,27.967240650797493
1091.6867364829186,377.1469183501336,48.434678279280135,27.72960079973276
1092.1698012580214,374.3608331925094,48.6187409898167,27.299680660879584
1091.869595628603,374.5580303098979,48.48695925548905,27.200162524735482
1092.9482450525998,373.8834195092596,48.62851905007408,27.364722260777626
1092.0998779044744,373.2287436362462,48.582913258434175,27.39203054977328
1092.1518970794232,372.87437035433373,48.551262603849,27.448814833324768
1092.1283946517333,370.79379475050507,48.54205408032234,28.03737998141175
1093.2167089211198,370.1364838344819,48.368874027877766,28.276898053692427
1092.7595278838864,370.1029106129897,48.10638673711009,27.63669281210651
1093.1318547952988,369.3656563852705,47.959663822488444,27.39577768356065
1092.5870301620746,368.38367224083123,48.079998513741536,27.262318604274988
1091.8823260733705,367.9283795990819,48.011455641344945,26.843573443437805
1093.311430157492,366.89039228623983,48.37552225337552,26.40491489041091
1092.1722310508808,366.3857724075658,47.9407551833947,26.333511947563714
1093.0450778321194,365.5783092603752,47.86678403302676,25.80772168921055
1091.9029695204686,366.1920229558797,47.66400114460966,25.947252916365645
1092.6862842179846,363.781179075367,47.8355309292652,26.293400516258195
1092.7035356103956,363.8784574880967,47.784273994052334,26.807812807009636
1092.2414153382397,361.786154498857,47.57754835184075,27.020067711270336
1092.6434598549572,361.1255133827147,47.82929122758561,27.14316879121125
1091.318877242959,360.72310948309337,47.53660769669949,27.09356069689919
1092.281851800014,360.37625665924116,47.6105517710659,26.853855700072366
1091.8677273152014,359.21621390525047,47.28137581393308,26.923208786178765
1091.7147211126787,358.21830666330317,47.01695364866612,26.768113846245182
1091.63463352998,357.817060139343,46.98108389218868,26.74663228479054
1090.5438769112154,356.4313017576402,47.125823448077114,26.8817659915555
1090.5699143361715,355.9611745978858,47.1559476948444,26.960356492704875
1089.9562559229473,355.63541095144757,46.98020360820696,27.06172814593294
1089.8049588213526,354.46247003499894,47.2474126795605,26.991807976877084
1090.3949945651775,353.3908876145045,47.071384771012035,26.557397134272268
1088.8436026325992,353.20803464487676,46.89035515960618,26.692268112590213
1089.154264581794,352.04431227416694,47.2463109243027,26.836637902837943
1088.3702662844569,351.3926661555658,47.21172268010987,26.821708094141844
1088.467864179031,351.01946716975226,47.22509927865667,26.63411558725334
1087.6887471122109,350.77661156223644,46.99143277753145,26.56175185111304
1086.8369998663923,350.0799041166799,47.167919212528105,26.111843988319805
1084.1228196084269,349.06333885074173,48.74714337591955,25.639511873711836
1086.5805685103558,348.41441585855273,48.437434756632264,25.901194528011757
1085.0226025629925,347.1685880613481,48.26375483495242,25.913571557967906
1084.2483673439212,345.53847757543485,48.31692498012605,26.18596904346618
1083.247247125455,345.3379133480462,48.46943397174613,26.230102869337276
1082.1510632937316,345.2690641647547,49.047910033630735,26.236514614826557
1080.9852876957473,343.87010307714354,48.88138383702096,26.55549391895506
1080.571797643162,343.03197116342005,48.83730070976968,26.546622858706748
1079.7504568630188,342.3409540539985,48.63667477493889,26.43114426016708
1078.839185188793,340.68373177152336,48.55638609214047,26.535139606367323
1078.0121180508313,341.3766215637709,48.64251194521231,26.470191320700327
1077.496621459907,339.8112560089433,48.50486499034255,26.85418781121497
1076.7089420658192,338.92209625907344,48.174904564650596,26.401275621501526
1075.7452051396547,338.22944457678926,48.15613513084703,26.724246832749632
1075.6737708191006,337.3443075843171,48.06212633054881,26.136091862615764
1074.043359696552,336.4652956446846,48.22741329732572,26.00176649871675
1073.5413342605877,336.69804506598405,47.91804864191046,25.905515092641323
1073.2778370388946,334.8173935529699,47.51144933529682,25.65841052589614
1072.5023440768173,334.40507003998,47.33868037663877,25.77456145812596
1072.021057126558,333.34650431178886,46.812011723446766,25.76933268501608
1072.1290453399224,334.06623608640535,46.59441786507697,25.75198827640809
1071.7446168082574,332.4934583485722,46.30608498700084,25.518896901488468
1071.2917536987695,332.13866501521915,46.28897490226559,25.454618822100723
1070.0627725921427,331.03903642104814,46.37054856571447,25.356787387395904
1068.9047316694277,330.18519135468244,46.40962235450391,25.341943340439766
1067.861907105386,329.8811809507069,46.347978391767036,25.161542517531494
1067.2681989050461,329.1740577618387,46.19649708736858,25.046369949955373
1067.3029549971998,328.52195827071824,46.14970523997533,24.986326378485344
1066.4708983249109,327.51108893625025,45.830786357990945,25.013283553280782
1065.9992148171982,326.7257624667467,45.65894951599398,24.857450286233156
1066.0366324743204,326.15888409653354,45.528495915617206,24.846675776659445
1064.8975946019873,324.90560787389205,45.83623474622052,25.004290233661173
1064.7066796578736,325.9988461074368,45.57393011296378,24.732028854462367
1064.1998881552083,325.42829124795037,45.60730376770826,24.675201561716396
1064.2225646779489,324.03548694715874,45.61306766558655,24.696176984588718
1063.2247653143515,323.70747138702274,45.82816407344555,24.989094701540413
1061.7757350672102,322.4812738348436,45.87899556382172,24.56963311644564
1061.3701614734105,322.78368284216106,45.649539113725794,24.15597721118575
1060.9878433744495,322.947134219687,45.580297748171375,24.075702263750998
1060.5142669608952,321.8647590317517,45.31294251863916,23.7945755644263
1060.5825954995103,321.5989244272501,45.22169559765925,23.81223720507014
1060.525131496304,321.34309057370035,45.25556891657164,23.648367802794553
1059.9143206734477,320.56547283531853,45.11218506912032,23.339498054948926
1061.1070123827983,321.55708159075607,45.054011123075455,23.46814272669102
1059.4336035667034,322.2137338077523,44.835261738663775,23.49436160812825
1060.516297074459,320.5025425467028,44.647352750496,22.962917225930383
1060.229027559501,321.6061486042331,44.460752864396255,23.00497268899466
1061.71700509683,320.99587068784757,44.82720501630079,22.88460139774235
1061.7385095902002,320.5774941748667,44.628312240498055,23.167323051633836
1060.6823397011974,319.20312645163693,44.00795548530051,22.839306789108896
1062.149126455178,320.86446716488604,44.58741298319871,23.008187252259166
1062.0445376062319,320.1956244646627,44.03964793206739,23.161088717158975
1059.9939288189235,320.40761373819663,42.38126772836388,23.277362855638017
1060.929918762962,320.7781622696138,40.3382062973182,23.153651657061474
1062.486000491487,320.80344904492205,39.55824193694807,22.53347514013633
1062.5727296862754,320.67839719038335,39.03549460694157,22.50690648593247
1065.2372938969602,320.99977040162423,40.685309056665496,22.3327116991929
1065.3250309794905,321.1161069927543,41.778664237307865,22.439195621424986
1066.1928636722562,320.71901379639183,42.75878864669837,22.47158697020461
1065.352856229622,319.32512392482784,43.16704449876408,21.564595900344365
1066.9299799380872,321.0606137922572,43.49709578788831,21.97040144380592
1066.2164840580178,320.75830877548907,43.60789492107356,22.071349367967137
1067.7326307348699,320.45212414271435,43.71773718748698,21.94262976632909
1066.8151650981945,321.6421119303756,43.99854553603301,22.046586686123764
1068.5791562145523,320.87144183879855,44.32670344003613,21.647466664199726
1069.6273132319259,322.2452326510038,44.263211060562206,21.681730132562787
1070.352851210062,320.77962783726053,44.038789157024425,21.16475860770551
1071.6191534750997,322.22455764957755,44.11383538378514,21.18896148307143
1072.441843500767,323.2171424097736,44.33814527385678,21.704478608187213
1074.103957958394,321.78025999254703,44.770813331258964,21.52689761744496
1075.4623919109517,323.10610408535985,44.88501537243248,21.566081624202134
1075.8532335849022,323.3606096806324,44.90945385070333,21.5932337637352
1077.7570551145188,324.1106037031164,45.127430298305995,21.89210436134531
1078.971780127933,323.28475630103355,45.005719529290445,21.79227328660482
1081.2760053074699,323.80734481248066,45.36929980986478,21.861048900429253
1083.2705157192934,324.79969920924657,45.31452886414784,21.862118915491294
1084.4379338121705,324.8377779756215,45.30768034929184,22.056911700124175
1086.884414920053,325.42878154255754,45.88644359739406,22.124782495939627
1088.5030511155767,325.7029353472793,45.92083868681517,22.1608254724335
1089.7957173623752,326.7506057328661,45.74979757505453,22.54021614657249
1091.0551261038954,325.57220524561217,45.609291249240414,21.960203766588123
1094.1292354037714,326.2068966542847,46.12220546198863,22.130289333032174
1095.9256961728656,326.2253804192972,46.08793870895646,22.151259425077445
1098.3751082765873,327.2718660914844,45.880505492723884,21.941344721328065
1100.2242879440803,326.8887420936734,45.36789139699587,21.699902287262574
1104.2381973976271,328.13030714039195,45.30068955533155,21.411352271950463
1105.8773693451276,327.6165078350918,45.51103889763565,20.901810989972674
1107.6317321417473,328.9479283197088,45.464807200880195,21.050646046129224
1111.2079359966199,329.34482362849934,45.45862446672106,21.951115072102873
1112.8330266108162,328.6337456318115,45.58271081645374,21.87577350688479
1115.6342565643793,328.6312800952958,45.55593450307732,21.781797109213162
1119.6850745571298,328.65306453090824,45.653212091794806,21.67455331123038
1120.7702673836536,329.39701541337377,45.80339833816156,21.482122737705538
1123.2936327009927,329.16606522636755,45.823730081413004,21.10816190566333
1125.2410785034795,329.45761498153894,46.491674169798685,21.383521867976768
1129.2252376476788,329.319857006584,46.709787766166,21.9450485600741
1131.609796706354,328.70947208892227,46.495204560924705,21.33001822449925
1135.1167196953227,330.02089065673925,46.669423158182944,21.738736264646526
1137.829964222516,329.9939869979182,46.662230368444526,21.65493982252289
1140.124709383555,329.5641292745248,46.947114436014814,21.442542232200417
1142.5940353685046,330.3193432732311,47.760766543264296,21.831314674241
1146.9252438664973,330.37785980798435,47.16690728653649,22.07501463696095
1149.0489017815794,330.03688775284627,47.34738686652877,22.01336743864345
1151.8660266419047,330.9031413903288,47.53405999744047,22.055915095318948
1154.9667050380062,331.29718088023884,47.27101192105799,21.475233576436388
1159.9218598778289,332.5409843272345,46.887603486529976,21.555085788890295
1163.9694281646634,332.59229501876047,46.618684564227664,21.29748088533063
1165.844154948889,333.27451144358565,46.474074135425326,21.46153619485999
1167.9607826189422,333.79188796743335,46.592396554107765,20.918833318062923
1173.6380647907567,334.81703520033483,46.82051958840842,20.74628543429126
1176.1837728254684,335.01223794633194,47.34412427093833,20.360915342687694
1179.1135290195443,336.0057530457504,47.255806340794095,20.28398035869454
1182.1954905237037,336.27420360417295,47.47933450435048,20.60880409536508
1185.4325836160099,337.1275196233763,47.10727539493335,21.629390684887976
1187.4637062661552,336.71154214876714,47.134370304603436,20.919002494457864
1192.3049380161933,336.3356359352076,46.98951971956656,20.374153544623766
1195.4909454753347,338.1918032415139,47.163449015150924,20.472121666386208
1198.940958607096,338.7598551364753,47.261454367839306,20.600605278807194
1202.5686487990306,339.35633930484227,47.08899024373562,20.874998392268555
1205.9295293903835,339.4823643529481,46.961696224115784,21.05063689468978
1210.0296555163934,338.43342512097223,46.707015871509874,20.795304909422743
1213.5812536518995,340.1099904741016,46.6817920126073,21.39513135648432
1216.7033063470221,341.2098117971299,46.86517685673721,21.31833722116994
1218.9509422447481,342.06460037733837,47.160295075933355,21.6741134543076
1222.0770380194142,342.9552320315236,45.56989246703087,21.934613451601155
1226.0651707595964,341.9319562346015,45.46386624447887,21.334863775914183
1229.065339815769,342.47894996155867,45.413540339164975,21.601502542702946
1231.4695616043894,342.768606519247,46.29899019454152,21.833361912677866
1233.2435169256719,341.59920323384875,46.49711226682036,21.44551443073999
1233.1955636942184,339.04216125540677,46.478028495352135,21.28005737199898
1231.224001015629,336.3620588789645,47.4123953076092,21.62756681238348
1225.3366401084554,333.2923024040034,45.87460186316731,21.243184498633855
1220.3133564846728,329.4158283970797,44.93229276795918,22.403221745879677
1215.2044428584459,323.02680311202823,44.65134072353816,23.01398258209587
1208.5235890684714,317.3274852176754,44.60270131862363,21.913472862988982
1201.8706564372767,313.510116701046,45.21010314107176,22.65594457642357
1195.2059753391497,308.71355087337065,44.57490387492311,22.982131346520372
1190.033832901398,302.36462833590457,44.64845205609076,22.510733562565893
1182.5290844570627,297.31484720004715,45.19183871526904,22.90171581719089
1172.8844254564572,293.6483707344707,45.1025709010507,24.634387986625
1167.043232440476,287.01748057219834,44.159316063872,24.153210242322075
1158.0624900073742,280.81758560814825,43.673672634177294,24.01264830274647
1151.3877615039007,276.1064885484416,42.7678501001087,24.283147170695017
1143.6102290949498,269.437169956952,42.356499512737294,23.97878661197487
1134.1195509985862,264.3467731096516,42.58991564198779,24.571865157649896
1124.205466850406,257.2788483051358,42.65233686803563,24.304012984455017
1112.306726341079,251.45479368002233,41.96928810153351,23.46249058184984
1103.2773933590647,246.31567449899498,42.02754207825748,23.849226563533495
1092.9429910547647,239.8248924347262,41.70133631088078,23.74080198357495
1084.6010744764078,234.43052362298116,40.30159707989941,23.4441590528658
1076.683161747122,230.44976095608746,40.26004216737704,24.70461932317666
1070.469584778917,225.80028669305221,39.724572507595866,25.2733279810831
1064.5596862237778,221.97696243967894,40.08654491084279,24.906144395544434
1059.330764613585,218.13343463907887,39.84392578991979,24.259436874186026
1054.615424550404,215.51455626379155,38.54027669264917,23.95904665210439
1053.7684511262596,213.33678178716985,38.22954672209001,24.231648828004033
1052.4065256091474,210.64652549370948,37.92290306637342,24.45134903699514
1051.743015951053,207.817588655833,38.00186787816773,24.063286128275397
1050.523124327488,206.64842443209017,37.904923220023974,24.02223530330012
1049.6666651502787,204.45949501964054,37.00504860569251,23.24836072976189
1052.0790522894683,203.30158010725455,36.91781552604388,22.839131045256522
1053.1689363579046,202.50063033239098,36.58077505030396,22.906629655042252
1055.1648980480975,200.86006973380063,36.63198826659803,22.993903195972933
1056.5452886482337,199.85854603109607,36.49442178800512,23.018267129702423
1056.4289703042525,198.88119157522985,35.099716251846615,22.270110440848917
1061.6110884930754,197.31310583782545,34.80562452752119,22.386582818977992
1064.4967018753182,196.32490918591327,35.28523699643392,22.6371002683102
1066.4306163731003,194.98242193524803,35.517810832900764,22.21337115635943
1069.5259491917152,193.4934394428666,35.6333890921554,21.945974812997278
1072.6652247553195,192.10061436383216,35.611765455181214,21.26946676794116
1074.0590215205068,191.12520701090085,35.808478260255754,20.557821146655346
1077.4159361801571,189.76965421389764,35.42163716117001,20.182645917907845
1079.4829544989793,188.39918395533937,35.8120985093656,20.70218903512204
1081.8790731206125,186.60744508486533,36.16004376121641,20.971366238960726
1084.6346756197026,184.47760976231683,36.247868304051735,21.509273273217925
1087.6460608011532,181.95159115120921,36.212814615955125,21.79036780744486
1088.78031856258,180.34239177149183,35.91654335579693,22.17542306102026
1092.3690527564354,177.5822192662026,35.77427699445333,21.860273076481494
1094.8506285562758,174.81646915182822,35.13221609301479,21.329273305230313
1097.1284771293317,173.11387509907138,34.85860818030121,21.03270970175958
1100.232554025846,170.5007392234795,34.68291746100324,21.05384992218158
1102.6252006475588,166.65620541415078,33.827792369432935,21.340985778143764
1104.3594747597424,163.94521404802904,33.893561161667364,21.651167362926266
1106.9369582594975,159.61785182036027,33.24622355668878,20.506941622951327
1109.7106748948495,157.5192452786694,32.0741336087384,20.263313031528433
1112.1065434536647,154.6764359463614,31.776727850971334,20.913218500343596
1115.7756751345314,148.96409346547586,32.01749738718739,21.294614277544362
1118.8979977322733,145.40226893241925,32.6861593816446,21.685788062895874
1119.9510899847842,144.07245856304607,32.57645772574417,21.002307300177414
1121.492534518788,141.33731942642365,32.89600396047102,21.192747011410518
1122.657716006693,137.5469556480801,32.098157464153275,21.738562458722654
1127.6555897425335,131.6327153694871,32.06848970438594,22.122340867471117
1128.8422473702608,129.69246281777328,32.399047129595715,21.612129418164404
1131.515342079681,126.97961490740958,31.70475132647797,20.552969587036312
1136.5919817767467,124.56087527654017,31.280231697971537,20.37717370229075
1136.6866258890154,121.80176906313491,31.126328605270086,20.61345711298798
1138.256608680384,117.38332852895601,31.22681864997404,20.54390507587705
1142.9771142340046,114.82642875894967,31.63325016968591,21.055928492842842
1145.5575811696733,110.76787825658396,32.389590773446415,19.81049592823835
