736.0,433.0,33.0,28.0
734.3165395757081,432.3642794895517,32.87947883198212,27.975710430076283
733.1629125498807,433.4165427173492,32.58802377719157,28.04970417711798
731.3366681729545,433.76447304163577,32.46619002127844,28.01229079416987
729.3239031938407,433.8654526762343,32.4234521572404,28.030386151437654
728.1850965980809,434.3727645839285,32.14181547083039,27.998985297475137
727.341269772076,435.5958504105495,31.874116339637027,27.94129478436986
725.0512493416712,436.825973681963,31.883257237067774,27.774604454921707
724.0586222911952,436.6397948104913,31.82113279798065,27.891102822864987
722.2866535408729,436.7058933074455,31.810626939250326,28.04487842417152
719.9619244520517,437.37299858037267,31.729479037791236,27.95889022939138
719.1525356762857,437.7289608301562,31.59587621822939,27.90454324447269
717.0449152711639,438.1185050442453,31.725156640289406,27.9191025824079
715.8050562897594,438.7566356837347,31.73848971540312,28.006320917686796
713.5877169792275,439.7561052085626,31.835750733927853,27.94170803990604
711.3802339430688,440.25078704132954,32.03172266562035,28.105336622907277
710.1772844478808,441.04306246137287,31.806289258535404,28.174029801375355
707.575374266333,441.2450223992252,31.76008673344721,28.519667420787826
706.8543700970652,441.5135462435295,31.761581461143127,28.993941753663684
703.963730143148,442.17996246460405,32.18859043391868,29.396445615225453
701.0240947573608,443.42568727419996,32.745549804126,29.58852871087747
700.40625648486,444.0899614232268,32.68017044092458,29.627701970440917
698.5155399483788,444.33791325645876,32.62175976388705,29.46250203932859
696.8140065897373,444.9383383462296,32.61907239181448,29.71006189396658
695.5702921555788,445.16767160606173,32.3394648221431,29.815405994419486
693.5189601131109,445.975636611904,32.27872253500865,29.899099090645123
691.5714557497063,446.69543544971714,32.11816638144678,29.67577949119069
689.7580824821956,447.5799309807921,32.13186817769865,29.732304176111107
688.3402861713608,448.20997428371174,32.02278153911428,29.929142008748357
686.3516843180103,448.1262162885205,31.815933732143556,29.795319803330077
684.054355747099,449.2254168058706,31.955886589298203,30.069582648024404
682.332417838615,450.4740596918031,32.07535292140278,30.470436829772712
680.5419163773267,451.04628601617134,32.341383920151245,30.773059071172998
678.289498537641,452.02288200506706,32.68987804678844,31.08604140978779
676.7922687579886,452.1152536085315,32.88457869496037,30.89990965305429
673.6300300511265,453.06078501639445,33.12759706327434,30.911694127367326
672.7937947089472,453.18158862517794,32.65273650984004,30.818265010386302
670.3859300621016,454.1080756896213,32.408109663394434,30.817494250640305
667.4312478173946,454.76989812532764,32.47238137937092,30.67764149348535
665.512425006683,456.47287079016706,32.47862899054027,30.665632321033087
663.5631817863443,456.918391255765,32.46804255524114,30.75948518866531
661.2982300546842,458.5783083006395,32.680158848151336,30.874282446572526
659.9626681654494,459.1581729187605,32.72472623013631,30.96826109607273
657.2619446191236,460.18124862248857,32.85683280765128,30.849172676897886
655.6620534568632,460.8993541726911,32.79883314975018,30.927411649734964
652.9522316982442,461.781847866474,32.715920819820134,31.12684076607548
650.7309239416844,462.4496045988574,32.8676122606741,31.097204986855594
648.0540063732632,464.31003728344956,32.989208627985306,31.05862111181178
645.962647035629,463.97738216573345,32.85793957132022,30.867058788650276
643.8254094698625,464.96641037605093,33.031241301974134,30.99167875961688
641.6275243321775,466.1665908425972,33.21799668476608,30.903070145860333
639.7272591511445,466.1121490623536,33.06566907564059,30.90765988310538
636.5405096813872,467.4567163692157,33.29590324464732,30.822452881685784
634.9799158525558,468.00427202539646,33.4249644374665,30.962616837878908
631.5001669052085,469.23724076691303,33.49862096253226,30.937521029650487
630.300705050816,469.6515356278508,33.50690441252818,31.116789584142147
627.2345200610251,470.35081994013746,33.72523478029353,30.726521740818793
624.8801411409714,471.26559984782756,33.810335393838386,30.388401744774534
622.0633757102379,473.00058755311204,33.91494322063741,30.1219480627212
620.0976746245736,473.933144226273,34.13247820446609,29.812285155852422
616.7718714542038,475.22550824737283,34.39000342948299,29.50116246033243
615.212475124165,475.3177925080092,34.431205147177735,29.828099066012843
612.7488518217922,475.30940872702786,34.7695464174507,30.10138213090525
608.8598481471445,475.9990059852658,34.79935430385568,30.344654655445005
606.9698039313157,476.00019074168335,34.969739671548346,30.474487291047318
604.7069034264947,477.22625870452686,35.05280691654178,30.628094773563504
600.8699967047548,477.6542513082854,35.31776873648639,30.524795112921375
599.2609023512332,478.40954139717945,35.20626078825625,30.646371307203555
597.0573043713716,478.95633420018095,35.410949728936544,30.62682134573187
594.3224956483797,479.4779064845388,35.60046921349462,30.27653261197708
591.697717812682,480.5148205350123,35.477718061159564,29.950934491498835
589.871925109826,481.17838057757456,35.25664569099274,29.723988356569684
586.9056211850674,480.7678884482509,35.395117493146536,29.346043782209094
584.565082638768,482.2370406437068,35.30983716387017,29.12813734051616
582.6614103356368,483.02774389484966,35.293497077749954,29.18288501303507
580.0396200360157,483.4001839215816,35.4709613439844,29.222367752540002
577.4562868931096,483.4931905557689,35.62929633096847,29.205666007602844
574.8409999973281,484.43178450099776,35.71003644333207,29.10663058296539
572.7412085231838,485.8996252332402,35.72408777540969,29.242863791332063
570.5295657367845,485.68225955215064,35.79519286725116,29.234678283394068
568.7891617071426,487.0680278815842,35.621269176046866,29.511725608901905
566.3376154364576,486.85359746086084,35.60073195667476,29.580753686676772
564.8095719861974,487.41048830925246,35.59972809791772,29.66979181411225
561.8844272123303,488.1538408147642,35.81120081215587,29.60703699840135
559.7206126107706,488.36280466658275,36.162153074357285,29.72151896273296
558.7372019152316,488.4267189820873,35.87166550547437,29.65548842742688
556.5013460783546,489.03244213049214,35.991662091337744,29.32957069507043
555.7334976594195,490.11987722240804,35.777084271004604,29.241019480965225
553.3595514148312,491.1790254862668,35.84746363762281,29.205807059692876
552.2479362188669,490.96674262347074,35.72863775513719,29.420076154425665
550.3316894359881,491.57950009124295,35.76067050546532,29.37549993958438
548.7711178724217,493.05067621123897,35.84635983621134,29.186016351936182
546.529703986434,492.98821698990645,36.126398301545954,29.286886943038688
545.1911217321141,493.2962077105965,36.12059467053746,29.32041111689296
544.8999386036055,494.61765987663955,36.03856273419513,29.323121408830318
542.9346933932708,495.2342255318737,36.230497246661464,29.286599595432303
541.473383886723,495.48350792453556,36.51561931151493,29.319193257374163
540.4144377925015,495.55041513245385,36.32006545503594,29.66067486204545
539.1174529344484,496.77808312349083,36.549685805908084,29.91139356747143
538.5673547342528,497.46373899078475,36.832728275634906,30.145214889524258
537.2917835250967,497.9345713530664,36.82785567929875,30.15331823136711
535.8039059188563,497.5020341062911,36.85149297185763,29.993414087222547
534.4274705561654,499.35019239555095,36.638345020481594,29.786584203038718
533.4609445418947,500.2034123054076,36.394913894726244,29.44823215188009
532.752290700474,501.594702213353,36.15784840862247,29.136355460989346
531.1135656960264,501.57536392185943,36.17303035111125,29.210920715851458
530.8046182206665,502.9344206138293,35.87544373444834,29.08776277624769
529.3796678348481,503.09732540706335,35.96565517503031,28.973897769857622
528.2360853547009,504.4164944524096,35.828869940012396,29.067767931118297
526.9145028955888,505.55604119631244,35.745083259115276,29.355721562453216
526.246039940136,506.08694936054,35.770500991309945,29.850057577748107
524.5995732030431,505.82917013553174,35.763584001628786,30.05882281487405
524.151831374533,508.05938786350697,35.61774685786766,30.416868804236053
523.1102177152537,508.5518242036951,35.63845891763698,30.935688750812865
522.6041631734573,508.78069862507186,35.619867317636185,31.585026089700076
521.7956616584056,509.21281608356173,35.57587486434119,31.806743931509377
519.8672298509932,510.8919222703791,35.65597456315021,32.04397528346057
519.5771872522404,511.59936657882594,35.62377033194512,32.38461034820749
518.6304659413593,511.3890602500417,35.66717633261342,33.0207839188619
516.9786014772841,512.7766056605475,35.76823802443584,33.54844273163942
515.4542973757282,512.3172568701646,35.65896353711791,33.74599468252245
514.948296531707,514.2819507364181,35.455190689027354,33.98452992364804
512.8386644975266,514.9404307386986,35.16481120270082,33.97773532436052
512.6663638440101,515.9842973071319,34.691816074186875,33.85556310057986
510.09010256556746,517.5580852031195,34.56841394845493,33.832117557628216
509.9238284742973,519.211820016327,34.31566550013589,34.16505930816638
508.90033235714543,519.3137744465038,33.84790248541617,33.87641839214861
508.200477071356,519.8346137443542,33.400765522815355,33.529899708557224
506.1542056968033,521.5619212866948,33.341193403756776,33.6045052049308
504.2098880947951,522.8909550456439,33.35107494566371,34.147807926290504
502.30977511234465,524.322132704962,33.330500129314615,34.84377169945116
501.1531618491772,524.9264593404988,33.25949508826674,35.246751729158575
500.1311686479903,526.8833191297821,33.14465275528892,35.671258468951436
498.85813976669976,528.0581384148713,32.95384833525281,35.868388087249485
497.02025055789187,529.4134994968125,32.84068632318112,35.83755178762497
495.6426652733766,530.460690936451,32.73361323986785,35.891697961082386
493.83491070027503,532.3374458415097,32.577943186852316,36.241566446863416
493.2989261122151,533.5172839166734,32.45929957000342,36.04451847036424
491.17274545532246,534.7625951088528,32.34038402831999,36.12143148639587
490.4740391331363,536.7883267924913,32.1638983572626,36.427374735330034
488.7468262091354,538.4244727289044,31.988059923037817,36.782615821488044
488.1051826582317,540.509097779329,31.804870584415543,37.18657739056075
486.17361084839104,541.4751017799814,31.608153974604633,37.547385551365394
485.8724798901402,543.5852277606076,31.316220334465733,37.9394535364019
483.9926959496967,545.0076495234737,31.17352075929793,38.38059023527927
482.51474362985397,547.381914675075,31.28454624859284,38.43197143109994
480.4177696089361,549.4968867864486,31.3951813021473,37.89235008432932
479.7453157740551,551.5686264067687,31.251212629135964,37.52021788958765
477.8288639110106,553.8561192074246,30.839350119873345,37.49657811347099
478.03800040961556,555.4858528065116,30.655574192975873,37.73381501685953
476.5400814274527,558.1785667684456,30.182494310621856,37.49685511056962
475.24425025627414,559.580007797579,29.997926794580636,36.92503689507638
473.79825662429243,561.0373322891948,29.300833247997197,37.29549838547774
472.7105655519088,562.6917134128385,28.88338092010813,37.686656792487106
471.21756077074633,563.138849909814,28.46906089258941,37.462046274121924
470.46789203011764,563.5770642875692,27.829131406073273,37.070694422908474
469.4840924529371,562.9006786669275,27.42459158338362,37.12807076673084
467.9131479253946,561.7595236372147,27.220891954386673,37.34151791111745
467.2815081503053,559.3140071886354,26.737238521166763,37.563239284838595
466.22271977209584,556.883933782117,26.35316732836688,38.25809526535595
465.67667381229836,553.1179035836086,26.07572189444622,39.17908693678675
464.45576427849795,548.9698367764131,25.58144477064081,39.51267324893171
464.0590170930575,544.9346533864273,25.143890557537322,40.54406145224301
463.32909735166993,539.4298124939289,24.56665118289066,40.65570246575545
462.2509623437857,535.6668240831973,24.062597101979296,41.42190603282425
462.44480334114223,531.1184970114039,23.815768989102242,41.77195525697754
461.6630346700554,525.5700344144539,23.343570247291463,41.49761122480316
459.9608616226125,521.4822072105344,23.02169716493119,41.850359138501425
460.12631618734554,516.4302566647666,22.934440379215214,41.840658545466894
459.5155464112262,512.1018936589629,22.9751937986414,42.44429922992574
458.13547592447543,506.80049470776873,22.742338556322625,42.32386104832973
457.77919310674724,503.44250043489586,22.702249162482133,42.98024113460279
456.31126395299486,497.27999276384804,22.078735521744672,42.6006971505266
456.5634409040408,493.222590115213,21.617441922387155,42.93905896635133
456.036143613786,488.4233005212764,21.170640323697523,43.42280050774011
454.5248677901709,484.54161060186294,20.8176045075488,43.54476188953584
454.2807609397431,480.45777248119094,20.399400361724652,43.659688497090755
453.97395689358234,476.266661437017,20.11431918402667,43.71686023143483
452.54944027703306,472.85196119626215,19.965633606090098,43.632274506889715
452.1773062588516,470.11816797706933,19.857072662960867,43.8660428910762
452.15795397333665,467.39814032544825,19.71879053965487,43.93162462254094
451.7798905888871,465.05357211927463,19.78187073872969,44.187632677954625
451.2037233674201,462.27433240194665,19.8436290097887,44.52928472003248
450.6157162262233,459.34961984353555,19.872922405951826,44.48553661908125
449.6440834032611,457.6259290469831,19.89005584972783,44.42414440847519
449.08730895557954,455.3620844385091,19.857387398899476,44.66580762444664
448.99648646607875,452.9311466914372,19.869842924776044,44.91048035980134
448.675120781916,451.1904587019224,19.87143049427344,44.911235000940344
447.7713515893081,447.81606419665206,19.719763252047812,45.17932637964512
448.16602326520245,445.9766086271155,19.46310422643098,45.39942099039783
448.16525812917473,443.5435898764257,19.281498512158358,45.86631908748062
448.03103787384674,439.8049485021453,19.131466732775287,46.14413894541641
447.81908116157325,437.5019159997437,19.03944998154097,46.41163430910636
447.84141496756644,433.54610153979706,18.857621114671858,46.480596603023
447.2458988520861,430.83336731909054,18.66541359953876,46.76485258105717
447.0604956236249,427.13001746263467,18.56328914825808,46.707700365257985
447.05870075456204,423.656978111435,18.39372214810244,46.93006996121201
446.93598267654147,419.81270022948473,18.391920144963976,47.17480095704617
447.3761741786828,417.1535402486845,18.453721588923468,47.59952808417396
447.3453889719959,413.4072682856557,18.535998179055163,47.48326158542694
447.2619282303193,409.5312703056987,18.52883213799415,47.76451627336822
447.2309342902938,405.8982057081516,18.52998322605294,48.09856233857961
447.8714845696038,402.9191245209164,18.882412330518996,48.2728730895148
447.3837759059451,398.115018487754,18.88590582971144,48.47297358357402
447.8204807549848,395.0705857794163,18.89851297733508,48.59720887329625
447.87010718920385,391.81167130066075,18.95047470850639,48.721406849362126
447.91601443563167,388.19664841874777,19.30790948322883,48.81577909023881
448.2359665485784,384.3129146941891,19.484014778819805,48.57377083134841
448.87573625524584,381.16583764668053,19.590629540289623,48.603642699802975
448.90311192722106,377.1000802311479,19.71854116020631,48.76967291172764
448.8016252779154,374.29876122214665,19.81615252034111,48.86164503617549
448.96755626506206,369.58951921038476,19.943564838039915,48.79464016809771
449.6586592468899,367.7944432046193,20.18587059313431,48.82012543158164
449.51160271622916,362.96988466795693,20.378756847815055,48.927860668968925
449.84734589160155,359.9762146232495,20.67698180078122,48.77590327303225
450.3819741239955,357.25723268414737,20.786619378962133,48.8667449588537
450.64479890283235,352.2457780187003,20.74960202343681,48.76103795674001
451.211517117025,349.9706633274584,20.614044623371964,49.120929204458214
451.36564305729337,345.8018670118775,20.754462176428916,49.21566294890129
453.0327839895015,343.1599372925084,21.035460463379792,49.3769637938895
452.3832867232216,338.91682594784163,20.877805215666186,49.42527449591827
454.3871439227358,336.58760985618386,21.04245409788777,49.236477675327606
454.64811951024717,332.7642459319559,21.253779290052538,49.49895869761171
455.1758790813485,329.02846947071157,21.371767838279595,49.6987678456862
455.8589143807607,326.97304391691335,21.40398215156454,49.676867488438894
456.33354003405805,323.4453012805226,21.65294251489168,50.0896983422752
456.9730871851379,320.466372403745,21.9536516795289,50.05752008508804
458.1424239243798,317.67745110838075,22.29938066686546,50.510942509800984
458.18645743731787,313.41572829554104,22.40934220544239,50.68319184641796
458.68453851001954,310.77246119613613,22.177538580546894,50.81214853057926
460.1698241568601,306.45140531694483,22.15394299487354,50.58118289638373
461.04002069535704,304.01790534543557,22.27562572354376,50.55810715580853
461.8305983841792,301.44070278928837,22.614193856641577,50.5334046020873
462.06738113064847,298.589658808908,22.82757904729684,50.96886048276995
463.8616643559225,295.8749294210082,23.093779442451826,51.38121415603054
464.02836912328866,291.6290005272967,23.566369663578946,51.693384443453525
465.1224848792066,289.1665746135736,23.620997038461823,51.93023273086063
466.05919154634927,286.6800132925922,23.723795252028044,52.0739333757531
466.82271105997427,283.36378118958334,23.911996703293607,52.25019030638016
467.693721935731,280.9334630897573,24.344031958616092,52.566469206227566
468.6234876543514,278.38644273610873,24.941287630750324,53.11506923969658
467.786695377785,275.1949822677753,25.18803807743782,53.312199160738444
469.04223672307285,272.27563002689783,25.442153140768358,53.5268039110481
469.4105013168895,268.4562842097644,25.750210134775717,53.67457452480708
470.05650573541715,266.48796395779567,25.972666629751615,53.91074505804147
470.2023069230098,263.77754837747057,25.961810714527275,54.22708403119174
470.79299715228126,261.5741302729359,25.995457111453067,54.503701734401645
471.6722329649698,258.7356726182575,26.085068982169737,54.49595517852399
472.6454105324039,256.38758789279336,26.427791606090594,54.60490539117113
473.4995283017268,253.76868713829617,26.695126746155815,54.66448424391544
473.56130640364574,251.67294469755805,27.50037303255224,55.121365243555786
473.9808433987846,248.492636509626,27.845579437782348,55.176988943638605
474.48117003258795,245.53486522761813,28.057099632089695,55.524568861169996
474.14081476329267,243.90767280756808,28.51686290505525,55.678947597754444
474.70997906295503,241.29510162170445,28.661310184636854,56.08284668334894
475.33198512556993,238.9225016281982,28.820175867024155,55.723661294384854
475.48782212178656,236.39327996843815,29.016878949786246,55.98294079554558
476.7367793263893,234.58132857949738,29.013562929252693,55.984330756044315
476.7529533085899,232.4376188087167,29.249006712898392,56.1601627731916
478.13341655742124,230.39121779310503,29.318982314845023,56.32156832003996
478.43800070794964,227.97963879734272,29.65498918468662,56.68708471000208
479.1587255012602,226.71369026033116,30.07241105802643,56.77504257504081
478.9451208053888,223.49790835083792,30.20007516168338,56.85399103758198
479.30649392969895,222.57468363202486,30.39517559275058,56.97628886387997
479.32702960464235,220.87681781296274,30.620278559269977,57.45159508696514
479.66369032839435,219.05577755962184,30.855053425242506,57.76963994911567
478.4977702690772,217.65176906285586,31.22505577532218,57.80611153249137
476.7028997778842,215.91192548168218,31.595268559465975,57.64285435890127
474.9665859051829,213.98481587246422,32.083033023618555,57.47734396307934
474.69249083214,212.97438748559077,32.476865259548134,57.59973271924815
473.84015690423195,212.49735690579502,32.73789908216108,57.59265801458186
472.5455727662122,210.7209547084226,33.119135839645836,57.580871955225135
471.37647656314715,208.49295476328143,33.37036840690884,57.76726430156213
470.491000848613,208.25796343846247,33.96471461136771,57.71904321584853
470.36354086976377,206.82067881855716,34.370315111058424,57.406219267182564
468.7975614991334,205.08168874546718,34.7783968991941,57.14817646414375
468.44151947977116,204.73759258559494,35.213747539481105,57.257312997755406
468.0123412659841,203.6367971260294,35.56610726295371,57.120753892472486
467.7204625975932,201.52702251932604,35.928795263797994,56.9437271781448
467.0212310622774,200.959449076884,36.2944824555233,56.64788956595855
466.15618445358666,199.29404532617454,36.57499071196734,56.27377153026813
466.5307730412264,198.3304783757411,37.11202264313316,55.55936490379119
466.27370094544347,197.05166439665575,38.33089400755053,55.487430484032224
466.6085712952178,196.91803626090518,39.439626208392546,55.64505235611935
466.06043005885675,194.32954636779266,40.34267137642715,55.49077909058657
465.8435274812266,193.39007384512942,40.736529021921854,55.43606935075676
466.1151974172516,192.379811493331,41.308408266082786,54.93190533365049
466.47374845863067,191.12849032128275,41.76417300461371,54.19348932813763
466.9963078256972,190.10613416411755,42.34773163864468,54.18217136903051
467.8200626724235,188.96083977031662,42.67200844421549,54.06583876991363
468.2494640099258,188.09322671700045,43.066501667648375,54.00064983748345
470.29098402619394,186.53314992135253,43.60463167905739,53.89831502545898
471.1623721792535,185.9188996196802,44.09726797059453,53.83729536513181
472.11856622875956,184.01345863461657,44.553715320801224,53.705718228813744
474.2241397550382,182.6433792029285,45.16590200847827,52.923217790432105
475.0569833809683,181.8405214839093,45.43161124099312,52.63400524995484
477.3385955859636,179.61743386739482,46.21955260248688,52.83811505329629
479.11845382496267,178.63131633056645,46.73852569968408,52.60388345214836
480.98792407189757,177.01686670062261,47.40311914136113,52.440189328246944
482.05267158210273,174.2070352360767,48.04149216294296,52.289710655776275
484.19974913157506,174.8645230217436,48.80118533059988,51.76636106100503
486.6397312111809,172.83172192869213,49.38841477490386,52.09769505863137
489.2882312187646,171.11064533200346,49.91931087790039,52.033195419977446
490.2373665468917,169.2905275554226,50.47056414742763,51.68186908349071
493.7029454601522,168.18743304956166,50.98990680918776,51.34293785595479
495.102600499651,165.94345815708374,51.6552878922996,50.81192096610597
498.3680244241479,165.48998656085107,52.09511265072764,50.717857078493175
500.9924714254974,162.66923362986418,52.329891743731814,50.498004297888826
503.8128887318822,162.23409532559486,52.73455883994657,50.24196865056807
506.8331171144425,158.68819840829678,53.09626271935723,50.04161770977364
510.1318114767889,158.1049370973581,53.317431733922106,49.1865796627057
513.5001291416153,155.53484080421438,53.58012501755066,49.009801423797775
516.51273945461,153.7675755488718,53.905917575154845,48.28207912686575
520.6123290465739,152.62451310898948,54.121289172477184,47.75240810819291
524.1463667314656,151.99601995542974,54.39101287495943,47.8290202698046
527.5887052994768,150.2350257711695,54.66322660807754,47.62093661684072
530.8603738978072,150.04799101471826,54.84957996317462,47.662013576032194
535.0843228339327,149.8423528503842,54.934915733501725,47.48707774649724
537.9395893492264,151.69051018869789,55.11673194607846,47.879462410690195
541.7940105074906,154.84050677502736,55.35030295962811,48.77160790990621
545.2099610356199,158.45984709591426,55.88873271391648,49.20335268317149
545.1306381430355,163.39673728775296,57.27389522271807,48.83042679168158
545.5106942614556,167.61378968557202,58.805317409706106,48.35884641010595
547.0626727892774,171.69743330412018,59.57047046148426,47.06875643863465
548.6583875527577,176.75175413087015,60.679776408156314,45.52555973142375
551.0711488989167,181.90707522788097,61.50647539552594,44.23380791826149
556.0077459938493,186.95023051267117,60.57181880331693,42.5028440283686
558.4209300814092,191.61422944989243,59.87826312819716,40.77473018712922
560.4280188297256,196.18795864882304,60.03345819015824,39.81747259493203
562.3233062344143,200.80449503817334,60.282220538983815,38.70579874201266
564.4643585856185,204.8613352740469,61.17748400063813,37.41243077026556
566.2584238425096,209.20083657448328,62.55164901908236,36.12928693404123
569.257710125758,213.16611246049806,63.002920812937134,34.75487224697264
571.2452283543255,216.90791993597816,63.69188582064578,33.09367550890303
575.2222901198813,219.44828158580066,63.2327879242999,32.038342834258046
578.5055582299188,222.28131302950385,63.000144526490345,30.81386930232042
581.0129135341492,224.41888351201564,63.06423030474839,29.881410222062453
584.0796901420122,225.94494398388642,63.14129415445218,29.023838838867782
587.2706853519535,228.76468065219242,63.121516869335146,28.206783715146393
590.9040211987607,230.06333923172696,63.27128804681452,27.620239261155437
593.2259857539798,230.17584447335716,63.31690361411064,27.037898455629424
597.5481308625193,231.8136713812054,63.33621813335983,26.768180308878218
599.6512989671695,230.07977754458116,63.15472323265307,26.467672694040793
603.9711519293577,231.3980081219647,62.87938193230027,26.61441466427372
607.5497822113049,229.91593826569468,62.354964385983884,26.805864557477825
610.8194702939829,227.29529144123052,61.854376062424734,27.463936770859274
614.4168167734147,226.7736634279497,61.91331469535807,28.157125658749028
617.3185488155233,225.26866268730726,61.472536768367576,29.20681525038551
619.0124082034728,222.23473680587492,59.75879870535914,29.788079488836093
621.1506338591292,221.55629609190558,57.297670270022834,30.617937601345112
626.5293676189913,218.67404860429326,57.93934215459565,32.27949678555413
628.2920790605807,215.4681064557871,57.88388997454179,33.651067361863284
631.6653412477364,214.38697070502337,58.192297240855424,34.19378625108605
633.1998069911057,208.13244389338266,57.587355011929304,36.164555572609686
635.7497361885687,205.4338848373462,57.37821316973754,37.730893655385714
637.3009630137776,202.4389719220444,57.03955346463228,39.44763293813776
639.9623058659135,198.17410751165005,55.546884850204066,41.07358368275461
640.1947004517665,193.1680933228059,55.28746372049041,43.154490234270995
637.9523413939072,186.692616037917,56.577815381130875,44.56622971615818
639.8308481821815,182.33313717412915,56.99612529091038,45.93766852283542
640.7549850138639,176.38692318646437,56.623284977154874,45.83383490148531
643.3678130941139,172.7014631823504,55.45344546704553,45.299542507369516
647.2652489442632,167.28049071291824,53.29410233120004,45.3338092235776
650.8735104977575,162.31324272821436,51.99835559139922,45.41424025157907
650.9464010067375,156.48865935973825,51.48929332343912,45.81354431763286
650.152641399379,151.54914814646457,50.48936441803886,46.23480307230524
650.7480240680662,146.38368005438412,48.8791654869145,46.64726696642708
650.9196577535437,141.31053057086172,47.28338041576421,46.963152115112536
651.390211264715,136.2024155414595,45.677920976429384,47.62832626571386
651.6166857593053,130.8973502692715,44.365215517522316,48.30316933450388
651.2603307143085,126.21191973432222,43.19457904989865,48.96767054112119
648.8721262744372,121.22332886843964,42.25284828120384,49.39378110589418
650.2605210486205,117.88455957594977,40.97285438713405,49.99043285005361
648.1551369000988,114.17880590030119,40.01159509628667,50.49872670037419
647.2159430433651,110.65764627507161,39.004301657410345,51.27996806997396
645.2504580974135,107.18707241439323,38.18463068017306,51.848953926096364
643.4625786414733,103.30315153575461,37.35877826392824,51.98506655739703
641.806394425576,99.89600348592842,36.61958724748088,52.63970994708849
639.2167955076443,96.32251546395175,35.547686450531685,53.079853105299634
636.6760779509392,93.223435058918,34.87057664206695,53.557341307945265
633.2867905915967,89.73134265590153,34.006649529697206,53.95554283761102
629.3205100968125,86.39460613055374,33.338975533914024,54.09587379846282
625.9696008180462,83.39318250846887,32.47067995570466,54.48460055923415
621.9021123975251,80.36185921458818,31.969365292840436,54.951986526878315
618.1450138736876,77.66473789991358,31.448253502624794,55.11948355075879
612.4377966865381,74.70670398997962,30.958909800751766,55.327131570822004
607.5792889169978,71.74788671120496,30.915717209949637,55.6100615385276
602.8327994877258,68.22710345074503,30.738911522595274,55.68107752233806
596.9494868884607,66.66992666584467,30.393018410578705,55.6662349251466
591.4481765530575,64.41275885235876,30.45012821712737,55.82470507360278
585.5578304478812,62.822935625833075,29.941529045643744,55.6350735725526
579.1104847245925,60.20126439777848,30.082268465853915,55.57653614584929
573.5641708993687,58.533516235138904,29.697479124114015,55.35526977581595
565.7778655608481,56.15077893577682,29.624292071663046,55.34669652297761
559.4430564814164,55.77989786660041,29.890498365292103,54.797687176955435
553.0249161919419,54.24446181200322,30.17283912490541,54.446043417009186
544.7060634228558,53.69579124629569,30.716520004874376,54.48683547615862
536.5822183066122,50.64539465412945,30.603873933650625,54.14645129232705
530.3607307242285,51.499725362451244,31.015614357207028,54.95252986591783
521.8941511746555,49.22227986652342,31.242734027642257,54.48021443687503
514.4210717123142,49.94705025179599,31.632084480645023,54.83925215754083
506.3303666175386,49.226644013661726,31.807009684844743,54.941044858418735
497.80260753634565,50.61522538387216,31.98232460016026,55.09550748420882
492.41405355239226,51.724853687794045,32.38377644013731,54.262908591208785
484.0623029490836,52.570961478912736,32.718320127223436,54.20040797479172
478.57862259700676,54.95091206487637,33.72639128059588,54.393982755012885
474.08606307725904,56.601531583126445,33.86141266384133,54.42091449487992
469.17244195136607,58.64942263871497,33.65041639023658,54.462873472570074
465.0636743329058,60.30637171401598,33.79020809688366,53.96989817353053
461.7785234895694,62.82447957373496,33.32826796226744,53.8181123857332
457.2999446749685,65.04488091098862,33.358637261391095,54.221105487593064
453.5650850690584,67.24335297602693,33.55908462262539,55.00558835946957
450.24629771293064,68.85814058703737,33.271198519451175,56.966961623776825
446.6085968240014,70.05210637549794,33.31192012152847,55.63664723435568
443.81409192871104,71.96634908626554,33.084691508788886,54.24018390754704
441.1956678592034,75.1433523830253,32.97171664975728,53.61866022418377
437.52915226162645,76.6393152257634,32.75389030096583,53.214228435191956
435.39742216991334,78.34145599541817,33.20739870216548,52.70109069471054
432.4093352334076,81.46849258193144,33.5525758710754,52.44651398164493
431.4761991742507,83.55775168413172,33.724283170053226,52.52089494716624
430.84870980818687,85.85328365620208,34.02760174593099,52.536993478611464
429.1903096956621,88.58173960587044,33.93236888992578,52.069247839040365
427.31349127178225,90.67076592432184,34.32244982948232,51.640294933582894
425.61743643081974,93.16134322934087,34.74246783660274,51.35162994756824
425.19535430933104,96.06778418613405,34.637565917470724,51.23201585624753
423.32533425372236,98.68426980074832,34.96983014978183,50.77310773737055
422.7838180616823,101.1643764153245,34.72809446745571,50.412686988686936
420.5829496293255,104.25032209434616,34.46636392494271,49.69843723220611
418.78762599782243,107.09624770606425,34.22206550923795,49.306055002910576
417.1387123927177,109.64394133131968,34.163340595423946,48.83011355318096
415.7480764595375,112.21069901569723,33.84468265221407,48.43303312094928
414.3581595376936,116.14008251168447,33.81116200371433,48.03476112409201
412.52095753860414,117.95834026763784,34.047760826112004,47.704596320193076
411.31841599607964,121.65576305360598,34.268258339871934,47.69270057735835
409.9037306877936,124.3731783613199,34.19414079726441,47.418743375016454
407.41582958016494,126.29776051264818,33.942495502756046,46.9143819288052
406.51019420010323,130.3889911435807,33.69941445623881,46.6471886112761
405.6006791497764,133.08417671939688,33.367352027595686,46.43830549675314
402.17418450352113,135.99322066229317,33.22501050955932,46.18050508654646
400.7672955671441,139.05173302658,33.13049370457891,45.86250684723062
399.1615937319182,142.6979658225924,33.31156290237458,45.622272090166746
397.4008254779159,145.098202150015,33.482925460183836,45.443885006610614
394.4933633223398,148.2198590337406,33.638349649265706,44.84009760634694
392.99303187668147,150.3093389648092,33.67421456694951,44.46744267585033
391.0083257367024,153.77842690889784,33.642375626204576,44.11470074763402
388.77674767527117,158.0156229718504,33.862001475629526,43.78369546254919
385.9573657504403,160.75450139322007,33.909197332127235,43.74765004559112
384.9035990141102,163.56992411594945,34.10095932041233,43.56507730521048
383.73968045928655,166.57503524855412,34.30945744080193,43.32900970308705
381.6826336851702,169.06876837844604,34.866238977315916,43.356359727482904
378.91609039104486,172.8657779580334,35.06602783607434,42.8034477460426
376.85544115524954,176.03287124279188,34.92937647856345,42.517387397228724
374.81087123392246,179.56812938718824,34.730293054616034,42.11349708499855
372.4969844001805,183.23286162452138,34.31282441252958,42.09749391404319
370.54028469207805,185.3481311382097,33.804272534789256,42.1731530067837
368.7780418411196,188.43261562637562,33.49724578553423,41.862628244319055
366.5929996333416,192.07649355119636,33.627782471598096,41.4837621651854
366.8032933246748,194.55804751068888,33.563686177798814,41.889871165145664
363.6395224419592,197.58406560537912,33.79619620494883,42.01675953631208
361.23470935326037,201.09788381947251,33.42943078078399,41.51843524191436
361.48006111911604,205.50622318312622,33.12990461723666,42.0948229208569
358.8522835683411,206.81559420521722,32.85082226761473,41.59352777608896
356.2144814850567,210.0509502410477,32.77736637558979,41.00524673470146
354.7575055385494,213.8277062473378,32.687473053760534,40.95670908735567
352.12990744052456,216.29073785972145,32.52718768242738,41.03142406083055
352.0062739394493,220.1289370297837,32.09795627149213,40.890639734377906
349.34498825831776,222.6531023411673,32.469752487270725,41.05994522000913
346.659114985822,225.2525800684327,32.57927674222324,41.30489845688457
346.4541920466234,228.05265058748486,32.34651397804226,41.11204501643653
344.60288019044685,230.36943331565237,32.26082287105943,40.7173253852968
343.1792808243757,232.69209991869155,32.165623531912615,40.70753600246063
340.8064608733626,234.74737656549513,31.469567266946633,40.21256803600193
338.9897520108766,236.92106089893417,31.418414679418632,40.16353921287387
338.55232116345536,238.28832799654074,31.24218994847992,40.386814465902894
336.02807152395894,240.9731489841713,30.924981830011802,40.267828618571485
336.0677104434221,242.71860491299998,30.756974132687148,39.88066126775005
333.7103452668382,244.72187421860698,30.299219134292343,39.70015720243447
332.3781916886589,246.68447035402127,30.480173629518198,39.85408175289497
330.33507460724707,248.26701929149075,30.265214555037065,39.73225780373723
329.47648998818534,249.55122617860215,30.350959842965224,39.622630040256645
328.34214708774,251.7879198515845,30.044496107723162,39.6962092470263
327.2188196102035,254.45964262080682,29.042768494436686,39.36045413826916
326.09644075680643,256.3145039176236,28.593358110410527,39.240560035846556
324.9732983100646,258.5304119479546,28.80196905369894,39.40749885799707
323.95897239990705,260.1293615750313,28.859063256826502,39.54607116146083
322.30488576138,262.0563473200391,29.099060264349454,39.57996283062488
321.5521238715869,264.2142896111843,28.78076202245117,39.675729859662646
320.067152475965,265.9838618662894,28.56888108322631,39.54999172152282
319.6274765192947,267.4825635257298,28.00345455418406,39.18567556084505
318.7474823277401,270.0222113900301,27.422347966590067,38.8518632306819
318.39919560383606,272.67503751309545,27.12435354330447,38.786918382012246
317.44006443666336,273.487923387735,26.52311514522801,38.509413234295636
317.3267889903681,276.66512715296165,26.771409812232577,38.21016622630332
315.47741837852533,278.7402964031588,26.870595066679762,38.403943936846474
313.94727853058095,279.2083817539706,26.398106513056913,38.58729532994942
313.5455995417105,281.5036797859975,26.251391248610243,38.67067997878618
312.75070053194037,283.39518428475316,25.906512144127042,38.65245674787648
311.6806936503449,284.2535311561537,25.54630465487668,38.57249701386448
312.06765234075976,286.12173970392746,25.54767108752342,38.5846150745669
311.13853198147353,288.169724979928,25.228970888127208,39.00065318955805
310.98948622629837,289.7665580956088,25.279992085977533,39.33291164081364
310.4261722922579,292.2372410196121,26.059574055620907,39.11598732112739
310.28206016462855,293.89520775365474,26.524067842129636,38.07590224171394
309.15702804646884,296.6486429845266,27.27881652669124,38.1220560719625
307.8777319671467,298.7713139776631,28.403235101351164,38.00450644408789
307.06987725493974,300.7739250095836,28.969765448616634,37.85147249059848
306.57267531161165,303.22556251104817,29.738293480780648,37.783600930052074
306.3298982609468,305.3776056834519,29.987916185625934,38.18643902372115
305.88937439557776,307.61247557103286,30.518149097028115,38.46315920949681
304.30795263820113,308.32332492012415,30.839165219203245,38.35867547713454
302.87289004036467,308.75775645868885,30.75300684554024,38.50769570078634
303.01284115296374,310.4550557811157,29.808981085185756,38.33511243679203
301.51817209193354,310.4134444310823,28.312448845918055,37.81445330092123
301.2391953603563,310.93269468015046,26.75565621532253,37.222272382863196
301.25361188298825,310.8312579217137,25.860955555312547,37.1446512097952
300.41304168773877,310.76244296002807,24.74367980811617,36.86603662633056
301.37476170587144,310.387821948409,24.380412806518795,36.65153353238117
301.0082046219921,310.97277254448306,23.721002255039238,36.41279994277217
300.3790181667191,309.7971094520528,23.27854661333909,36.47373611298433
300.18707057104433,307.8805676831363,23.143871858399578,36.678569528747
300.53720034830224,306.7911611043543,23.153535094411207,36.71226397293212
299.8402547987785,305.19796177159293,22.600717514259365,36.86290366628683
300.72044552837673,303.9048459782735,22.579815120004312,36.94570965478109
299.998163321042,304.1081120930177,22.1531637143613,36.88008929052704
299.6771799155289,302.15718949431096,22.044222627438316,36.78688596499138
300.5284033107521,300.5605331636375,21.848291339921587,36.73092341881879
300.9791192990103,298.64102985843266,21.77715111145211,37.07601828606437
300.67642021155274,296.848170145895,21.73266983080074,37.064859659381966
299.8434981185461,296.30304127815435,21.690849527067883,36.78167379134755
300.50775844346316,294.5791363602074,21.471612324499432,36.74801542655792
301.27700223294096,292.74822073482255,21.46225377386422,36.769900693440846
301.08579860709096,291.94902344190945,21.546626357595457,36.828385916474055
301.2212094169564,290.7219978533462,21.54879973298169,36.77473140512406
301.72069920753114,288.7509289289538,21.6047670512463,37.06797399023695
302.19498545623895,287.144066820002,21.692571506955645,36.80601308851159
302.6176943823926,285.9069651223571,21.60968874986323,36.47661998721931
302.6769365917664,284.1946433172335,21.56947428961182,36.38938463018141
302.97907140925724,283.77826461793785,21.552370487149616,36.33371429439771
304.00641385031815,282.8915393169706,21.659253293016036,36.15147641976975
304.9044785972856,281.5440588725455,21.925669575448303,36.120874259303505
305.0336788535376,280.1481549434319,21.841066670366228,36.132973255226
305.7006876285598,278.9309376624201,21.899474657431114,35.864938945179375
305.3299275971627,278.3796519062211,22.181277923350397,35.83804726177656
305.86410723495334,276.5820273262978,22.268535408023,35.98027823314658
306.5267962475176,274.5517689454394,22.47523135750389,36.22489991429698
307.8610943237828,273.8431321394081,22.33319312733665,36.16717505223846
307.62212948409984,272.7308809259511,22.01639166656598,36.12888298452361
307.5150020235892,271.39368688142633,22.10174033758721,36.00435139583871
308.8989014777789,271.1396956488951,21.99608132178589,35.52705859234652
309.09973539923215,269.6812564844221,21.685897548703714,35.495366669827746
310.1819435012507,269.3772055334662,21.472172567811125,35.47393671138791
311.1201390486711,268.0249963086154,21.373712686349222,35.4926328100153
311.6166079793914,267.66173213025957,21.274962752154742,35.798483981668404
311.45715900255755,266.0816823250523,21.233379443615416,36.13109946122344
312.2093162202954,264.52283766058565,21.585617132163065,36.008630709102164
312.4996503392368,263.43320289418415,21.978085796135822,35.859416660362164
313.1120106557206,262.7055911074313,22.256813649496337,35.6441690424616
313.40705925745846,262.8190318072937,22.822081436255015,35.46998387076422
314.47211870589115,260.90710514512347,22.779456435873907,35.58619559354208
315.97667724991027,260.4317666958766,22.167594291683333,35.655387506684264
317.4419717775326,258.8415968213744,21.515188219837103,35.89410738264175
319.20780037813853,257.3627275122038,20.99674512995337,36.16893126709632
320.135046813707,257.49100714840046,20.90644293264461,35.79637468024992
322.5045630470783,256.08147639714656,21.395376774495716,35.73134957387096
323.75776221910166,255.64233062419288,21.34600205105452,35.512541815579105
325.51546532080914,254.09324963727119,20.869910117659018,35.448502861688105
327.4179592541231,252.63359825158722,20.7908896582577,35.4402543635248
328.9800760821743,252.22122080196306,20.686141475788126,35.40227732917937
331.28428001474555,251.8828694601147,20.78532943584089,35.23866324041511
333.33081349192076,250.5958751605806,20.353120635787356,35.276709761846604
334.75776219347205,248.71297673976775,19.86324453395437,35.42795887398012
336.5363015519884,248.8562267309528,20.02329838528102,35.29925002930533
337.6575933953269,246.96617196605123,19.99201840954151,35.214750794460016
339.3677644882971,246.91603956478667,19.88586994918709,34.99337558234073
341.16023015481085,245.93584974254827,19.309330950143977,35.12597354957143
342.1387905249795,245.89599592879873,19.180754826505815,34.96185335724628
342.7258370977618,244.8626850137142,18.991853026156058,35.062166593665296
343.14234289350543,244.06896056819335,18.696179691504796,35.1227676453516
343.97195595715084,243.66399684052467,18.49049818091322,35.01699991025925
344.26063884879187,243.0874072686421,18.452568737963134,34.92363516974707
344.96341872146445,242.0997639903728,18.254726888125738,35.0252950173013
344.8582536536748,242.19150749175287,18.202102311791016,35.07078140321302
344.78331409408673,241.7769865195506,18.100608139951486,35.090489546347996
345.2390227681672,242.02476524214651,18.413845943157753,35.04949905672262
345.6289732449733,240.60915513194428,18.582232953412763,35.13393888161926
345.83128805122965,240.69302456937905,18.757864571368792,35.06294072940598
345.69917097877914,240.26717468777719,19.16303652144564,34.870039052179976
345.43352372900387,240.89938371972875,19.283930630371145,34.64202845898
345.0771287796814,239.5773048647696,19.62804529708248,34.61305231880067
345.40778927067527,240.05028316937882,19.422550120758867,34.61081366612515
345.73564065286564,239.74713499640131,19.798463567315647,34.33585390856457
347.55854949709334,238.99642147072666,20.385914616653142,34.57618019087093
351.38222262460005,238.26369390151353,20.915051515936593,34.71062641816431
357.9789733723449,236.97016848346732,22.114753755798503,35.19636652427628
364.87197108321334,234.46952881443835,22.466819857499157,35.60128660940457
372.1076463299933,232.87348832772258,22.9777233922595,35.821275908031375
381.2658788951554,231.73770298216434,23.40967134787277,35.925495830104936
388.1942149044359,228.6152096471723,23.479650330288305,35.64844117928822
396.9704675365741,228.17835538669917,23.447729172457244,35.81276859671887
405.24079491882196,226.10860378729933,23.550308660891222,35.95980200792084
413.73397254961276,224.69114304815315,23.605518340715854,35.956901525763996
420.8835494868204,222.4033208956513,23.42117159520679,35.73001744942005
430.2342611386633,221.85890930706952,23.13446691945068,35.78545439611487
439.1553761333266,220.43803079321944,23.12574828266312,35.94310650438141
446.71199993064096,218.6145306562654,22.78515998979229,35.861972623016044
454.73539096868853,218.34664359107708,22.981908187134653,35.503734302220835
464.00573806008504,216.70273376878785,22.633200088326028,35.57988402492429
472.3311016085769,216.12267540500304,23.061025237436017,35.59437086968145
479.73342615228626,213.34165091382047,22.83804118907984,35.70420274999579
486.9836217814045,213.77947966452922,22.856906522640237,35.23336092240639
493.992835828208,212.51493542263023,21.885063512040986,35.309225224075504
497.84024480079813,211.64446616036173,21.33033650924356,35.09138536726484
500.065559161442,211.46871656215265,20.379585717643316,34.86912357735484
501.79779748495946,211.61688321415215,19.666489991018523,34.53146947257462
501.06405043763027,211.33731423619855,19.233974930403512,34.44561078541537
502.65179213187963,212.02997057992098,18.618283106846214,34.43122400129083
502.7278386863827,210.99211255340296,18.555896418738456,34.20045964661204
502.0757265830706,211.24850573730143,18.36438545690564,34.14928216553386
503.0241569190711,211.7050954314601,18.276202458244533,34.13896532604463
502.7758434724621,211.387676597356,18.162096319235985,34.14357685899893
502.72058306713797,212.65007083286147,18.35155847509906,34.50582757255832
502.9241798747192,212.3589499058876,18.038000419018612,34.275210844963055
503.0415210290446,212.80458360528846,17.902378168961615,34.1641482191106
502.7340131580252,212.6299604826591,17.864783132191707,34.008488763685705
502.1687038471976,212.7721497333031,18.09661330169852,34.02310623407735
501.37511262433856,213.35979252157182,17.934757051127587,33.82902945880948
501.0209923140154,213.12615615901186,18.011260916402804,33.721267088714555
500.6142613848834,214.30305175615084,18.037834652108273,33.52420654629206
499.9866111693612,214.55283382633786,18.271604931785376,33.7295679430274
499.4648984485945,214.49602921001426,18.529027260525844,33.81565794960041
498.9093551516524,215.43476262121038,18.548759484292884,33.401089381602645
498.71111852308394,215.10551366905355,18.502148024632852,33.418290899197615
500.1828970960084,215.97669028321562,18.68399523669413,33.055713671850015
498.95194209399864,216.70619985578335,18.344155057608216,33.156508979839565
498.3173132751083,217.18320886078158,18.243089514236548,33.173148318475896
498.06310674691167,217.74755899646084,18.10848957014153,33.25474467797677
496.7902417552658,218.06280754268536,17.746573374233947,33.38827041267614
497.79294971091247,219.59592887312158,17.6890868452649,33.67933518588573
496.508947914908,220.41824803314478,17.713694441180127,33.46072988585889
497.0711859939653,221.68967088433644,17.73191084898345,33.61131985242088
495.6629985628123,223.14648879859755,17.548415410996498,33.70204040817602
496.4465180126451,223.20591907694825,17.660446030373883,33.579548259677715
495.29796051652863,223.89201781909676,17.4361682003412,33.52004913963849
494.30912665391463,224.99968634327428,17.473833484162903,33.57209948142018
494.22887925076816,226.74536273954092,17.8264822211199,33.589688339277544
493.4311959776519,226.52140670586323,17.78088807399306,33.71889007948451
493.16963415896487,229.1204772173308,18.32494676996089,33.751698458404796
491.78923317637515,229.85250400243078,18.05298048562857,33.748734976095456
491.21814362671284,231.8794323086462,18.279060036613387,33.762337470109976
489.9158787644144,232.4417771605924,17.967108743143818,33.57929815684251
490.20881614123704,233.94458467853957,18.139633952877446,33.81223902915136
489.1246374996217,234.80186351561457,17.915283411401067,33.77771217775523
488.44644868353174,236.13653993210065,17.659966707643584,34.12860775786901
488.3383318375428,237.92157188230834,17.675142965539408,34.13804214846928
487.7343195583593,239.3013240643454,17.400623578593873,34.066411624727124
488.13437598274265,240.67016639629492,17.32637895492489,33.91218490760545
486.7013614875195,240.843197340799,17.234171251035214,33.63359738383164
485.7586304086611,243.72787793596115,17.322186204162236,33.552842455714426
485.2458302222015,245.2314464827258,17.47882905755012,33.70760111413822
484.28659686580176,247.20952831008952,17.6748378846074,33.494212422789694
483.8312514898444,248.45047036567064,17.880931163377554,33.49159161729155
482.44715448250656,249.36367855032145,17.92401989240878,33.420309830509446
482.1824252107268,251.20137893399937,17.7245889706362,33.40572144108327
480.91603827385586,253.05528279918767,17.438148977190565,33.31471211158561
481.3388128951431,255.17719789724347,17.512925967526247,33.30704982318884
479.8228232336099,256.2102693804543,17.301626787174772,33.4169322473922
479.83997941370416,258.42732135725777,17.342555515853427,33.37118736360943
478.5958075041391,259.5111043237202,17.226765729026546,33.12765554933697
478.5029662027527,261.46106502631665,17.42057363697511,33.13068824570654
478.9139248703332,263.5669740041569,17.635277395564074,33.217606862291646
477.18299966256455,264.2152412486816,18.012769595769328,33.22793425068365
475.86966778012135,265.49985086692254,18.42921302374168,33.262810473186114
474.32162717107724,267.63783924467776,18.537676749154066,33.16073050722651
473.540321623182,269.423174161816,18.304534365940675,33.252902469824974
472.73696736218875,271.4143902653246,18.140483305407678,32.99654448155781
471.9327543774465,272.48566560807797,17.783600131825818,32.83301296109019
471.25805887742973,274.0491651272476,17.476458844261597,32.84789777284853
471.2021485654869,277.19545361350595,17.54345677527627,32.721458495644335
470.2044416665721,278.09441243662013,17.626875639023737,32.59886433574408
470.22324958855864,281.0344029875643,17.830760649542846,32.4642216737972
468.5707151726554,281.78941944009716,18.258723768458694,32.597712938653316
467.07256848259976,282.6852170399401,18.329007016734124,32.62560626435815
465.6795816449747,285.66866371793753,18.509405130460728,32.385901018714776
465.73777470008815,287.0279189524805,18.13556510177683,32.53453990265623
464.8221066753373,287.3333856788063,17.89414724502859,32.58000140850072
463.69789506559476,287.2260429260333,17.636520354650322,32.365335107406
463.14052197224635,287.9113650066296,17.600929322108872,32.04977517472908
463.3941349519644,288.7465634612887,17.899619195192248,32.16273397830151
461.9120062999932,288.17053845652214,18.089897312123007,32.335543570354154
461.0686618401967,287.8226557398213,18.35813682986057,32.09564005844331
460.37066928826397,285.4300152680116,18.32727256849162,32.23507749620338
459.3079673115512,284.06162922641727,18.391900765081196,32.22632803398188
458.0086742680246,282.35762486699616,17.7876212515485,32.12165669911313
458.04211753853673,280.545106574251,17.741700286696062,32.264500291439354
456.9479396232007,279.04231095237253,17.459757350278284,32.169627668008836
455.9784250594635,277.3098455037405,17.210798196502637,32.170325166835404
455.3777918503708,275.187166707903,16.941208901797513,31.932177509487055
455.8059792282734,272.15355453613415,16.70532517382435,31.792652890622353
455.4100672041898,270.78786435310366,16.771212332343147,31.699272819671563
454.5438387027013,268.08402500443384,16.55071218199978,31.27511100187449
454.52929447993586,265.83203620438184,16.528264067472044,31.351972207935496
453.82608103774515,263.5383655551571,16.475218295603426,31.55975112845529
451.71853403155774,260.5867470387222,16.264958304071982,31.474264406442302
