685.0,324.0,18.0,22.0
685.4930547595854,324.8202665620548,18.02107737047745,21.679664934972426
686.1324521108634,325.7519045791657,18.079135695265478,21.459333236688188
684.8466721758277,325.7466392197299,18.214599373930355,21.348693911614433
685.2259370850602,326.18204103028756,18.41523703593419,21.276138581514747
684.6537657327431,327.0493802761291,18.72767819027555,20.984254889636304
684.1094657515448,326.8704209605313,18.858995132652517,20.959925596027215
684.4982132575988,327.40915997062314,18.767596311951017,20.918984746253773
685.1694673122469,328.1219252965582,18.793031012713293,20.73637401625861
685.2712706281297,327.986558951142,18.661110171963216,20.748828814024556
684.6846653540158,328.9657097938798,18.627289470191002,20.759528898568494
685.2667088836806,329.37797437695554,18.45794575802939,20.81992557470223
685.8162863596091,329.07180688758183,18.495738438008356,20.957208673566825
685.6788472148023,328.9028626359026,18.486566739828945,21.11904889811668
686.0764169927633,329.56623759384354,18.375593138496818,21.220811555476963
685.8039680528675,329.5817879431878,18.319447317116627,21.319822551124428
685.927696299509,330.2686089133522,18.26253495225157,21.295324592729216
685.2427950256275,331.38428202840277,18.156804968276134,21.225912261553887
686.0139741939794,331.4653746986144,18.15307425608418,21.05911113743913
686.0572618476064,331.53364187816106,18.2590572374044,21.16737353127555
685.9068177048373,331.8934526769957,18.419274746575475,21.1057566943484
685.6594408649997,332.61127290117076,18.255184432109864,20.78776150967022
685.6592035820721,332.9794406293887,18.138906373453356,20.686214566417906
686.1548342865821,333.2092314969807,18.100312200761685,20.619889972347192
685.6163324175213,333.78542318450764,18.29270290177369,20.42858905578943
686.3687085646898,334.6447269465578,18.445726486343094,20.223760218212583
685.9281078507813,334.95225526688233,18.427033199804455,20.065635645434522
685.8952987728298,334.81817638400156,18.635649097406677,20.195892105043786
685.2418680642021,335.4432412901648,18.673055558607544,20.1951671999438
686.0832402775237,335.2204301602324,18.564941869268882,20.334370087250065
685.6962719477963,335.7157032122377,18.798702137122287,20.262898995446484
685.8467057290893,335.8899262323765,18.865601908520695,20.364694044036035
686.1996723157532,336.232609591187,19.00875168197013,20.751081781981476
686.8600372322323,337.07068908572654,18.744166563367415,20.86104797600785
685.7314082030744,336.6708968381937,18.53250677500364,21.360232690800117
686.847740917712,336.77113907334245,18.50321048635329,21.50498595243621
686.6574320143613,336.915127204692,18.411584030359265,21.43181529276441
686.7667464412115,337.8738212785887,18.38499466640524,21.489593465771854
686.8235256164105,338.07454450885655,18.493268591397666,21.713566621935364
685.5339164387448,338.05291021680733,18.65220649018623,22.24812243747904
686.5586724882709,338.3564758794802,18.63815581691537,22.006820579906826
686.9847927810761,339.226123015546,18.56062684019153,21.853486695958736
685.3393996873739,338.856217948736,18.549609438728762,21.752552811024035
686.1967276018261,339.68438343793804,18.5898821986916,21.42655172763953
686.4312190388413,340.2238775946164,18.771007662063433,21.474333433814138
685.2089863966717,340.84780633340563,19.162494430777713,21.30067181805205
685.9434201650529,341.80187817310076,19.183472169894316,21.03583868553675
684.8929317766051,342.32423987615124,19.101457918957678,20.78980607533424
685.9674373721318,342.1671638483471,19.042176036986294,20.598686219321415
686.3398396818933,342.72755943323324,19.065514117658765,20.451947478748345
686.382715239082,343.5457337008426,19.097675295761853,20.230157354174093
685.8917653763189,343.1568803866162,18.98098798515527,20.255094512412192
686.7412815076613,344.1714469823402,18.847270969052378,20.428720110026582
686.4272564619694,344.36070986483026,18.67550111414711,20.682625375319944
685.5488174351364,344.39201374691015,18.653417986172617,21.05596121467584
686.9592284802007,345.1107350225747,18.456657480516455,21.24618132203802
685.8621694131712,345.37408327240274,18.345622721509173,21.491976277460147
686.0505827886038,344.8709846298519,18.416626170839134,21.718540994202495
686.92079879534,344.8918033035939,18.472634281878452,21.9250115568747
685.455167195612,345.922879359739,18.764256673229127,21.88284845825636
686.4011034263374,346.47564477909293,18.765572688340935,21.913853264079712
685.8046702495313,346.7239036416906,18.880504776816224,21.877067594548567
685.3570549305861,346.76813965334486,19.055436647616897,22.01991881342744
685.5529622025258,347.649338397772,19.247934542702197,21.275847130237235
686.0491474701051,348.04741364098714,19.072603497289695,20.97082365796717
685.2412136715358,348.3997676568114,19.18215395575661,20.92870565317413
685.3855819957361,349.3658813794967,19.261650034406763,20.767245419717486
685.9842922850886,349.2532252507665,19.31321474622911,20.52506652727559
685.5450387872772,349.5645758870371,19.29999810903935,20.53002028403123
684.6473775211725,350.4296809999086,19.478590904920615,20.475469237975783
685.9965488204145,350.7661132404663,19.084783218545997,19.97908791115717
685.0223827966464,350.38811926676976,19.209636567351723,20.162337211089348
684.2221272608583,351.9179337116416,19.694661493908477,20.140016060603536
683.644975488647,351.5127791552705,20.000507701905292,20.142227333990224
684.1296615223736,351.21631535123163,20.246856764823068,20.824174717458632
683.4469833323809,351.5216333015644,20.607467661410148,21.21021240077745
684.2172529987827,351.64051814296374,20.57274192723932,21.678199859092015
682.6749112594664,352.7464748057075,21.00880480040321,21.835442417393498
683.1750763517193,353.28222605577986,21.096578863944046,22.096718847912932
683.3346157399632,354.222742800205,21.055988246636144,22.072306147636773
683.4015092976265,353.9353733093907,21.21967885347746,22.38284682604281
682.2594168817659,353.88113930238626,21.128657691546348,22.728375386926675
683.777166264281,353.70068141525036,20.997028555422283,22.654964989323545
682.3873797795586,354.9120839546494,21.364865990199235,22.707730589236377
683.8194177080385,356.61747398661106,21.05568362689175,22.50704879191464
682.5387520658034,356.6040275283578,21.42769148606905,22.402296505784456
682.8929760252581,357.4207028655616,21.77205423610495,22.458536285478274
683.3804561111898,356.76699572947814,21.443418221956318,22.063275691922613
682.0315776253058,357.65209735749977,21.699440879759553,22.010815355801263
683.182839586379,358.4246676501922,21.66843185019106,21.779288662017972
683.2646461887992,359.1262841242894,21.58894034945236,21.463198658159545
682.06200737768,359.2034648773763,21.841904739269044,21.676955438118554
681.7347145760483,358.9357021822976,22.204627854739414,22.072008416166604
680.9194178028696,359.9550067748699,22.303429714085127,22.160314209049275
681.1600324749355,360.55045929282477,22.779582572101557,22.48361510575666
680.4017648837395,360.49637377267743,22.85760304502114,22.880200147516227
681.6100698936848,361.9109513656943,22.78224058372411,23.064930459529403
679.848557105621,361.9486050965285,22.752127426941584,23.187163281064038
680.0615690771452,362.30850904162264,22.98188046143219,23.08947147974304
678.4517723880743,362.9887592169977,23.188915856175548,23.167729979090524
679.4885383600621,362.7152446898891,23.123089600676664,22.737075012311607
678.7888814421002,364.27288690265823,23.0350987491003,22.11360424644141
679.9294576466287,365.82872071022604,23.117960011918296,21.71834440718465
679.0555805626808,366.734019838502,23.05572425061485,21.79649431957809
678.5808596145986,366.7251967995008,23.07518110039266,22.221695024045285
679.0578535048215,366.76361814000114,23.233040243775005,22.545067491970386
678.7536895286036,367.52346406429143,23.10994577189436,23.069221773760912
679.4538270045686,368.92220156738614,23.30460337611687,23.309107912590964
677.8425552170802,369.0262692150244,23.5431000150583,23.66502138440437
676.6403942056171,369.0010003147674,23.227939616109524,24.01470774448864
678.2586696999108,370.7303244578299,23.284685441487,23.563566782582384
678.7046345895799,371.38980478991294,22.985033189004316,23.45357523462726
677.9080728975061,372.34439765533875,22.593575579499486,22.817346351920186
678.2035438489855,372.82589605706045,22.18111573220476,22.15540545667994
677.0755702467898,372.34659100849797,22.19706507282662,22.188585255953313
677.8639527142194,374.3012744537495,21.908828580350352,22.3438851134971
676.9133866626626,374.1642466268701,21.111069997428718,23.175382478681605
677.7048938337409,374.48817037978984,21.068018423826786,23.960648070986743
677.0096904011267,375.48302470783483,20.9549539145434,24.18244149009204
677.1466367142407,374.8493753971243,21.095345040756822,24.310160338563918
675.8668152213505,376.57557729241984,20.926457142748284,24.801749162718927
674.9897751969869,377.1251164772987,21.45534035309657,24.648395280265852
673.1227744191903,378.63070598336094,22.405436879393037,24.16853493269221
674.2011508265387,379.89413457317784,22.507022992918785,23.431075946417764
674.8012434604228,382.0803179785188,22.43025844048239,22.76935671874372
675.633748678218,382.0491287311462,22.06129903028277,22.27235563585209
675.4458869295048,382.6065507749325,21.83002789880294,21.61416132855301
675.8035632399697,382.75676056099553,21.48560881058792,21.24594695662227
675.2704885641535,382.78862938790627,21.21558415098975,21.563717176335935
674.6434242212543,384.2615879880062,21.579835517452295,22.340440967346886
674.7890676446408,385.3571073848423,21.689542017847412,22.781268628752862
674.0645183691631,385.4519021097683,22.022139714310523,23.21246775311969
673.2632311036924,384.2752911566702,22.508030285290896,23.72090206165954
672.1028741851065,385.18345030073215,23.193741986232183,24.323292574805233
672.5247100264369,383.9399045166093,23.364260977399795,24.698071826156408
672.8327011540647,386.9351681779549,23.604960545874558,24.566705880418308
671.4049830114483,386.1777219049324,23.944909160208837,24.57837882197106
672.1844026985455,388.189650282459,23.816360008182578,24.029238253441342
671.7399030600868,388.2547824576791,23.85256082318576,24.26886983805981
671.292347306883,389.2357018571887,23.974486599612955,24.567567232888187
670.8831381971364,389.028179695631,24.106236423110012,24.671561140964567
671.4144662972332,389.4433163283349,23.565789390397004,24.642404818916166
672.761925807511,393.0627178107842,23.573262947966285,24.133155076673813
670.3147635254992,392.4717131727956,24.28094963357203,24.5206620943502
674.0030269104269,395.2341500443745,22.799945935005546,23.784789816036216
672.1468633435245,394.8359363673073,23.013264890099457,23.084207892826825
670.4123530940324,395.22212523850754,23.79290092863453,23.06646119290678
671.5836639890981,397.58125659475047,23.993919275221796,22.31674248676863
671.5916937748921,397.9183591786945,24.042137352559546,21.986195766146157
669.994112011643,396.9786489150756,24.167369848784336,22.148590536548056
671.4806647024805,398.4997187122309,23.24613672052734,21.683721450049934
670.1786204584367,398.369512579269,23.430188892696943,21.81099315200885
668.9934638206255,399.05912115861906,23.465968476913023,22.339948600730615
668.6430662430053,398.3589450275748,23.767494528149626,22.878041951686367
668.1638952261038,399.60249846643,24.35454444769468,23.57535279858527
668.4368361364313,400.1105773337331,24.068184111414713,23.904593013197868
669.2200275267792,399.87910005027095,24.40800555435191,24.064729281782377
667.1983496359468,400.8932003219324,24.939932503008794,23.954535635432116
667.0440278488442,401.05531769143397,25.239031704655467,24.28507079388982
666.6526112931808,400.8330381984734,25.160735055239865,24.435615802760278
665.2191709669324,401.97738007464574,25.44600407443585,24.09780637902882
666.5510396100475,403.76926035026594,24.696611575803402,23.665794485015034
663.8437943217817,403.59912641852225,25.197367716299745,24.3392380076821
665.4978754223737,405.77021380857485,24.70089679929558,24.051910944861994
666.1276928480372,406.60412190982544,24.40785282931619,24.588409927907758
664.3074384997401,407.74433847128944,24.76762269534398,24.89508923173753
665.4034666773191,407.5571509510114,24.462224055029846,25.153207558426384
664.7793182749972,408.625629911347,24.680537339165788,24.999114017638014
665.218261765632,410.3588773744291,24.32505788963461,24.2369495358098
663.6308503151065,410.5384584063763,24.734194755529128,23.84167754759895
668.3212855485428,413.9675641344574,22.98846375398855,23.184859218878135
665.0456990388523,412.0810787252416,23.25279442717821,22.68306502266134
664.9425905689649,412.83411011841577,23.512073805917957,22.55982236570759
663.2901854033951,413.0593874904542,24.320958233737183,23.079635053271343
663.9446433416551,413.11609664893854,24.989390684853767,23.1481396489003
663.3770953090396,413.61220601618913,24.970182245690275,23.533965042817083
663.7884364579944,415.0549720633038,25.27515497707763,24.257045009134526
664.6577933324851,416.82079445447755,24.717708012764206,24.305959003642563
662.3888467516049,415.98559576187245,25.57942319600903,24.598602177426976
662.1381973037437,416.07261483249357,25.747615097102397,24.1967732036652
660.0888533819314,416.332406489861,26.537274315238847,24.649807991957722
661.3430759835002,417.42287961588636,26.63844062333166,24.265080611977236
660.9142531363642,419.55688140637955,26.244941908423858,24.230658573959662
659.3869429675733,420.6275270404659,26.59924486319332,24.263561641724486
660.2542556101462,421.8580079185961,26.579150522871775,24.626437165737407
658.1196861388403,422.3754346672555,27.148582434233614,24.757187306113966
657.6741971533336,422.91590252000395,27.902803508274204,25.201710890167877
655.9264525728406,423.4492772074988,28.335037359201493,25.210942655314806
656.0776716926902,423.4320083856966,28.53653588708071,25.22403407089206
657.0873001034951,423.6501832774837,28.960737622599673,25.069933738001357
656.2957937791289,425.0706720947687,29.323977932465013,25.399381518470335
655.9682682836645,425.0990947884242,29.167185051323166,25.00028149248745
653.7255749870832,424.2496768192649,28.404272999466485,24.520993956685018
657.1489099890125,428.68342916295063,26.9840708911156,23.901124157008912
654.3216557005599,428.83717797366427,27.242980102786607,24.06005719964415
653.2961485804155,429.411955411431,27.397525226864133,23.97600067616139
654.9375635437137,432.02047635670885,26.917582263158387,24.19136997945339
654.7053556944675,432.4932752133273,26.683191198955665,24.551802539653984
655.3996762604877,433.5734454432751,26.10701954933719,24.74219297575456
652.4640289150907,433.3946757736974,26.61308749452571,24.307984268034986
651.5257532368261,434.15853621147767,28.03479723728548,24.27332064345096
651.3527471641172,435.44857911157703,28.38897283485163,24.21454374217798
654.492662258344,438.33544555517983,27.06183277090958,24.116264041007472
655.5674914480668,441.03883211446964,25.511036085799944,23.115481523013884
654.0905054925862,440.99590068014083,25.232723450862693,22.842839142647968
656.1926711292286,443.4339061896437,23.84859786605434,21.978333250595327
655.381844861845,444.11349866630553,23.691418918888047,21.16806034561164
655.0063496814244,444.78564654226517,23.3809316185965,20.712993414493152
654.4030496581245,444.7971624554347,23.126113513340975,20.571103250751655
655.109579850998,445.43844638089263,22.49407424575786,20.516211791437406
653.9826421813611,445.57997135520765,21.612878784250395,20.385192787631528
652.9961303970363,446.2969038322002,20.803927560419744,19.9824862809121
653.9755562978844,447.6303791229253,20.052084120539693,19.472876702879887
652.5641889125844,447.9410260640009,19.773485272975776,19.71689348967398
653.799640704264,451.3990720985962,19.498329065104834,18.71833529499512
653.4458180422217,451.7140185032361,18.78470211135721,18.18287150182858
653.8763755371234,453.4713526823584,18.16241005856558,17.72973421047859
654.2883881607648,453.0842623681891,17.915792648196778,17.557801252391357
654.3490804555587,454.2585248834647,17.52445719191007,17.478273414222954
652.5705224278413,454.35265785387065,18.072166203887793,17.44204604762976
650.2659396860029,454.5112876828047,19.581432395572477,17.60269166319911
649.2723812817851,455.16897846496477,20.791159677640653,18.07300803589081
647.8048908136442,455.23256337347436,20.817021961578867,18.01012349719184
646.1713413875672,456.09735728210063,20.31379610670161,17.64118478882608
646.9326261946478,455.95508413657643,19.627720938341113,17.973750489054115
646.4746769235429,457.1495830645371,19.28648599666419,17.99532849983205
645.5310174799619,458.9121574930226,19.182906751502134,17.175562943642266
646.0927177887123,459.9055680790659,18.86065359493859,16.260885326243123
644.5911547870273,460.21677915721324,19.255602413250024,15.843197972194599
645.460964833658,461.26076261086416,19.004667927898844,15.062718552685762
645.5732415215186,460.9233025824353,18.54763927141582,15.0204297472387
644.5813701413814,461.872076252588,18.905710644971524,14.988200705273277
643.9417149085275,462.6930181388579,18.018898674156027,15.431117652948224
642.1394362796267,463.0275181984944,18.002922942455584,16.164537577620564
641.058197962734,462.96975059879315,18.245828653389516,16.551969139327703
640.238556338863,462.7120997599522,17.857035729256566,16.748629154412033
639.1212421847521,462.8265606701744,17.931393346560277,16.961517941877762
639.3332166277438,463.25221627503026,17.728788454717453,17.13964093626757
639.0643415305336,464.5976195616174,17.808515577848794,17.24630445586672
638.5225728971875,464.3675899535086,17.696183398740118,16.982372278041304
638.6349160669961,465.4203431603182,17.688881397501916,17.024113178875325
638.7184720889966,466.5988119503062,17.041071721664984,16.775657959739174
639.2806871553458,467.61311000123095,17.153763170997657,16.322348723124
638.5859342937732,467.05568884644657,17.28089401621334,15.83128740720452
638.6983513300776,468.6750502624802,16.957053290772592,15.05842303460981
637.1134954719832,469.3713012807848,15.042380088748256,14.292095924758488
636.8773074130918,470.1217294087926,13.296410564441324,13.49288456620383
637.5549329614809,471.1116324004738,12.461190443005185,13.13650692756804
638.0827420413257,472.0835971636304,11.845338213491234,12.894039193247034
637.6521252090265,472.62279089137513,11.155733407630475,12.944031559534938
638.6852488511572,472.48221412480854,10.701012612627077,13.298591312150496
638.2047684818992,472.7397389066864,10.274728172920378,13.34189135776974
639.0794010162354,473.56860175807316,10,13.056369481900521
640.2777944919841,476.9752136457228,10.176142430826712,11.846256973691036
640.8285586337207,478.04331407395324,10.151026348281112,10.934963038616942
642.8084149406011,478.29462770044114,11.735220900047764,10.237725189938
646.4936876533137,477.9234090936019,11.243257475355103,10.253443501028677
646.1685553133858,478.63529470616845,10.598752868101478,10.177034794206122
647.888262768629,478.8346711041862,10.227846105808373,10.072051834596348
649.2683608901644,478.725736618042,10.655252859563602,10
654.2425935041,479.0207099914551,10.176144168557798,10
655.2265152445119,478.3307342529297,10.211207487050459,10
655.9710750288369,475.62293434143066,10.244236050724508,10
663.0773345336963,478.9867572784424,10.082643249501963,10
664.6151200377826,479.6369285583496,10.585082800411264,10
670.9712225016414,480.13666453224766,10.43764761756685,10.05302973067064
672.2558271081652,479.28783988952637,10.649764698464514,10
674.8031795210717,478.8504810333252,10.656443081880056,10
678.5707758876495,479.0830657878066,10.624405103363191,10.0241302652071
679.924685845293,478.655465961186,10.526265363857453,10.111683128897562
680.1116937789819,478.04936856786026,10.463353317280212,10.031237229513826
679.6764018116501,475.8253124765604,10.504347408193988,10.076357163578436
668.0977392196655,475.2485046386719,10,10
669.875922203064,474.7191219329834,10,10
672.5172996692622,475.49091148376465,10.394155467994096,10
678.0391893386841,479.42101860046387,10,10
677.1234648749713,478.209774017334,10.226560011409855,10
687.0209630188739,479.6653060913086,10.002356875460267,10
685.2380480554012,478.9688472747803,11.422263187903507,10
685.162410511053,479.0943069458008,11.748175117420157,10
680.2595367994171,478.216739654541,10.669805414227277,10
680.3087778714884,479.97319412231445,10.247211331608343,10
680.6498174667358,479.10149574279785,10,10
679.9411211013794,478.55638399680737,10,10.117696941687973
679.5832948684692,478.3485740607205,10,10.302668773090225
678.9145669937134,479.24676867529814,10,10.158573702870555
679.266770362854,479.34906439133374,10,10.177920259080526
680.4669809341431,468.9822825100384,10,10.211725492008188
681.0471410751343,466.0100017817991,10,10.178923362060988
681.6229617350874,466.58044719696045,10.0226445687656,10
680.2535133127739,469.97429730065596,10.069471406068377,10.033779589972255
680.8018380457686,471.2489847645707,10.182050455704076,10.068656065951375
681.8660377915362,471.76844920999406,11.020619500545747,10.16411133037805
682.4527423009899,472.0785196428556,11.491932466501506,10.275503515192113
682.6766541778741,472.03128696687435,11.638007485926654,10.435276484342134
683.0654149575172,473.1645260723829,11.669125453007638,10.654306238412929
683.5739795628494,472.1911395992486,11.872508632479727,10.89749260631244
684.8159480676595,473.94207463652197,11.979010465633134,11.03944806277154
685.4250117521316,474.731522807224,11.588836435312034,11.143744928154554
686.1577871418115,474.8989701184465,11.558206920600739,11.122693079146991
687.0266847994176,475.7402589578296,11.788249892741916,11.22951740843745
688.0279582705779,476.6436654962731,12.264615303937125,11.60467302051528
688.2198972331375,476.70731341044865,12.72560889981378,11.638357416773612
687.9621164340002,477.45957881769334,12.994901272014179,11.393184054676762
687.6613755334561,478.53865573449394,12.76933763242873,11.171652840704464
688.374343763975,478.8315773509062,12.808489062015745,11.091485877411271
690.3748347216679,479.5326099040517,12.987061132225733,11.085401606081184
689.7123425071871,477.5196716679553,12.867930876128685,10.89250900478758
691.1314369699033,482.317951441035,13.294474311536042,11.181844234018829
690.3183890198638,478.57554952701093,13.712436514105368,10.970347555475225
692.9289669535159,482.45944346445333,13.248162360668408,11.267348498949799
692.2210393224353,483.0029961600991,13.282097761989757,11.375918003898486
695.9809485224753,483.66918024564694,13.395793766206676,11.581765470009785
694.2366326695953,492.644365016756,12.49314815873412,12.047846428279946
695.1537936722488,486.8690729135483,12.31815842881789,11.894180299002095
697.2422419395933,486.76960562606314,12.147445518396296,11.400495550241914
698.472496678949,487.7272746557753,12.666092533825626,11.261036397067585
699.3549695995732,488.11462315848314,12.785897058788072,11.2312238826187
700.047422870305,488.3625100936746,12.960495979970972,11.372889740018966
701.5701806525632,489.4325507744941,12.752184394946779,11.649609831016722
704.1234280026754,488.5853856822619,13.2913500951132,12.06183933799086
701.9236170909506,490.2361293593622,13.120110102156282,12.10924801040148
705.4732307270845,490.7556496330937,13.776620134576108,12.44698511186439
704.8303976797747,491.6985698604356,14.347560734810871,12.699206180617985
705.1870319450019,492.8600968886273,14.853679258800003,12.775959100553038
706.9650450940146,492.6939323578758,14.84626746272754,12.75594364911665
706.2890061906785,493.8468569663146,14.786407555776876,12.475462169055387
708.357338287404,495.54302687677045,14.743294998068022,12.316070651366363
707.1584211771521,495.9388604109528,14.67393561505606,12.403225909661673
710.5297797755857,496.4427815249205,14.51915481955631,12.457624282312272
711.9006455980417,496.9118171367569,14.514621050620766,12.585635059372008
712.5797441079038,497.9450671479292,14.874300465222662,12.90713934000591
712.4938737611095,498.6359056752151,15.129575399533975,13.118430272494596
713.1569015675974,499.27453976767515,14.93867451067917,13.083792092457347
713.301054745018,499.53731542669465,15.183517875076426,12.785444143558935
715.685881153869,502.67836487216823,14.996132818604837,11.982013465502394
715.5305636312196,503.2933227007859,14.147973460827382,11.481033049966346
718.9960556621527,503.35906316003906,13.720907093052958,11.400978065297835
720.6511527256985,504.33017069086463,13.873508223529775,11.64076221018972
721.1712593716499,504.1264447178859,14.222241464830113,12.064735610004629
721.2929475815429,506.2904976863676,14.370024102661294,12.581665226019663
720.7525943413095,507.022068798308,14.326249381956167,12.564403892031462
723.2144727775268,507.812864878551,14.371246324218768,12.612438959328642
722.6111349937088,508.8482802295473,14.49130156104439,12.44450513843958
725.3461635936526,510.3422829944391,13.894577338451585,11.834425481458823
724.6629156148556,511.31279227986727,13.519652550196003,11.530629200641398
727.3081556310034,512.1329539477176,12.785790254716803,11.046101915966188
728.9227701890917,512.8148688580426,12.185967113882127,10.932874817484151
729.5609804619951,513.448495976749,12.105725004354625,11.231775060051971
728.8529608057843,514.5865057064592,12.164220371463747,11.355276474654895
732.2588881150191,516.0083296052077,12.183824798404133,11.218946029452738
731.5700204120153,516.7671992761448,12.1456857232105,10.911407951006312
733.8008066154445,518.7410258376498,11.699665837104309,10.38541239025217
734.4143940255256,519.5581827163696,11.072134724217426,10
736.7318577925174,519.9686822891235,10.492596594530593,10
736.4055983488095,520.7600259780884,10.657761203382071,10
736.8753368864852,522.3780527114868,10.7466502168976,10
739.2520082525114,523.0244569778442,10.921572102765431,10
740.2618033702691,523.574746131897,10.239655054505572,10
741.1083940960958,524.3042459487915,10.116366486153046,10
741.552301055572,526.0250387191772,10.004606949524895,10
742.0274991989136,526.8282670974731,10,10
742.332968711853,527.464015007019,10,10
743.974383354187,528.6805830001831,10,10
745.2912092208862,529.273196220398,10,10
745.5378007888794,530.3152952194214,10,10
746.1591806411743,532.0674352645874,10,10
746.9752378463745,533.5415449142456,10,10
748.786301612854,535.1797246932983,10,10
748.5661134719849,535.3236951828003,10,10
749.2298822402954,536.5691251754761,10,10
750.2509984970093,538.5882596969604,10,10
750.7670335769653,539.9482774734497,10,10
751.3732767105103,541.7710065841675,10,10
752.1830186843872,542.4896020889282,10,10
752.6078882217407,543.3195924758911,10,10
754.3691759109497,545.0187711715698,10,10
753.8471879959106,545.3427267074585,10,10
753.70921321873,546.4281187057495,10.450006561197142,10
755.7525713487906,549.6669416427612,10.218358507863005,10
755.9018330068279,550.3711500167847,10.347806078018984,10
757.3117192205182,551.3751821517944,10.318503773929496,10
757.8996242171376,552.7286176681519,10.14215972307348,10
758.3401727676392,553.3788537979126,10,10
758.8994798660278,555.1365480422974,10,10
760.5995950698853,556.3369035720825,10,10
760.2958917617798,558.1311388015747,10,10
760.4968729019165,558.8333292007446,10,10
761.4884996414185,560.724705696106,10,10
761.5395523275121,561.6564054489136,10.02976489758821,10
761.7452344894409,563.0463132858276,10,10
764.3775320053101,564.5523347854614,10,10
764.5892133712769,566.1137742996216,10,10
765.0975694656372,566.8832845687866,10,10
765.1062517166138,568.6528234481812,10,10
765.6951341629028,570.1244878768921,10,10
766.3761739730835,571.5541067123413,10,10
766.981011390686,573.3617238998413,10,10
767.7090044021606,575.0652055740356,10,10
768.3644304275513,575.7051305770874,10,10
768.7266283035278,577.3587789535522,10,10
769.1262559890747,579.2034730911255,10,10
768.9742555618286,580.8360605239868,10,10
770.8386491108281,583.2205495834351,10.104750957421038,10
770.0126145978386,584.2526845932007,10.633647223390296,10
768.0938094850576,586.8320200772097,10.772198916237407,10.17619078735304
768.8955273197809,589.3528136809309,10.778626528040746,10.105573733719162
769.2451116109431,590.7467379094402,11.415322966468205,10.114050960294545
770.1304302503208,592.4029955553361,11.908758105925655,10.231982293258401
771.3810487508856,593.5663111267667,12.528534746153554,10.596562850836678
771.9998042207583,594.3214205417373,12.93560083277544,11.091799037985204
775.668741493159,597.1583966059115,13.309522094858776,11.16435264694147
777.5137706640319,599.5912359026333,13.934836220154036,11.161951488800742
778.5760934999759,600.8538907357812,14.494638790453484,11.517707191157236
782.5525015102526,602.2266438074807,14.79979548718521,11.87536953530709
784.7407366310825,603.3226107953225,15.507454579021497,12.523359418266216
787.1906380350143,606.7682920597092,15.895485938638423,12.474301119229054
790.1122399235663,609.4434000326934,16.64352590543075,12.843342527996935
792.6563081503435,610.2579520239171,16.93840031613425,13.093266865862063
797.0782820369304,612.7425023383968,17.626396817862698,12.862523780847972
799.3363274473993,615.4595250121673,17.501190396338984,12.93022556465453
802.5854473167549,616.5325646307012,17.441961277745012,13.198876399608167
805.6760117718717,619.3720803025576,17.622976837726455,13.14816384251673
808.54268016951,623.1712834575633,17.699172207977,13.074659876255195
814.5223904512136,623.927804339136,17.33209783597603,13.041171335766155
817.2912947846588,626.9172363458257,17.623489913714693,13.312505686644478
822.1248517422795,628.0576771741959,17.47478572747724,13.460205267697194
824.7482352548872,632.6888930237071,17.493796290152538,14.234867684885447
830.6691766406939,633.0571446434546,17.65394293748428,14.444279667558536
834.3550474858986,635.834027611231,18.235928969242785,14.428767516185449
836.3155422273547,639.0117595851623,18.3476924770533,14.25135837789324
839.176666852579,640.25236601155,18.666588551311733,14.253917802949845
845.1013229590336,640.0236367253023,18.6703036821525,15.161106294878927
849.0881127255948,644.2127292060921,19.019851895612298,15.125381965623212
851.8582466996253,646.7114347130849,19.56192037333239,15.15678717478227
857.0979186259704,647.993741441721,19.6462895943727,15.320674083721016
861.3256399373458,650.7564478324954,19.335172227969366,15.739414134203532
862.8766456680473,653.9524423123243,18.84158209225005,15.280149173569185
866.3554036778478,655.284971991662,18.56759878749297,15.272140901319492
867.9096042033802,656.3096585438174,18.68758366172085,15.897221532360483
870.5654707357232,659.4370913801087,18.80171577037474,15.733580530188018
874.8710392541914,658.2279625988521,18.949650083536298,16.5388238715098
876.8918769793538,663.7276381834955,18.868088158601893,16.428571823316688
878.2929167010573,664.6602983137012,18.761145739120774,16.606479712319143
879.4095226316068,667.8740330358211,18.125956338959146,16.346460219251462
882.4861258222769,670.0070365622634,17.99958253818552,15.49736905992151
881.9877367745329,670.7604482024806,18.4878691175601,15.509581118842657
882.1307483853031,672.2322499026108,19.897417795433817,15.666670467605723
885.5382796693008,673.3439975650602,19.58749743935244,15.57088357776514
887.2547608812889,676.4293828908499,19.578439434321503,15.503903209389044
889.3801538933272,678.2519238686538,19.437104704190258,15.534259181027377
891.1756365296568,678.3369959544658,19.283067226941235,15.809091816043939
893.8796338863335,683.0264494532436,18.743312870033158,15.649835087043162
895.5506557693677,685.3245020602561,18.584916259726402,15.028049331025855
896.734120262394,686.498047179127,18.65483114574421,14.419713365745096
898.6705072389994,686.8663947342685,19.54187622329496,14.950932073821273
901.4167914783792,689.0387760577736,19.02854816201598,15.077086174858062
900.6399095920092,690.7157815073064,19.404012984560815,14.698371296300254
903.3207958568083,692.7797797462906,19.661831214239825,14.545579286105351
904.3269266123131,694.8575861403353,19.834223939070203,14.600728521941551
909.8310473140604,696.411407660037,18.55290361711847,14.663411715448563
910.7336340129727,697.251449624577,18.599094355035973,15.251798550528514
912.4833578059819,702.041791323683,17.606482706517575,14.852244607882984
913.5187758851491,703.3066985372786,17.28582202425742,13.997990178250367
914.131410267637,703.259619696565,17.81647366943801,14.025695833310543
914.7081847327701,705.2087254200601,18.494742366124854,14.297795360441418
916.6157211816112,705.1434500559461,19.631726353208308,14.66648238017318
919.4689105200422,707.1456728596027,20.437569966385382,14.317493315828916
920.3075845467179,707.3202251380815,20.735434010201896,13.623921595785392
921.147176318889,707.4197186587476,20.95956314896521,13.374382186288972
924.5172290737773,704.4254326306999,20.347852719754965,14.491540057814094
926.65373598348,703.8261880556134,19.222765230915833,14.658908907694103
927.4840938404487,698.7504303425076,18.359244951548778,14.910556322431074
929.2724339077299,695.8520241301446,17.644121823822292,14.449540988367897
931.0325648977563,690.4199338206674,16.431072673359473,14.440545032615383
932.6134383051102,686.8476052581619,16.12255919605393,13.842579782138126
934.821501709033,681.8337916331608,15.871585891626507,13.912599762853297
936.5149429948943,675.1543457595988,15.533439892169316,14.4903902831707
937.8137930135217,670.6412243259616,15.509138445002549,13.923852083550422
937.7569852114394,664.1087050343613,15.2528771875947,13.855204601077283
939.6277061044406,657.475822887483,14.902796638164824,14.356663780087839
941.6586552929537,652.623941927277,14.648050055572076,14.347477855040857
943.284815514633,646.4495123202079,14.574303220611975,14.283960665370284
944.0730301389038,641.7832144256955,15.019449899804513,14.526033688281771
945.3533729282613,638.0276991892672,15.332177407027325,13.92670878394129
945.7941007078059,634.624363271278,15.486332046912501,13.962823216355126
946.1128646429897,631.5873165971371,15.906043709015579,14.037008117371208
948.9016893426543,631.0801543744966,16.185259238885635,13.905946820464901
951.3261181648704,630.0851429969455,16.430205000215118,13.523182099981208
952.2486303647458,631.0023837025132,16.434053738892054,13.397490514285112
953.1422100621031,630.4698767260995,16.3819254721072,13.284579357249163
954.3964027799817,630.2129225237225,16.173981778293353,13.179415801554155
959.8163009691746,629.0376655039603,16.65375021924367,13.611098969496327
958.9135768172159,629.0198477264804,16.553741980192115,13.701708126751145
960.786589089017,627.6464791620904,16.66293441657065,14.027913028968623
961.4955994582047,626.2310598042328,16.611055951144323,14.70047614043563
962.366523925534,623.4458315586996,16.645566574591097,14.854527907380966
965.6392086295673,621.3578790292579,16.810341209493433,14.769755628618059
963.7157979320485,619.2830073874394,18.08497327347624,15.29984711782134
966.8643738475,616.1037558667725,17.481951386420825,15.59242074631333
963.6192826883644,609.6365709064465,18.9782181468309,16.179653215793397
968.8253036866471,605.9066671328001,18.844320986691084,16.56381913100626
970.9464002522965,601.4481489217163,18.064843004318213,17.468251793408278
972.9183505509623,598.2425611102922,17.275803857181835,17.48034904711594
973.172368056634,592.0936598344372,17.258766160291493,17.694762316599274
976.3308370562823,584.1005371232037,17.732424169295662,17.909275408744055
974.5977327362181,576.6317247547591,18.258500668311047,19.044448058230763
975.3503954957926,573.8585398339851,18.57399881859566,19.211568327024928
972.9910551076665,566.9803770064914,19.35971908459379,19.302854919512264
974.7919721722753,560.5740767366656,19.974575018852654,19.572372268245925
977.2155470712887,553.8117446532309,20.309950855591605,20.324979855525594
976.2396223209078,546.828904017421,20.873075075591757,21.038334161813175
977.1953580887321,541.6217571643808,21.639032739161777,21.39693328781557
979.0661252013484,533.7168117525495,22.500533487073657,21.71045570327501
980.32418683778,523.5876442094545,23.60650341489412,22.197352190832188
981.84778068208,518.0105701021755,23.88787560178224,23.08103836925738
983.5929559521827,509.50315801361205,24.021090735405117,24.163199582517052
983.511390414317,506.83378287196115,24.67915589316761,24.73723276376811
980.9942539774573,486.77941915581835,25.983051569621423,27.40680843213775
978.3757676021664,481.9751780750747,28.041687223035396,29.81417975378118
978.9865388680524,476.28264454054226,29.838981666360855,31.465680538666394
979.9624115973663,473.5894142619391,31.156263917694098,33.13522215056026
981.3883380698317,470.14026537322957,31.857877769638357,33.98016757202227
981.5321045191937,464.0369369134768,32.395692771304965,33.2009770183834
982.423073852561,465.20595870371585,33.58738691707055,33.463580410561455
985.0518791043943,463.0660269408846,33.50827372785697,33.21741244208327
985.772282498617,465.6831975466323,34.89203664156002,34.106530092892676
987.4978311703006,466.70248671474184,35.60845028452074,35.67453439827512
989.0831658541355,464.4071970780314,36.1020112635309,35.91141494122723
990.5990881365649,466.10888522506394,36.480750194765776,36.333279736029354
992.1984293535932,467.81673176978256,37.205956920865525,37.780715308701495
994.2886385417916,466.7096797719915,37.26026449661703,38.18572201424457
996.0707996573967,465.43940224045514,37.033115727320904,37.480015480637576
997.9053713246154,467.04870818391646,36.95869895538344,37.3936362597306
999.6291983757468,469.22570758172253,37.355222099214444,37.71489991529026
1001.3661919813294,470.58404612399534,37.532129053088305,37.91397905633065
1003.1688141874461,472.804914506463,38.362202634019,38.69482224744999
1004.9025546194187,473.54795957645683,38.63753488042535,39.51077983695447
1006.9057202919734,472.9090291421219,38.35096061539416,39.5844170728119
1008.7322129888319,474.71818676144534,39.509635988278625,40.90834731756346
1008.6292324354349,472.1413368614324,39.91010087925224,40.34720336758925
1010.6203965705905,474.67085308209954,40.20388039702701,40.43308364598159
1012.3569906599536,476.5181703054067,40.8147986636134,40.82287607925002
1014.1552148415111,476.1529873263308,41.19807136983422,39.7906077600582
1016.2503651565555,474.7687998921694,41.11638280029237,38.66429879049028
1017.6033230513422,476.3680466365061,40.86162362692989,38.512924442441914
1019.6012222643691,477.29675634664403,40.72588684638389,38.551394304392566
1021.7296922780259,479.04077749814513,40.56785428977337,38.82670344182006
1018.7933123827302,480.47007555246836,40.89320502274772,38.934919466962725
1024.718723567896,482.6324838351753,41.53695052350999,39.74024511346282
1022.8564577590496,483.3798719129876,41.850807092374524,39.91363607209609
1025.2767578774512,484.24780557179463,42.211668647563215,40.94455342245075
1025.679044128188,482.532899859475,42.759040115816155,40.490056985761925
1027.3454699143185,483.504195506685,42.86025531601633,40.45522631145907
1029.5235448853166,485.23453752236054,42.71926955859043,40.55797306624079
1030.1778970820321,486.8354503727898,43.23045041906583,40.98944814663226
1032.2810473104955,488.63285902598506,43.173502989482685,41.32636301797613
1035.0262169023138,489.2018976831955,43.489422961119374,41.925285215273966
1036.932663998618,488.89109904310317,43.394347982378285,41.679572925146175
1037.0692958120685,489.76029697724505,43.57851233399297,41.69248931272186
1039.1234922397202,490.8898622540918,43.57609176872833,41.430612176997094
1038.6720727661993,492.3455990357962,43.90094304487185,41.76996258819762
1041.9614316921184,492.2725417330663,44.29610214615897,41.38746696416521
1043.7718117628103,494.34493581411135,43.848193567275025,41.50953976398926
1046.397221707055,493.33377679620094,43.32314272175414,40.6237157099663
1045.1038660315357,495.1657140338676,43.64184870169918,40.31698845142986
1047.0558582640422,498.4112778814923,43.61760972008463,40.81940628840703
1049.3198292957886,499.78507928988523,43.46648345249022,41.84229602533211
1051.451260942721,499.5110562572528,43.20699235100781,42.382636402120454
1053.1099216305608,500.9604971993197,43.64420283567995,42.53232324357246
1054.596063631705,502.05042353930645,43.96348377479804,42.65334336633343
1056.147828567735,502.9951058801108,43.5932913050819,42.929109299959066
1058.2789193909377,502.9109609385285,43.586328164535686,42.78567738136585
1057.757456757028,504.6725640765719,43.76717762669115,42.7209214226618
1059.862464048193,505.74758191256615,44.156009479907716,42.62639722528275
1061.7324076976147,505.8165560865071,43.98718236172846,42.58720376021336
1063.5664022704893,508.07871866645553,44.396692605627955,42.666363707738306
1061.06694936639,507.43277478342253,44.50918483960767,42.47421216716369
1062.6242814646837,509.0496887892837,44.425892713333,42.33533959977728
1064.710250273638,509.34687655766317,44.57301637472105,42.1438876470028
1067.1964571077226,511.0308361618931,44.84146269190345,41.45202434674608
1068.5701813339836,513.9719047006367,44.45485408313131,41.57147418332115
1070.7149085107123,515.3450155705983,44.23734492010363,41.828838258827844
1071.8445897010688,516.7979279628228,43.96585180208582,42.042703415785034
1070.2171660296156,516.5292550218766,43.90284331003172,41.916841289865005
1072.8520854831363,519.317282063501,44.08481714713082,42.086575780834785
1074.7170499339113,521.3552323052884,44.08987359714303,42.350564823627444
1076.3797430272825,522.2164463607436,44.574332381103815,42.49414928595916
1075.3503036469483,520.0182994617809,44.63905525798314,42.287537810447006
1076.9029769557908,521.9299586337419,44.65445143814965,42.16427744992342
1079.5530472089222,525.8614275594422,44.47880739184809,42.3846831043823
1081.6987857204342,524.5962184893402,44.59670842058187,42.30403251900011
1083.1433217310173,526.0988629281266,44.4920754863295,42.19980565314635
1083.502997375298,527.8828702466152,44.234256790541586,42.11016931206743
1087.3518444081087,528.5073370424648,43.89570884308415,42.17230139419649
1086.860939719574,532.2740923403439,43.87858633538836,42.20876760507866
1089.427438011238,533.3044430773652,43.863631744247606,42.16935214177827
1089.6688055519912,533.5842485422066,43.88320073988963,42.10530090447824
1089.9767577970786,535.7231600015793,43.8627247165117,42.09546809803758
1088.6455771919955,542.0970743231118,43.90553331437339,42.09089507020711
1090.3330780777007,538.5384704474295,44.184645312493885,42.41585123465763
1091.7355157861598,535.658359758172,44.237496946357126,42.20657493250869
1091.7052331229268,535.3326921286204,44.308560319698216,42.050170933799265
1093.4343566920345,538.1987363717792,44.39398383577971,41.99351274533311
1094.5787306351908,540.2111868910787,44.194698229740396,41.65284632587487
1096.4820880377142,543.9557768863708,44.438795192271556,41.72750910872803
1098.5607460066083,546.3534347268636,44.33602942538194,41.750964790047135
1101.2731445173054,549.3106155761267,44.3029865543787,41.77178375558363
1101.8770028440463,552.2108628702867,44.2493836704278,41.969488630154146
1103.3651519078023,553.4362979754998,44.226805635689495,42.193590953907616
1101.0187777977483,551.1423213008138,44.25837526693025,42.27119884429511
1102.5709500061,553.538248881214,44.22872262268765,42.4034617254869
1104.9351165383407,552.0070485380927,44.18401382578428,42.336238998643644
1107.226998980745,554.8566667059599,44.06808341363207,42.2837922136905
1109.7665527438876,556.8121405487939,43.96318853383126,42.21801359540541
1111.8088766434714,560.1617698744761,43.958328942671535,42.231996521189274
1112.8019357362018,562.359385704029,43.88685309119488,42.279483367942916
1110.892096271999,562.7690549488351,43.88496829889752,42.28192222208073
1112.8917521051922,563.5003253940017,43.84995106610478,42.28919944698201
1115.541005028961,567.5860985359984,43.81205007696568,42.31243160537131
1117.6961769734405,564.2729793584776,43.78928858546744,42.39797476998325
1115.7881029119173,567.045366988952,43.79731598097475,42.41180851782369
1116.695685320962,569.9191685879827,43.78865445878419,42.433675534605875
1118.6351112486916,571.5631453219361,43.72050206621542,42.51528993779295
1119.3760207241046,572.3385212975468,43.719518076327,42.52558840161062
1122.278190573302,573.5256363735741,43.718370516604026,42.68036520756358
1120.4331611781724,576.461716140735,43.684201401589604,42.74125010683576
1119.6081082925693,573.8135291805568,43.72523734857717,42.84260144418431
1119.163379004773,573.5771280014844,43.777797120458644,42.8491715025244
1122.2081272816702,575.8204391323261,43.7060312795554,42.83155864025507
1120.125668084519,575.0876180285811,43.7301568271777,42.829915691494904
1123.7383834692598,576.070918890278,43.593501692461636,42.811342532554384
1126.3034171021684,579.976847570837,43.28911802039464,42.72356048881918
1129.4734035100844,582.7029618633078,43.04118622018783,42.625534174385294
1130.3187885639747,584.9172736256938,42.948347020610235,42.57351282246492
1132.2030807122567,584.0483827252968,42.80415237248393,42.663940497282226
1132.6007874499182,585.8489915974096,42.294078252629404,42.45227963782237
1135.0139161217119,588.6856317271059,41.995759751815335,42.41475682471871
1137.7684427959323,589.2479751576424,40.896206525444796,42.203934099388036
1139.7112486513722,590.9894180553877,40.14926668956507,41.59060091620218
1138.5611255142308,591.368352723134,39.97282839353545,41.38567957875656
1141.1760098262082,593.5776353057066,39.26886238188518,41.017437899939225
1140.5786961590877,591.7222804877008,39.034366791321645,40.42986872735713
1144.7640520677783,593.8991875706723,37.791676214175,39.61906908778131
1147.1619806074898,597.3972584943542,36.92947391990805,39.515047601745714
1150.2822486185069,599.6342630053828,36.113376374436655,38.97678381894629
1151.1671817784857,601.390869456667,35.486820601353664,38.58852514001077
1153.0921200592454,602.3852279381136,35.33288215018614,37.71911664879711
1155.2372355518487,604.6249117156207,34.09700297161988,37.6057464082361
1152.8069362166666,606.4096322345822,34.25826082167176,37.8936204337898
1154.6235405276464,604.7634908945005,33.78482697998551,36.93430094110165
1156.5599766057653,606.9148937923806,33.61347765089618,36.548456815263364
1155.6596820673478,609.4336356429059,34.562260087105955,36.222566742142426
1157.6882896971706,610.2664763615333,33.770395169257256,36.373413625200016
1159.3440270447609,612.2879775767462,33.586529727006436,36.266919373485024
1161.805080652213,616.1312184978957,33.15738821034427,35.94124685735799
1159.3383962297469,613.9874390039108,33.92509238242534,35.95663482481988
1174.4567493705329,632.6353321501083,31.156724113548645,32.591604147659325
1176.3519492098112,635.0490711617293,30.455145846124626,30.00809890273772
1180.7478495995708,637.6961207615566,30.60249301582395,29.04624457613008
1178.8074472263147,637.0435677183101,29.554876741828384,27.39449488869725
1181.1824222982298,636.2591915711314,27.65326949350643,26.72371471235147
1178.8472628673514,631.7852483433148,27.731631262977885,26.774720064469022
1180.4741268161424,632.965424728797,27.26950645377477,27.441520308641316
1177.808620353485,631.5923463486513,28.449129303406238,27.870057745202274
1178.6120467742414,629.7886194980869,29.170409091287702,28.569331209514694
1179.0913225192467,631.8772633317061,29.953778072468413,28.435317468057494
1178.2580500382592,629.1227109767195,31.084335180439446,29.693987302542347
1183.1356107932122,632.9698694629287,31.80420451526027,30.46092826469433
1181.8812869384033,630.9473402789444,33.00380834060078,31.792066039401277
1190.3988702993806,641.4284534323305,30.35546718016932,31.61618616817593
1196.1942896354658,649.1751712324374,30.336436369327178,29.121056842376326
1194.8874571780457,647.6541119348644,29.611707119128308,27.849462363791602
1198.0806146886223,652.3909372724117,29.24511408283825,27.149767987525188
1199.1724726549546,653.1478521329539,31.14725172683384,25.691815951987763
1200.7717212452706,657.8120771375178,31.264733550108488,26.418610388660685
1199.6323960803034,652.1868152721871,31.437114043616738,26.38725087957585
1197.6069986522841,647.364847305602,31.872727930417263,26.976293319093937
1199.3882985867995,648.8899800801786,31.824623910995705,27.36665582169845
1200.7832891977516,649.7057929518747,31.955350391728103,28.43492021502484
1206.5949239041504,654.1684657210149,31.25449003654794,28.569877411119776
1212.3430451716588,661.1920716121865,30.993736393132615,26.97640098033893
1208.0303909063273,654.6881974701198,28.801532411588667,27.76670389093716
1210.8071166797022,656.8193000012764,27.08128704159673,27.57646690723732
1211.5416502296443,654.6457082989739,27.096938264466104,27.98645548762341
1218.0004600334087,664.2718887308898,28.257138481156353,27.1917972605104
1218.6012220185974,665.9863801772273,28.99564746976312,25.318684423987968
1218.271369348515,667.847259258284,29.213443019888803,23.8487420577728
1220.6101396848912,669.6567856601961,28.472029056120654,22.89797843851888
1218.0846976879013,668.3643223035808,28.55586440508106,23.428477051163508
1222.3634033892556,671.1582568064041,28.56594262639622,23.78609602159121
1220.3215076727988,664.7251831856771,28.36425737473942,23.592459327498247
1225.3430622255296,667.6600534719535,27.16267811546933,24.398850957094048
1230.361919940239,676.3935741317175,27.2369164214019,23.96698114635506
1230.534541067397,678.5602491956987,26.887378817965082,23.19809940218174
1231.620586995916,680.1633710104053,27.22730325731328,23.213504942690395
1232.334132254902,679.0799369102465,27.772701142661987,23.526544712832106
1228.633557625819,677.4998127721766,27.724097593210423,22.822870869831306
1236.3251803183466,679.4774837721823,27.519814915674992,22.970472290230106
1234.8330696419875,681.3307451780912,27.89147218147889,23.22887715175212
1239.6772724733275,686.8215813019775,27.365511587158338,23.34686005534682
1233.880257199583,678.8526566016493,28.698174336795795,24.548305037057894
1231.5221507245788,675.0819100814765,29.852230609558486,25.214164837657236
1233.9683956785416,676.8090549398929,30.598679605441035,25.495440306371336
1234.3174572916496,674.3675226283879,31.243955427076713,25.458811936217554
1234.306836178046,671.4396036443251,31.671821494615717,27.000555360885926
1234.070779590933,669.5111895018191,31.673574866595956,28.31645194423779
1233.6710318942999,670.9864411743125,32.322740670018476,29.034550588997135
1238.4571221726073,674.2195352392228,33.02296001574712,29.67500613593444
1241.9011598146003,684.2992637212878,35.66575326203474,31.457657326101025
1242.3799411104792,683.7009849956241,36.86105321910487,33.636163629967506
1239.4607399690601,680.0531263470331,38.71842217674783,36.83816144472786
1241.965316629532,682.1065994399778,38.977640437835504,37.595747729541465
1239.3080229276686,679.5162687542303,40.237494565195206,39.39362711861473
1237.5136507812972,677.1240178881703,41.43102096243007,40.48771442202367
1239.7599501803513,679.8824224518527,40.906546553970244,39.79480361008849
1236.1151227352768,680.1438192207728,42.658344388455106,39.97133563377189
1238.8599865395338,682.3000768391953,42.19840193619122,38.94072652485641
1236.9211629280408,685.6547211999155,42.65866024316148,37.08123028388491
1238.851629647231,684.4178747378654,41.96044653134352,36.48549571775055
1241.624541868729,686.9969765158111,40.504099627410014,35.22922392455456
1244.3428179308703,690.1038577767074,38.90447682441648,33.44206662737143
1247.2075116654232,691.1888121868129,36.38759851058413,31.790544647980596
1244.7985503775187,693.1347590572627,36.48971603268231,30.187499784034063
1247.6816239185337,694.8674316017858,34.7426271781914,28.53134353776136
1250.88264004032,695.3985351455954,32.408450769579986,27.35947153315016
1248.7518271191045,695.9343842558071,32.01672578193272,26.59087389866418
1255.8190022120016,696.1599162095175,29.55426585492746,26.399873162630083
1235.537338226891,678.7120953657294,31.296274245070293,26.90383699376094
1235.4028316673453,673.0851096820971,32.03587604824429,27.345178661318364
1234.6930907997196,675.0300287449759,30.564778559862564,26.20602718106886
1237.6550072064329,670.2401595405989,30.742111517920254,25.28551381980305
1236.5564515274382,671.0007499140409,31.77579361565606,25.02132159830983
1240.6086099445629,670.9220828274748,31.752645909824253,24.922872690387347
1243.6931759206982,672.0278526642653,31.592104655796213,25.016501168661758
1243.5143559513956,672.246409894849,31.536193263834555,24.955569263646805
1244.7688157359528,680.1950362810709,32.31899885341187,25.605481408195036
1243.7489102467052,677.8043042653441,32.4232553275122,25.81490106709025
1242.4455883709852,682.0116208959079,32.57444711362021,25.53785630693924
1247.7331518646372,679.8865759377256,32.65084753110158,25.999753474280258
1245.3276025579103,689.3163131314711,33.442269936059425,27.843007358273482
1246.7975504255357,692.5311518845539,33.448556451785166,28.126296771053397
1246.3872836494993,689.7152122758348,33.857056922803224,29.194218774136132
1252.74509179032,685.9966995565476,32.0780403726069,30.69111207159732
1250.957384575216,687.0260141142651,31.203549407307122,31.86871952842791
1252.7651472947198,688.5374370308549,30.19843656595603,32.037020545834224
1255.005701378441,686.7495294925885,28.559071867751697,32.186413503226206
1254.738533083452,688.5561698270988,27.920205943081392,31.82574971653012
1253.6845325125755,690.385401829218,27.9832089158889,31.00432184510389
1251.888141212519,692.7514322288866,28.47666442859954,29.77841033775904
1250.436406468275,695.3843588738099,29.122123052829703,27.958716410705467
1256.708531698261,697.34086684374,27.386718112877485,26.002724091450766
1256.539081981151,699.1640582824047,26.093369622292997,24.15501675123082
1258.3890393523818,699.6870550195702,24.090033859323174,22.865508262251264
1259.6296608153375,699.2748414480785,22.66025119952502,21.914399821738535
1262.0063237667314,702.1419079268071,20.85406885142482,20.360991961937643
1260.8471009984144,703.8776541115683,20.674299666379394,19.21377937757132
1262.5367139753282,703.6609458328095,19.526931012356428,18.08951008303817
1266.3005409664859,705.8008236396804,16.95645323853722,16.896294691464494
1267.3427673491149,707.2406357555097,15.635306137341486,15.33824943929783
1268.3003987502796,708.5638756018818,14.571571502736942,14.126145509493313
1269.4239355775835,706.5912107824265,13.47993913230848,13.8765479328276
1268.0285087096665,704.8872796000742,13.274718191628951,13.78055363859684
1266.1792900560008,705.727319823881,13.513640881040526,13.658601547916815
1265.1302003799542,707.6651521027025,14.155410778787758,13.171982705605885
1262.3022430858887,702.4170190176922,14.178604419653098,12.476487858780835
1261.0760162420843,699.8800042776064,13.839256654625263,12.427619237145592
1259.7531189029235,700.5670321657559,13.198823153015592,12.208951339264491
1261.009429076622,698.3418330975675,12.91917399702485,11.696847949762443
1262.300482152614,695.8970059995925,12.754189732247601,11.527320932333659
1259.972297982787,697.9129982047307,12.69971212463598,11.426446904137292
1261.815050581925,700.1333957555627,12.40089515878183,11.32005579417241
1260.5393437765788,699.857485507185,12.2750779345135,11.201176217685816
1261.5825913569138,702.1165236038842,11.868033762613013,11.00954274279312
1261.9096411951907,702.2411847651347,11.736967228148645,10.813191306522718
1261.7258211144544,702.6015041449259,11.711853788547083,10.782158259830783
1256.8890888061483,687.6036616545846,12.00955928040367,11.001857522739972
1261.7043003908109,686.1783760706612,11.579888369379203,12.516464487705797
1262.9878458228575,685.8294055666,10.73369136514935,14.002525765603691
1263.4464472635782,686.5542447559732,10.303350666325054,15.306772710343708
1264.1708315007065,686.4493576645036,10.37619626677545,15.462076831026977
1262.9938949910636,686.812036795455,11.032281047536056,14.573796663606679
1267.09807130374,688.8436694338952,12.187991685122746,15.446619948737776
1268.8535446340516,690.5435509883116,11.84344593392331,17.349606473694223
1270.7675688271634,692.8671547287688,10.856805323578609,17.949858404400807
1271.5346842680858,692.7386343494626,10.285777871909538,18.7688803641851
1272.4137983322144,694.4434962385478,10,18.60422418245035
1271.817442893982,695.6800496328464,10,18.596090843560287
1272.3385438919067,695.1842528589652,10,17.79477667647869
1272.4979372024536,693.6797374834929,10,16.394150902765293
1273.1198148727417,697.009250561167,10,15.096475760600553
1271.4720962230022,698.3530998086217,10.047665082682396,15.027959852361274
1271.3707498004187,700.7948002000362,10.099261583855187,14.582173510450101
1270.6764822006226,700.5754777572163,10,14.68003623056267
1270.8377332687378,699.6790171927046,10,14.359927879605426
1271.706274986267,696.3670747993167,10,14.021326399291407
1271.4563779830933,699.5954244417792,10,14.259378853868377
1272.1503019332886,697.5497326882257,10,14.21631717054552
1272.5925512313843,693.6754561245946,10,14.681625211138028
1271.7383451461792,692.3113513840956,10,14.608588049069507
1272.754246711731,690.6506771100184,10,14.45028419243885
1270.8867986224463,694.4755853987207,10.01333474668436,14.258998041059588
1271.4187459945679,693.3901510327366,10,13.992553693193672
1270.5479759981058,693.3193193306174,10.0934610744672,13.584999873311133
1270.8464251954308,693.8041714845311,10.011806210090516,13.631607210991369
1270.864594846705,691.4481553390644,10.118594348948795,13.249458441133918
1270.8912858303147,692.2077166737716,10.122512949355968,12.58201271263736
1272.3590211868286,692.2477508117555,10,12.523131265282856
1271.6370840072632,692.5748651561486,10,12.27426756673118
1270.9485006332397,693.1019538245631,10,12.144383747968519
1270.9867086410522,693.8283280009751,10,12.30426051721465
1270.7840394898847,694.1682155097955,10.086944595059663,12.419155604554591
1269.7041580780574,693.7330780444701,10.512896993909601,12.479253685840245
1270.0945905378842,691.6696264872573,10.667681946082002,13.007997010226408
1270.7354148250754,693.3367883320236,10.402512863887486,13.60815970985421
1271.4947962104675,695.184111926011,10.111708772302265,14.50522547353934
1271.6733446121216,691.1996024998346,10,15.022111147181416
1272.1165437698364,692.8761023903505,10,15.630811805602734
1271.5168046951294,690.3953876183617,10,16.856569352509865
1272.2513418197632,690.1353539344223,10,18.140648103445542
1272.2676801681519,688.3448707156923,10,19.09761780628631
1272.6444177627563,684.2066374742631,10,20.20527630574641
1272.1380949020386,682.1044942065472,10,20.438920751334372
1269.2837505219381,678.9729822988646,10.505804086128773,20.498266435595927
1272.3693780899048,676.5741209788836,10,21.556658783809922
1268.619628213685,676.8256090967126,11.06676812402143,21.0020239177808
1270.2156094347015,672.8693642155228,10.766765826031595,20.759987923324573
1265.5730663935894,668.4691933692417,12.596068064261383,19.793670832927692
1262.4536953964748,669.9675095796027,13.876722137348139,18.67003188144396
1262.1237980040069,669.4888680783962,14.690409439374015,18.31817181745083
1262.6409648066237,669.1618185272289,15.08970010171811,18.095867111191602
1262.4634511511467,672.4331541850383,16.088068477125297,17.957515558756278
1263.484904059831,670.9831471974708,16.022320252530296,18.506905449418838
1261.5762680191035,670.3680273348031,16.860153552247198,18.3138129603987
1262.2280205424192,672.8835693286759,17.15383936254912,18.110464873531917
1262.866196331442,669.6678873474347,17.143196707843376,17.959019387772393
1264.2055008674836,669.7212298425737,17.019336170916635,18.066323655306682
1261.8277720280157,669.2233096441516,17.579679714110313,18.393768056057024
1265.1526107519167,662.8719581324377,16.694200569530842,20.025063761369744
1267.3491988394148,659.395463134838,15.550024943851145,21.725589462135495
1265.8662913192486,659.6085016554957,15.474503924613105,22.05669931046845
1264.6697455245594,657.8906904564178,15.872333367995594,21.456341484015045
1266.1028573095805,663.4123527976592,15.108374202250154,22.58422041481345
1267.8315335753236,652.7432635460726,14.367597293322254,22.8943265608088
1269.3482567809249,648.7392041940572,12.97897204911208,22.532114454292948
1267.7964036907529,649.6436652943886,12.83452454293273,22.692758598844797
1266.869750722094,648.7361243689744,13.48163846364877,21.795346553188814
1268.0760425965616,647.1222235049297,12.656357876334939,21.447930080594602
1270.437413948843,646.031148246233,11.796102964741053,21.5681909495507
1271.44516886341,646.8695226260323,10.943228938829797,21.65181053712
1270.5445561856727,646.1975882299643,10.723317056755077,22.1973013385335
1270.848460341096,646.0828030120343,10.658248614072644,21.098731515604204
1269.7591622778632,647.070095874356,10.806346235899367,20.485000893499933
1270.711222377284,648.4029229072777,10.586765831979829,19.941478175312746
1268.9313858382168,651.1919017368368,11.32289536153038,18.744051827229775
1270.1684382684055,651.5671269129587,10.867303226983068,18.933592472300568
1270.0368475358148,654.1414755312525,10.891463390894693,18.72849875133788
1271.8681554794312,655.3005074957258,10,17.83553324158069
1269.845829641636,655.805977294379,10.638157534964943,17.343659501207775
1270.6307206939343,656.7312934968361,10.293629489206491,16.72954595615702
1271.1223564744394,658.3558935228901,10.13344371310866,16.46808546703719
1271.5127000808716,658.7557888460452,10,16.58394423478942
1270.2000518883804,654.2458921820594,10.230704099826061,17.170117109880373
1270.4214150429646,652.3509628148544,10.36456928235724,16.971755629446438
1271.141182899475,651.5172682857474,10,16.40010812760191
1270.921389579773,652.5767905862251,10,16.002800434605387
1272.3483476638794,653.2577983665972,10,15.751899375814345
1271.33464717865,652.7363255831623,10,16.129454928035845
1271.4436082839966,653.7755620402943,10,16.13163234336168
1272.2555360794067,654.215178312503,10,16.21194111974497
1271.6117181777954,654.7341671835437,10,16.30586797971439
1270.441626548767,656.668700302967,10,16.46921522353391
1271.5624055862427,653.8651912458599,10,16.594135712015586
1270.8374967359216,651.8712306501491,10.062027020710616,16.532217883661797
1271.6209287643433,649.6891955412145,10,17.236089889860967
1269.5026694938817,648.6195968993972,10.340346971098779,17.537495730624695
1270.1392483297545,648.7601935950828,10.587063872107166,17.22747848671424
1271.0257294980674,648.622228492889,10.036300021809563,18.194311401062876
1271.292016029358,649.0370249573765,10,18.045405422771463
1271.7227029800415,649.1705360194006,10,18.370904966203543
1270.6814107894897,647.7876783342122,10,18.749169164705485
1269.0025448229676,644.1523341203269,10.664334411071557,18.359586901558064
1270.8990296850138,641.8010045538431,10.334400270475406,18.572271058939805
1269.2148333836014,638.5756393529044,10.734241237557766,18.188093929078807
1268.3106111524924,636.5402648711076,11.356654358223363,17.976707882906812
1270.75396134193,637.792905619205,11.088396514748194,17.495722193596798
1270.3704736849459,638.709513750025,10.62900769297433,17.683086223704738
1270.096897636571,636.7498843333551,10.515927245778897,17.68057305387076
1270.3065822004269,637.45862106123,10.469933057031911,17.82757942600182
1271.3343229293823,639.0498950597075,10,18.5417675740663
1272.0635480880737,638.861858204497,10,18.442629187319444
1270.630144615864,638.8012904394973,10.175122221518905,18.03019919607872
1269.712255482391,636.9812671445227,10.429422369569,17.92184032948495
1270.102687753497,636.7327503233213,10.361154720666958,18.082242196985355
1272.3113584518433,637.3447465764826,10,18.841682460437973
1268.8184286838139,635.7015992988075,10.695492409593793,18.193517329509017
1265.1994717261693,635.2610043067541,12.764575453300942,17.651813789445814
1263.2224507406913,636.2290828491351,14.291752800233386,17.5714191863732
1262.9581878316058,636.955303029345,15.49666259057284,17.23063501491835
1263.2879081052824,634.549343477708,16.556879941168468,18.482739665067395
1261.8129293381294,634.568985706842,16.887048351939626,19.40991638843996
1262.2564899951758,631.3837191868101,17.445300573002868,19.58049062723417
1262.9058269611266,631.2971768760774,17.566327263659627,21.000760002117644
1263.43102956312,627.4864028715205,17.56702374424308,22.19160580175891
1264.0353110673066,627.1203108215761,16.993714642120377,22.945571823034292
1264.7005500314551,622.4411665678809,16.66746339839332,24.049374246440276
1264.3184431931586,618.8603847065319,16.253309460240633,25.623352519919546
1265.003335473801,616.2273801613904,15.98668957180756,26.15810703256577
1265.4139940855646,611.8799700157093,15.786565280408965,26.82308876191628
1264.5688747541906,607.2526654783962,15.884373828410764,27.75222023644479
1265.4521192744787,605.3355205939507,15.431559714592256,28.18543273482796
1266.550989330401,608.8010418444501,14.924081443567758,29.51853513129017
1267.6529251321701,603.6083932389389,14.512049439639348,30.009560491726674
1267.0521903073573,599.3461091944631,14.12785624746817,30.75795975743619
1268.4716810099378,595.530844988018,13.250033594748434,32.57057130020918
1268.5384827756045,593.2036835000265,12.627599497008603,33.20978807502033
1270.142893098874,593.391534626703,11.512162639532196,34.02269208387424
1269.9723742509198,592.0420923360474,11.105740923819864,33.83790204360347
1271.3071945739064,592.529911275887,10.561023983901089,34.34347296519374
1271.6127157211304,592.3354235679967,10,34.26320247032988
1271.25989818573,594.2872733826924,10,33.77280240148525
1272.3393239974976,595.6591520980788,10,34.11575303956016
1271.8764600753784,597.5465833321921,10,34.26036231205621
1267.841166661252,594.2793032897736,11.319602636358287,33.74144797062368
1269.214947996452,593.8215640173455,11.304316882462203,33.24968469419075
1268.3665529966834,592.8569153338022,11.602326059245726,32.8971980036602
1268.049011108872,592.6359743429325,12.281866316801619,31.03512490727465
1268.7405727109974,594.1757935070924,12.390808542238567,30.457241339697035
1266.7524064981305,594.3711593877774,13.188483436233993,30.160953853229316
1267.621602840343,597.9406127576464,13.23920665757078,29.81609923751482
1265.6515260580395,595.2993758523331,14.10950548584973,28.16854222538754
1266.6003708297383,592.1573866898646,13.945801843331246,27.646536053254287
1268.836404829604,593.4120205464483,12.81843751791626,26.880882536864114
1267.8226174152821,594.123006254063,13.003208391481778,26.033358753470733
1265.3405782075893,593.133184133133,14.181283694074637,25.656763676483124
1267.7560556690812,589.8275721808664,13.650095311617894,26.163480134727337
1264.694198591754,590.7336676062556,14.930685076623949,26.294892799573734
1266.0254475953375,591.6605838480697,14.82192089514039,26.401044141629125
1268.3894218123135,589.1328300833707,13.806794421637896,26.82541000842962
