775.0,410.0,8.0,9.0
773.4679183959961,409.81514739990234,10,10
773.6425971984863,410.06457138061523,10,10
773.4740333557129,409.46785736083984,10,10
773.161693572998,409.90766525268555,10,10
772.6007862091064,410.4242820739746,10,10
773.1686687469482,410.04509925842285,10,10
772.4055595397949,409.6907253265381,10,10
772.1587200164795,410.38000297546387,10,10
771.8933906555176,410.18646240234375,10,10
772.2887382507324,410.03626441955566,10,10
771.616491317749,409.8042278289795,10,10
771.7989101409912,410.5616340637207,10,10
771.7049007415771,410.35595321655273,10,10
771.3442630767822,410.4040069580078,10,10
770.8461380004883,410.45556640625,10,10
771.093843460083,410.412935256958,10,10
770.2691268920898,410.3909091949463,10,10
770.463171005249,410.417272567749,10,10
770.4764232635498,410.65460205078125,10,10
770.5688610076904,410.9240493774414,10,10
770.7923488616943,411.50625801086426,10,10
771.0694961547852,411.0608253479004,10,10
770.409294128418,410.8906364440918,10,10
770.9984588623047,411.8354969024658,10,10
771.7067623138428,411.79533767700195,10,10
771.8870143890381,411.8104076385498,10,10
772.3516216278076,412.06871223449707,10,10
772.3089408874512,411.64000511169434,10,10
772.8243350982666,412.31628608703613,10,10
773.5705127716064,412.09457206726074,10,10
774.2116832733154,412.1072483062744,10,10
774.5827312469482,412.3698902130127,10,10
775.5592746734619,413.037389755249,10,10
776.5888843536377,412.70666694641113,10,10
777.4093418121338,413.5064010620117,10,10
778.3262157440186,413.7334785461426,10,10
779.3566989898682,414.4042778015137,10,10
780.4597263336182,414.27857208251953,10,10
781.9514446258545,414.4979000091553,10,10
783.8105411529541,415.12277030944824,10,10
784.6232452392578,414.9317321777344,10,10
786.3239974975586,416.29323387145996,10,10
787.4093647003174,415.8929023742676,10,10
789.0903701782227,416.8900852203369,10,10
790.443172454834,417.3490409851074,10,10
792.4113273620605,417.20898628234863,10,10
794.3713912963867,417.531644821167,10,10
796.1623344421387,418.2121181488037,10,10
798.1510391235352,418.1206760406494,10,10
799.468053817749,418.6085910797119,10,10
801.4645366668701,419.4464302062988,10,10
802.7996692657471,419.8661422729492,10,10
804.3104915618896,420.5473327636719,10,10
804.9063892364502,420.4691753387451,10,10
806.2209930419922,420.8596305847168,10,10
806.3769149780273,421.60042572021484,10,10
806.9927005767822,421.52004623413086,10,10
808.2779655456543,421.7220153808594,10,10
808.4096183776855,422.2604236602783,10,10
809.3001518249512,422.20494079589844,10,10
809.9235000610352,422.4102382659912,10,10
811.4223899841309,423.0715618133545,10,10
811.7473545074463,423.1827392578125,10,10
812.8753051757812,423.4843215942383,10,10
813.8975315093994,424.1416702270508,10,10
814.8438014984131,423.90283012390137,10,10
815.6790866851807,425.0491123199463,10,10
816.2599716186523,424.43857192993164,10,10
816.9301929473877,425.2427444458008,10,10
818.4560623168945,425.5586681365967,10,10
818.8618030548096,426.07147789001465,10,10
819.9502048492432,426.51555824279785,10,10
820.7854862213135,427.36302947998047,10,10
821.6043643951416,427.4189910888672,10,10
822.0856628417969,427.7329959869385,10,10
821.8241481781006,428.53000259399414,10,10
822.9157657623291,428.55601501464844,10,10
823.2951831817627,428.87012672424316,10,10
822.7834491729736,429.38524055480957,10,10
823.6809177398682,429.2982921600342,10,10
824.0457210540771,429.3325443267822,10,10
823.8044414520264,429.8209056854248,10,10
825.0690155029297,430.485631942749,10,10
824.6728477478027,430.5729331970215,10,10
825.7556705474854,430.8820495605469,10,10
826.2363300323486,431.5911979675293,10,10
826.1858310699463,431.5955352783203,10,10
826.6576442718506,431.7261734008789,10,10
827.1934452056885,432.29529571533203,10,10
827.5950775146484,430.07225641125444,10,10.601077387452051
828.1007099151611,432.4509906768799,10,10
827.7481536865234,432.81387519836426,10,10
828.3417472839355,433.4895763397217,10,10
828.4410171508789,433.22653579711914,10,10
828.7025451660156,433.3990936279297,10,10
829.0300903320312,433.92916679382324,10,10
828.3189563751221,434.7870845794678,10,10
828.8184680938721,434.7906608581543,10,10
829.3037261962891,434.82458114624023,10,10
828.9757213592529,435.2683925628662,10,10
829.6947574615479,434.81821060180664,10,10
829.6440982818604,435.7731132507324,10,10
830.1646900177002,435.4974117279053,10,10
829.6093921661377,435.8090114593506,10,10
830.076961517334,436.1015911102295,10,10
829.6752090454102,435.4245948791504,10,10
830.1345062255859,436.18811798095703,10,10
829.5198860168457,436.1675834655762,10,10
830.0047302246094,436.3541965484619,10,10
829.3051376342773,436.8104553222656,10,10
829.2982730865479,437.49152755737305,10,10
828.6970977783203,437.533166885376,10,10
829.0802383422852,437.26402473449707,10,10
828.0032653808594,437.8650779724121,10,10
827.3654689788818,438.71100425720215,10,10
827.1051197052002,438.738956451416,10,10
826.4026737213135,438.7684135437012,10,10
825.8574733734131,439.0086135864258,10,10
825.5569362640381,438.35423851013184,10,10
824.8493824005127,438.92310523986816,10,10
824.2321853637695,439.8690376281738,10,10
823.4119815826416,439.59449195861816,10,10
822.8404788970947,440.21409606933594,10,10
822.9267711639404,439.73669815063477,10,10
822.3881282806396,440.56890296936035,10,10
821.679615020752,440.36929512023926,10,10
821.0694465637207,440.4052448272705,10,10
820.2151279449463,440.92573165893555,10,10
819.805585861206,441.50843811035156,10,10
820.1797618865967,441.0707359313965,10,10
819.2013320922852,440.79503059387207,10,10
818.7384643554688,441.81175804138184,10,10
819.2581768035889,442.1784248352051,10,10
818.6617050170898,441.59587478637695,10,10
818.9365539550781,442.0508232116699,10,10
819.1468296051025,441.6762275695801,10,10
818.2090320587158,442.4594612121582,10,10
817.8097114562988,443.0502166748047,10,10
818.4725723266602,442.7024230957031,10,10
818.9263038635254,443.20262336730957,10,10
819.340368270874,443.7859516143799,10,10
818.8975276947021,444.43610763549805,10,10
819.4011611938477,444.7445545196533,10,10
818.9309158325195,445.34106636047363,10,10
819.4944705963135,444.7185115814209,10,10
819.0772762298584,445.4603862762451,10,10
818.8746891021729,445.5679244995117,10,10
819.8939990997314,446.0278606414795,10,10
820.4357738494873,445.42810249328613,10,10
819.8368320465088,446.0608654022217,10,10
820.4696788787842,445.67041015625,10,10
820.2233276367188,446.8377628326416,10,10
820.3370513916016,447.41883659362793,10,10
820.7490367889404,446.93062591552734,10,10
821.21337890625,447.52571868896484,10,10
820.4414100646973,448.10623931884766,10,10
821.0343208312988,447.44682693481445,10,10
820.9449462890625,447.9781074523926,10,10
821.7485427856445,449.62429428100586,10,10
822.2286033630371,449.0099334716797,10,10
821.6781921386719,449.6018180847168,10,10
822.2143020629883,450.1843795776367,10,10
821.861478805542,450.5676326751709,10,10
822.346284866333,451.27276039123535,10,10
821.9373645782471,451.77302742004395,10,10
822.6800861358643,452.2775287628174,10,10
823.0685386657715,452.80357360839844,10,10
822.5168018341064,453.39662742614746,10,10
823.0379047393799,453.91162109375,10,10
822.7329120635986,454.5952548980713,10,10
823.29660987854,455.1417980194092,10,10
823.5421524047852,454.3757152557373,10,10
823.9554920196533,451.1194589349036,10,11.702351051091227
824.7885684967041,451.2708762533665,10,13.059447597026784
824.3038673400879,450.6198879779704,10,14.16779011461586
824.9742240905762,450.7434913952239,10,15.020024808429149
825.3961982727051,450.88575882647905,10,15.644387345821233
825.0403919219971,451.6334608250698,10,16.12849079492883
825.1735038757324,451.75140816362165,10,16.409945360989134
825.6106967926025,452.4209667734057,10,16.683098496645588
825.8558006286621,453.4757249576072,10,16.72396130915085
826.158634185791,454.4606685875937,10,16.746707868757873
825.627815246582,455.3151486886834,10,16.60896424983048
826.0121154785156,455.5604727297963,10,16.495090001833148
826.0116729736328,455.7526073708084,10,16.453800150961335
825.8712730407715,456.5684775386003,10,16.34251040741852
826.1668529510498,456.6857593092696,10,16.49206780724204
826.688455581665,457.5257621116555,10,16.63135617830023
826.8479309082031,458.5863532915145,10,16.576831838601848
827.2150173187256,459.19937637195943,10,16.62764496115922
826.4844589233398,459.54655364649,10,16.576627661853998
826.8072662353516,460.50665322454364,10,16.55026929554164
826.8045501708984,460.43417928054515,10,16.517795613714398
826.9794845581055,460.97149894987996,10,16.449149164449025
827.3480796813965,462.19468763177724,10,16.306246226924063
827.9167308807373,462.90676828863485,10,16.119595594361193
827.6235485076904,463.10165332362106,10,15.89576867014068
827.9495315551758,463.02827132818965,10,15.820154883903873
828.3598175048828,464.4307343868755,10,15.688354987235366
827.5908641815186,463.9940363829129,10,15.581606494428085
828.1432209014893,464.8351844887568,10,15.606074503931751
827.9091758728027,464.79896660620597,10,15.647622665273657
828.8112564086914,465.0939968571901,10,15.599699309301357
828.9430980682373,465.237121246173,10,15.735508636804404
829.1718425750732,464.70082019436677,10,15.93854668402033
828.3949356079102,466.0655035710161,10,15.845738463436538
828.8936386108398,466.28315079606864,10,15.907285443995498
829.5353755950928,465.67775886584013,10,15.819214476571656
829.0233020782471,466.4602391759808,10,15.694485179532503
828.8531341552734,465.933791182519,10,15.831026033399556
829.9352912902832,466.87942699257707,10,15.82068626753139
830.2864799499512,466.8465758561605,10,15.878167867757156
829.5324592590332,466.9931012048702,10,15.804717847827948
830.0483665466309,467.1461135308488,10,15.810334888985984
829.5876846313477,466.5340505217217,10,15.686632995863231
830.3184051513672,467.09845865081144,10,15.523286098035374
830.6176738739014,467.4434830754423,10,15.476471501703235
830.3070106506348,468.0446157273301,10,15.500921285818345
831.1262855529785,467.7676872652443,10,15.491305462187121
831.2230377197266,467.5842752110765,10,15.53663832906773
831.314208984375,469.0151560492022,10,15.569346867660082
831.1348190307617,469.3077812745338,10,15.59712971167454
831.1613597869873,468.9184406127569,10,15.480234558177548
831.7492485046387,469.42584158096986,10,15.4735960739001
831.5782814025879,470.1843433701508,10,15.466972286797947
831.5447807312012,470.38686917412434,10,15.352875268694675
831.6509380340576,471.06074352694753,10,15.32944449517722
831.9937310188767,470.98971457774456,10.04045010213922,15.255006879667086
832.4315735255234,471.003370572012,10.022667615701206,15.254748724140132
832.9053010692011,471.4150584730955,10.009088565943525,15.337256711035565
832.7460270489486,472.0923009642179,10.020358927005281,15.406405304230224
832.4943080796122,471.9025985685383,10.10547334883212,15.40358505896841
832.3030166989513,471.7096548830039,10.110561298142349,15.395276873396462
833.2402635881441,473.19063779639015,10.025873885723515,15.318248333000948
833.6059328286726,472.55360607262963,10.041083103641105,15.484184186527793
832.8177086625574,472.95273968949647,10.123818056965346,15.725334219639912
833.7589817241638,473.00337929680484,10.191596945959443,15.774373150775084
833.9454300176742,472.9622323332816,10.216241405081234,15.862469232362685
833.3881608083738,472.79582645577943,10.288989815137267,15.8028249326794
832.9299494839769,472.8300754871786,10.262678699282652,15.862161189949418
833.3962790769519,473.013535317004,10.283667126857928,15.974115736841554
832.6881679899057,473.0596559874275,10.322039722092999,16.058452917723066
833.2247139659963,473.35090658225687,10.452751786024983,16.132243689734302
833.5600821349805,473.1520442406969,10.557131414853455,16.159374348196078
833.9412706028836,473.2296069992213,10.536755058881313,16.18623277890115
833.2893333243443,473.1760282567489,10.54727176683869,16.171319951345918
833.6483700705504,473.29213410130154,10.54752865772723,16.161833176791397
833.9418622550446,473.2749517942846,10.557113350018206,16.281421942436673
833.3225522892185,473.25089890038146,10.567942449150808,16.33251463820191
833.7562346592122,473.32241938868714,10.596985790218163,16.43783715646365
833.133307930195,473.71672904708373,10.570782668662694,16.47287201447513
833.8760304393677,473.88780033945153,10.493296634692296,16.438964598196538
833.7918711342327,473.47458993153674,10.463853709317952,16.57816007222925
833.7129843346548,474.26507022099463,10.50343654309275,16.639464813137725
833.887524989474,474.06233831298226,10.417729562067663,16.5443373510863
833.3897224012461,474.09261801770737,10.509163748533158,16.534585894516947
833.5238962831182,474.76634303100127,10.559736120287035,16.74034708008733
833.0073649493702,475.0055352278542,10.385374623964609,16.702174936137386
833.3853201702676,475.489718079208,10.33327964237484,16.579611540558588
833.3949086404948,475.3341865365201,10.293495707291637,16.614261662067143
833.0832329209818,475.3472735046441,10.266357339188758,16.605791735829037
832.3145978737396,475.65498122404756,10.146851005450543,16.664498153711577
832.1646270751953,476.2499445747046,10,16.755287394780233
831.6858081817627,475.7018355779102,10,16.846622575869148
831.7501239776611,475.57747944316833,10,16.808374243546208
831.5108070373535,476.2374258307026,10,16.931745476045954
830.913443601873,476.238062401091,10.016916202015729,17.05462165777895
830.1128068648159,476.0512743326534,10.050005777204092,17.19646256516198
830.005116368999,476.0010896313927,10.068792530556657,17.231371762605207
829.1090786123408,476.26544089339063,10.053617067310586,17.22138032869724
828.5283563754645,476.6517553223222,10.044144030076891,17.207380316048976
827.1505161818176,477.2355676329321,10.030491531628472,17.34706389185064
826.8394439937275,477.53419000053145,10.110273694673946,17.198278781896036
825.7964700126018,477.8142864204675,10.23944217694478,17.273950199836477
824.8561449611211,478.3408662240857,10.275369532103504,17.344779697824688
824.6079705768949,477.67081914210024,10.275910652850879,17.373232168680346
823.5588906660379,478.53767218211266,10.184155771195705,17.33471651834308
821.6285502701079,479.35983470072404,10.21181349176656,17.257766664225702
820.9157689036101,479.55687023616025,10.198583042389036,17.09453055429085
819.8944993109179,479.90766848877536,10.218745213613364,16.99160119383603
818.642012319227,480.45421057202543,10.21880586691716,16.930873289542937
817.0158967303903,480.5055390924286,10.153513088291724,16.867477112994347
815.5351645714998,481.05465696107854,10.15527205328946,16.95042805171987
814.6234857597726,480.19040766325486,10.147948829575748,17.069315136136776
813.2793747575614,480.84879390605215,10.142597835951474,17.17559257729995
812.6552889774435,481.69127047583834,10.249518785835566,17.260712374739285
810.3558406714355,481.8970587070648,10.29441835805655,17.280810869561844
809.1062153423153,482.06796283843073,10.376257212098004,17.335666272601376
807.5376514723616,482.40308895867264,10.321704043802075,17.393906768933984
806.3833196155153,482.28602478873034,10.325165273363726,17.340921919121378
804.8090198910027,483.6757507046224,10.306520764869676,17.3030548651693
803.4709620142169,483.4714227105084,10.464825696908008,17.203635139285893
801.1791806943693,483.7677562904203,10.618555878107049,17.30567012789954
799.5955510206,484.4829922786651,10.527140604063533,17.265323426068203
798.2619388232141,484.81499151178963,10.49357840825923,17.318182869975477
796.0200172607932,485.62975776142815,10.63478542470267,17.370939494233575
793.7305453434354,486.1125063269399,10.845248577045169,17.31198990959674
792.3813167970773,486.59240899164746,10.903519359947026,17.201233194683578
790.1640088606752,487.5976248710984,10.878120889489582,17.184202009512248
787.9399873528283,487.9314417492653,10.831809657136414,17.089734146733118
785.8049609296108,488.3761537939645,10.874754501862409,17.15832168453194
783.7168709358166,488.94544218805044,10.987648661814042,17.19264986462183
782.2451137261861,488.48276827348485,10.952582606221434,17.307187604641637
779.7116083730522,489.1978414430253,10.986821248280524,17.536446020199396
777.8854743425906,489.6395469089811,11.106027328002437,17.728802605377616
775.5636915821924,490.0182436421038,11.142750807783273,17.848930654024837
772.999244522999,490.6467657370424,11.126346922019545,18.073324147253064
770.0831161669541,490.7764212353755,11.401749386062324,17.96448388422948
768.1682538029326,491.30862744112164,11.527754021332147,18.07120260677043
766.6731151829073,491.78440105978177,11.4648772696834,18.077712773014607
764.1641289873551,492.12243059396786,11.519646230612103,18.123592791556426
761.9779239051121,492.39267733396343,11.648976255937981,18.122810310100462
759.7918879175153,493.1714458906883,11.643137617117846,18.240245730830438
757.1051635566117,493.55620858322396,11.69459918682546,18.123865182184886
755.0473876222117,494.43395320583664,11.967266991904715,18.148912588570823
752.2823038366387,494.7600398846598,11.962320274720598,17.869671665006507
750.8913275878054,495.37279217064395,11.846975866869519,17.968198922872265
749.5087767747228,495.85745684761224,11.666284341179248,17.94319406234388
748.4105876497487,496.59588507783445,11.439177788881562,18.041002671479507
747.5665884542935,496.61314261400315,11.384515657330827,18.00574373317535
747.082596614479,497.2291909081871,11.328924507858396,18.054229572785935
747.6899542190056,498.0153039587479,11.275174264625623,18.225423118881196
749.0228663060543,498.8126633654918,11.154943352246761,18.303334615451952
748.268854516281,499.6977429094637,11.158541882965448,18.27656084244955
749.4942222480926,500.15138223620676,11.228607963531754,18.186794701170435
750.6842165853988,500.9527787041233,11.298475093362573,18.18733047017133
752.8036528375897,501.93719988970554,11.427503437369513,18.201428772834998
753.5270704329772,502.1340628398768,11.62386816724868,18.03933891985577
754.2637850762571,503.09026700253764,11.816435432202617,18.023029685110266
755.9968888841571,503.79471389618334,11.828396303951486,17.9464265472329
758.0660231763761,504.7592164714101,11.892016757599295,18.061751993703236
759.2131327760484,505.413631809752,11.965366527981319,18.11622164050573
761.9823748315565,505.8374089530539,12.208361298800964,18.149927272114873
763.5058335536554,506.0165261377987,12.306005622181473,18.2078573008187
765.1466441602602,506.89813612294927,12.421532541296113,18.297744782910012
767.6330260776674,507.17103452342616,12.712188811461992,18.19692860329418
770.2047461380713,507.76921610534646,12.943969943095759,18.227932840576564
771.9924289150373,508.76096320952075,12.98238154980816,18.346329196192915
774.7073311272837,509.49450919088855,12.888140784983205,18.081645070371334
777.0085271137043,510.0211929957954,13.214383455696805,17.911181513292078
778.5473955232391,510.886224867057,13.176632293365595,17.75636648903043
781.1508570783096,511.51973088537056,13.234922195919903,17.68888600757919
783.734342334619,511.8943131729961,13.269772056836143,17.59066518843165
785.0208224065033,512.8115974571097,13.249737022930939,17.654003877284687
787.3920829897487,513.2130925909794,13.295400976069027,17.61629910148845
788.3041895432862,514.0007963147209,13.03932217685542,17.40727043818506
790.48908814014,514.3925231569204,12.687408283928914,17.225592876832916
793.1195655461414,515.0457098214093,12.790589214113753,17.17295032178087
794.1545156715803,516.0534882177232,12.865075254739825,17.186595036721595
795.1479383932714,516.4776484686975,12.734965040849902,17.054064329694928
796.2500897912233,520.3975445952846,12.265392011791581,15.27059989634499
798.1590826562771,522.1876478247794,11.694976319525846,13.899316777198933
799.1196391404299,523.8139534864002,11.280836617821967,12.736514871681871
801.7581694049899,523.0484037092496,11.175239101397157,12.657926620807588
802.993784424953,524.9351590626592,11.12358761371698,12.011582662035238
803.9867977193771,525.9774732472858,10.913874806607158,11.342454933650956
805.6243503597532,526.4958529395741,10.824682611792475,10.939385429445537
806.4126791027999,527.6534075475068,10.54462928219333,10.813160948687385
807.1346522670885,528.4894315011827,10.366964081545675,10.450999973708761
807.9799133815294,528.9243374952259,10.441471759890323,10.397819302761004
808.5130931122904,528.5307204641075,10.613061669706248,10.573282735115146
809.3950133662772,529.242092298895,10.69596951378339,10.482646609485373
810.4657682069006,530.0345380106229,10.590138696062038,10.439861814447665
811.0807527230523,529.9165582047178,10.658494248719581,10.368990066394428
812.7004835147454,529.5424264629884,10.644290538868624,10.307519205370932
812.3015436472641,529.303061410407,10.645821702053915,10.306825787584327
813.438530885675,528.5058876836933,10.712583614392104,10.205925590865355
814.2296752866441,527.6617802129522,10.67499924970985,10.196287443968608
815.049757225729,526.6875743335655,10.534484419391758,10.138443099226459
815.0727676898075,525.4285328046717,10.4101515710685,10.214955875031615
815.4384726683495,523.7332792171709,10.468326727509945,10.287870429183648
816.1240907471105,522.3245032290678,10.496985284343621,10.502086071161406
815.9580176071305,520.7146287344251,10.552627047701833,10.45007221254631
816.6179621733622,519.3300473025305,10.56112994404702,10.395069732097289
817.3345298935988,518.2617341265055,10.565154995517396,10.364150765543735
817.1060478501622,517.0996484482458,10.682946719109111,10.408838326896982
817.7785677841275,516.5307577724956,10.692238821393305,10.539623523612438
817.8762715830838,515.4465673772072,10.697572037689785,10.571007091288816
818.2329815991089,514.6399199958403,10.78072564455562,10.52632379616125
818.137855474712,514.3490246316031,10.798526874062489,10.560682578834804
818.5035565178057,514.0289381792263,10.840730134554608,10.43432258563927
819.1749786488652,514.3398009437445,10.897021462035037,10.401994487022565
819.3024299642727,513.7746596374367,10.859629054608764,10.381962768583593
819.6987681465291,513.9865047351077,10.898072227449642,10.39616548705995
820.2440216151036,514.5659137680839,10.818555433122711,10.229161080775567
820.2037264988376,513.9030219318972,10.847906651983145,10.293184041478899
820.640455680113,514.1702597299613,10.847457017459606,10.326812235634042
821.1542779589548,514.928029290835,10.891608877012324,10.187039868037157
821.2865024044958,514.5222672910401,10.923478040129657,10.187791925488188
821.6947244731036,514.0453577292965,10.785840207845483,10.251321742334687
822.4167035943501,514.646082324419,10.711426948262595,10.254328881435447
822.9197132849248,514.837477107778,10.791459508031226,10.234412392110034
823.5579879392155,514.45112780542,10.634668805406793,10.262382908447005
823.8339960812059,514.743681493398,10.63853020697293,10.318575733907128
823.1279662106007,515.3987767603289,10.701774030214736,10.280491370699647
823.8207492221812,514.8552439916945,10.705135466770251,10.422194816903973
824.4114680189347,514.7802518184459,10.873322507052624,10.62498220295186
824.410402784714,514.9263653699284,10.953177432280802,10.700480472301418
825.2014293304246,514.4365823417533,10.951862408486763,10.87075850374931
825.2956530528213,515.0859388198764,11.123392685861312,10.954510910051749
824.8316588468417,514.5662490775136,11.356041894939704,10.937642683595957
824.7599887135291,514.8644235936301,11.465877675480963,11.026218730708532
826.502336197489,515.106910499432,11.43062652469981,11.075481827063701
825.824673574411,515.0234278590212,11.374036945416266,11.011131495092231
826.0033053792282,514.4510968264925,11.342426411953737,10.98906840145824
826.4808047946461,514.8431355971653,11.329833281801568,10.98836946118693
827.0922480262235,515.5414666499798,11.29374491434978,10.929689533292184
826.9638991260143,515.0191941365475,11.367947597580631,10.981123903418561
827.2142213083206,514.6228750981188,11.419633250058126,10.898578874807189
827.8004525736653,515.2959867112089,11.43642548011079,10.895422817816655
827.549821774434,515.5274353068694,11.405994573690622,10.975940696075673
828.3389408922378,516.4008775939437,11.453656606637649,11.050097229104678
828.0272570518931,517.9718382760974,11.457471675022408,10.9354280620629
828.586930759981,519.1380387039236,11.569256766170778,10.932060104359914
828.8060257376235,519.8826234245761,11.63966895321993,10.984299201873172
829.2516663447591,520.8359442827278,11.64512388396811,11.183545852268912
828.7211662571315,522.4351449749837,11.628220311664826,11.366732449934975
829.2800708474972,523.6363326774106,11.626026975659991,11.538087513831247
829.4666443669397,526.0539200609502,11.735744316657641,11.414983211839774
829.9563358462843,526.510835410845,11.8175567315036,11.387192245937033
829.2606422735266,528.1518911326665,11.815450224675338,11.398720939012788
829.8203669896416,528.7729855319916,11.79474041646892,11.38002380906378
829.3610005399919,529.8975797276318,11.696536059908825,11.40491378692402
829.9650027507955,529.5194076804041,11.675100852168654,11.370978492951528
829.8028617891158,529.9948416839346,11.625511925918833,11.41080262456233
829.5035330094624,529.3531074250656,11.658198110713855,11.386005456265433
830.2028413610348,528.8208380486731,11.716677507422764,11.382318348454637
829.9836060491803,527.0617384680837,11.67099819827039,11.344136284047323
829.9614323254083,525.2672752704268,11.566831851869072,11.495207912515426
829.4734616632894,523.6064624729455,11.498091627034393,11.72083665078873
830.1756068085324,521.5174346815257,11.553003149292671,11.785977194565733
829.715073807643,518.974860628845,11.510636839059693,11.864876825806038
830.017824065084,515.8143004503518,11.614494539509717,12.005123311943008
829.6155419597533,513.1316468033299,11.6173848610111,12.216293948271808
829.1279143912861,509.702914803195,11.644760206685598,12.336209120416754
829.5986372093878,507.35616277950874,11.54524877458384,12.54161120856066
829.4439111080521,503.3707208057979,11.593790943075412,12.690126534156185
828.9021119982998,500.60374930284183,11.645898836652334,12.664209310576146
828.332176751842,497.7174187858973,11.579127178689017,12.759563215558948
828.3944858638835,494.68235429047627,11.675967389664788,12.819518408793549
828.3786858937852,491.5300979317068,11.704401131130618,12.880298673939883
827.8216107589503,488.72810900999684,11.643426278730157,12.967816098658641
827.887628825052,485.0417073522233,11.668960031780584,12.942765562887413
827.8729943357855,481.8842102423853,11.64811533233528,13.139477464448248
827.4620450345509,478.76563051370096,11.752572375966484,13.141972004824598
826.912208627968,475.75159816458824,11.696616984786663,13.015495687425059
827.4539398014153,472.7955377873843,11.731135594923243,12.952190721618118
826.6677589728102,470.6554168435772,11.61791223016068,12.450392966898299
827.3517556208596,468.40846996316293,11.457312580302128,12.13766517621321
826.1994679428471,465.49252920127464,11.4930814788076,12.204402351845234
827.0289275104335,463.46818978628244,11.435167897834091,12.005053380315953
825.8458410998717,461.90794413734807,11.617220540735271,11.781558166954298
825.5228203497827,459.48930329962957,11.731291063129841,11.841271025252624
825.6523276565981,457.7847042992396,11.792100668249022,11.840877351227798
825.7579382795958,456.60822834321334,11.911140652722407,11.788761819432677
825.3765573739914,455.0644225433921,12.053728055972217,11.760780462532189
824.6315234650486,454.22531370376527,12.252646734453489,11.749430575867885
824.4913746930155,452.8875140556783,12.328957156937804,11.721237300020288
824.173343868447,451.6595021488617,12.443790015791546,11.695091008673142
824.9314281337331,450.9679324230341,12.258149744496675,11.522562583131057
824.110643897792,450.40315518659463,12.250780991037015,11.542948049662323
824.3558895321779,449.77208223448145,12.168775134862827,11.309778402130899
824.9713113708098,450.08064492612004,12.158008972247707,11.187373477838022
824.7782935698775,448.3403943180447,12.274322589248925,11.433610320209429
824.7315366945877,447.79757290440205,12.321571691390899,11.582401646029908
824.8954067333765,447.382905049348,12.46479032353016,11.872545156431025
824.4612563887888,446.55590968999263,12.64697574781306,12.328621751606581
824.5742033635719,446.57303069910677,12.754825847319097,12.360785983378255
824.0270601365315,445.6280580360682,12.763113766243634,12.845331986945629
823.830280131186,445.04201217677024,12.993812906573432,12.99392135568798
823.8010772998149,444.3411654834242,13.11716379026269,13.494518398385928
826.926985888289,439.96998990999066,13.26102990188891,12.973018379481596
827.0458374352613,440.54530285512374,13.098564082114168,12.455124880572793
828.0328483346157,440.0316017947944,12.711616563190484,11.626959069102583
828.3436136991364,439.8939837115343,12.467985004070927,11.23801829470479
827.7305325325653,440.23369130208505,12.505441892877005,11.050046747636564
827.7995195621905,440.6542549690929,12.619047118294704,10.908164866501696
826.98092950345,439.69081253595823,12.574029664974947,10.66161452158938
827.7250831561688,440.2380566091286,12.531896981119319,10.50478277783653
827.3709639973298,440.5531515092945,12.539417372771986,10.572247701625859
827.0823210712609,439.547580803567,12.506294441950743,10.518733809125829
827.6349773520163,439.49730119116134,12.474697090401,10.514076053956604
827.6532228006207,439.84563377404425,12.547554490311411,10.57308334302475
827.4794067057697,439.5429092415376,12.468806522542517,10.4445846541319
827.1525021203552,439.67708217873434,12.654060242932177,10.482230906203224
828.0782468045229,439.01750412188755,12.501137311364454,10.453452296996417
827.558693618038,438.2892783782944,12.364515840095855,10.529574652102554
827.8053916125907,438.65903252214287,12.352214211342046,10.65466368496227
827.4892359045033,438.2581559297844,12.344964928053917,10.762592101612896
827.044846453309,437.6789078176982,12.331392451047961,10.689715492533292
827.8037366839482,437.6727529452557,12.258924489769749,10.85354882750617
827.3131247768742,437.5568301511918,12.370115039757303,11.055910620467985
828.2341779514645,437.15577188155476,12.205910912256439,11.09814327912687
827.7460111172833,436.4161632301111,12.254292767874931,11.090181779523796
826.8693509294379,436.452304085824,12.512064895274426,11.178319532209429
826.8380470329522,435.71248169866794,12.505077351331872,11.124078350710933
826.9996764022147,435.4212298421746,12.42850745558023,11.307202333473057
827.3358272163553,434.8671674808766,12.238536149564876,11.298265441078781
826.9577035259574,434.9012189896602,12.430639395838975,11.5459621366464
827.2425296416852,434.62614992854765,12.33429191291868,11.524502205893002
827.6986244881077,433.7417186015339,12.158796556011037,11.486129142147128
827.368034755697,433.9839416800405,12.404887367268156,11.681629884547826
827.1093083653558,433.1048810092747,12.32848715112431,11.650650579106808
827.2412700535355,433.632317836437,12.361682915390029,11.686322579079196
827.8335434304279,433.12860722162395,12.355129936019292,11.638884647328275
827.2146572951497,432.7890511973743,12.271513961946726,11.581687644313863
827.939019425827,431.93814895149274,12.090428860748236,11.458014535979325
828.547893207219,431.78239143547785,12.109154381460478,11.439951168350985
827.7796778308752,431.0748214081383,12.187779500603007,11.431362280158956
828.3754434068835,430.9105185350385,12.119291408889266,11.593349679190581
827.6930500236767,430.0636739588009,12.103867298838036,11.635625867798533
828.1873013114916,429.8594605446945,12.139969520571327,11.855667686245736
827.6772422934148,429.1091075162389,12.151832551842327,11.85416121874294
827.8797853644605,428.2346620100876,11.964619029379772,11.837888809414551
828.5093838539091,427.38686338854706,12.03033889008231,11.900082274419596
828.0408293553318,427.4889137736563,12.16886771755909,12.207822324513607
828.8089562524827,426.23242454892306,12.011428620522732,12.205297844292572
827.8166534765329,426.5451733288156,12.233377006895072,12.351162589194944
828.5429539962431,426.0116554796113,12.20613760077553,12.675575912115239
828.4875661929972,425.18468236743496,12.142001708243942,12.715886119622294
828.288698458651,424.5162758258219,12.109897089045669,12.711749190641363
828.0801921122767,424.6149272940295,12.086098624567823,12.721553798171552
827.1927154905712,424.0527720184557,12.20441658355488,12.70684152217058
828.13514695645,423.2827206472172,11.932503023135336,12.50752623486241
828.2984226299146,422.35086605243913,11.77822721941882,12.450573498149094
827.6590980578362,421.9791562320424,11.97985381108545,12.543057012233593
828.3980960288194,421.1248576498954,11.717357747048622,12.587252168470998
828.1850966306864,421.6028225778346,11.780792456400619,12.676801133393255
827.6078324469576,420.78138608925013,11.960741966436352,12.741930580288834
827.9437101739211,419.91575407352667,11.880169221249666,12.690445435710332
828.1002926892635,418.9785512380231,11.898142801404635,12.740300478055364
826.8794765853941,418.16649209619175,11.904598159778372,12.76895977734311
827.5311095941832,418.15119246122237,12.152475788440169,13.057081630289643
826.6085367885602,417.34362626121,12.10498223953003,13.068324564982433
826.1442167629751,416.7288485066894,12.282340552418944,13.15934552812502
826.8930511261376,416.52394936155116,12.147422833173978,13.199240253948481
826.0452467475703,415.9278205621419,12.334059422339855,13.216021778548198
826.2287698330493,415.1843533049291,12.188349616127958,12.97831640039564
826.8792041606098,414.27836496383196,12.005114780587158,13.041757926339976
826.2958903047544,413.95256416925514,11.837414794543895,13.249809405630309
826.5832893922275,413.0699378787453,11.752767071257868,13.257283818925385
826.5228099358237,412.26577856802413,11.819664094417133,13.210142082701756
825.8513277822512,412.09474247896554,11.843620528026698,13.42030202937357
825.1269415305534,411.07485969332436,11.767311396901153,13.55917343561692
825.3053574053665,410.43529715859813,11.691119295712156,13.609603589297848
825.2833888672589,410.67333724424935,11.737383337259738,13.725354625270846
825.2404335785137,409.30726240937224,11.907831420853348,13.69813158384337
824.3654628812226,408.2242086213619,11.81162337085551,13.708256188672596
824.1002387106139,408.0889549879505,11.879165828284002,13.772903317556034
823.8086461370102,408.43916018080995,11.888818870999136,13.61775812959104
824.1837591048456,407.2913047887988,11.834378457789107,13.43124540287117
823.9579049397172,407.14840396222917,11.767146816122235,13.306436857035788
823.0991800632938,406.2426217784887,11.62488969030692,13.386651279448447
823.2526075010488,406.07236719445746,11.592849420509793,13.506262772950326
823.0950313961789,405.243569732994,11.490818707886259,13.585019347488558
822.6278519907403,404.7447646043535,11.380999509730438,13.546389980746085
822.3344505383601,404.20120605227686,11.43074263055512,13.583423924498987
822.4777279578192,403.73380499980505,11.3371428087269,13.658866288231712
821.6292553154583,403.14691515588294,11.063865620304094,13.528164469728276
821.7261225064497,403.4903696693783,10.822672589639785,13.54113795006177
821.9782095142842,402.89561291283167,10.724630318355395,13.342101658467488
821.7450545719737,401.76039880318206,10.660907091404098,13.401195649251099
821.2021250484493,401.97912429791177,10.658402490992005,13.381721039186283
820.3912852238655,401.0438332666261,10.729556474876485,13.281348206737997
820.2464193904566,400.3245151868579,10.772259790864123,13.295236899233368
819.7866782345858,400.48642003715884,10.872493903142828,13.208922620994818
820.1848623520218,400.77066564152943,10.891253994686808,13.081563004050546
819.8674435470864,400.0416544734943,10.80477812799525,12.945297467806332
819.187761538747,399.50007123516986,10.860103143208953,12.746504410763825
819.2110285302473,399.88047760413303,10.812859626517131,12.584755546128516
818.4947990083227,399.0757299689387,10.792708654497076,12.411478752308149
818.3735674996751,399.03725072459235,10.793071909829422,12.388320511264482
817.8140040960241,398.35591378208204,10.70967643929951,12.436007213667942
817.8468974379135,397.4398523557345,10.586940140042193,12.509527924029058
817.6345245141154,397.22743536054713,10.50332798592939,12.503594855077573
817.0107557565569,397.5291036803783,10.515578788399814,12.550770910727792
817.2419212628665,396.5656547314729,10.363817538964195,12.520801590521081
816.6523721245644,396.8217996615756,10.33386659071485,12.509709545257062
816.8613213315477,396.07165475334335,10.265680548574341,12.500035372463648
816.7536614084374,395.7662745675383,10.169167966816609,12.568357236993727
816.2804305241006,394.9718567435268,10.022135320207163,12.590180098151428
815.6915416717529,394.85367560958207,10,12.687851417554556
816.0060176849365,394.7367754099986,10,12.729234671946152
814.7293186187744,394.2438452405117,10,12.691924539728598
815.257474899292,394.24414736309245,10,12.662080640026016
814.767951965332,393.7763990557158,10,12.719079177386739
815.0243225097656,393.0193413793412,10,12.75197809947192
814.3457145690918,393.11780013904684,10,12.59112091331254
814.1268939971924,392.81505016984875,10,12.650142580224397
813.7868518829346,392.1155059756995,10,12.62481919484132
814.2523250579834,392.44775586788757,10,12.469528089664355
814.1172065734863,392.01704313253464,10,12.408296547430758
813.4942722320557,392.0908854563865,10,12.239444144600066
813.8500289916992,391.9560785085687,10,12.119924586866489
812.9897155761719,391.28074399374407,10,12.102429554015735
812.8102111816406,391.2039973493251,10,12.07111983382054
812.2780246734619,390.9489759723846,10,12.05594743877581
812.6482982635498,390.2022626586464,10,12.098625622648589
812.1672763824463,389.7604002546179,10,11.999665341594351
811.4435157775879,389.79977144666657,10,12.032312117653222
812.0086040496826,389.10340889538963,10,12.194133594718762
811.3978042602539,389.1072932110479,10,12.20155127321678
803.8167597831193,398.42509933879103,10.39858492594874,12.295484610992169
802.4853418542125,397.5879544239006,10.547329292063184,12.576372341163632
801.8108612099326,396.85466386793246,10.851471702449269,12.732921562230741
801.7129717946785,396.30256125594144,11.000638747068631,12.902651841144413
801.6182883425638,396.2596182917165,11.032889715018923,13.03583238629355
801.0460608265212,395.4555918447785,11.167609639682265,13.155039454974256
800.4523138779464,395.0997349651407,11.092160269009657,13.38304197157403
800.8399037126438,394.30144463183865,11.123926400395906,13.484768664789485
800.2612337830317,393.7133757135395,11.005398797462068,13.64330930290146
800.4776628246891,393.74743769549366,10.970867587926506,13.655240575809572
800.5934410075383,393.0652759422687,11.00708008209131,13.632109095687186
799.5766154483586,392.7995921555693,10.962537535900106,13.641530715716847
799.1289426320575,391.93019110429645,10.838508321090192,13.498699059717639
799.0842553576591,390.71696176889037,10.758269985365414,13.280218307922336
799.8723916166174,390.1471127300699,10.854276825358964,13.422518009098432
799.2480032651615,388.80716065793894,10.922709900340987,13.406983768350695
798.5779263716696,387.64058864547803,10.88170295124079,13.312637558897437
799.0262183057737,386.7507954316157,10.792995669946825,13.495426043506876
799.3188718942527,385.8745766854317,10.812783402656816,13.583232645982296
798.1455701720506,384.28610372919593,10.766865942519964,13.575562469586608
797.9067967471088,383.36355015533326,10.779176128584984,13.477390350954554
798.6586964758245,381.91419378786844,10.815469139415399,13.427212399849044
798.1801985240984,379.88253170260253,10.873020462789544,13.427956461738326
797.7597704910205,378.0709795880067,10.921476168837819,13.392750754406466
798.2695248550233,376.9178444575239,10.966630374181976,13.44309679051859
797.5505026110434,374.8820653178355,11.019958828206109,13.402983622141551
797.7999712629417,372.6872858067695,10.911211648921343,13.497887798082044
797.7517585807279,371.77080248637606,10.924789418134026,13.54129984292177
797.6242975375934,368.99597787845994,10.943722887459696,13.69423198722071
796.7496955653241,367.90121286494787,10.972452588834187,13.695109975670668
796.8292046239994,365.42033833098395,10.975684990282334,13.753035191059489
796.8500007318233,362.9340665920601,10.974250092749804,13.764187219932534
796.8303152589252,361.72703257238317,11.0012843075889,13.7653447978606
796.774986803404,359.4742377796035,11.048781276004611,13.723643581417948
796.575090001164,357.07806581295466,11.029869893912268,13.76655590460824
796.1952787524306,355.2059850009705,11.062227987082135,13.812963622326594
796.6985457943981,352.46792652072696,10.938117304025948,14.04757591362424
796.0899043199508,350.94723764001935,10.955231643301449,13.875578583486682
796.0549297164328,348.68094113977224,11.05364612133361,13.986128737301268
795.7712843893765,346.3728169245462,11.010390663385582,13.83879303079039
795.8289417876846,344.7914519807379,11.016360351632832,13.808239837352327
795.9419982483028,343.8142886411562,11.008257379127018,13.579483935949236
795.7638667360663,342.6092329583879,11.027747484898573,13.218446619845317
795.7385044345531,341.2315151449739,11.09573359305206,12.968038130462348
795.5949695899468,339.3246112791225,11.08989175272351,12.689209753766695
794.3729422727715,338.52006207196877,11.064376227162079,12.635424409529216
795.0444817375273,337.60001621581296,11.017897639447312,12.449415963149455
793.9119727990374,336.10430370397756,11.12814180426914,12.057177809330035
794.829606221568,335.71952028291446,11.062558797098234,11.694256400723772
793.7334470217132,335.0449484012956,11.094831573028593,11.37236439735999
793.9192621729675,333.55530140481955,11.174022193371577,11.18830542400348
793.3417294208007,333.6269225932926,11.127465688427993,11.029258756285877
793.6873178868201,332.6007621418218,11.070287627238631,11.059801552538023
793.7824783148335,332.03628795207186,11.110839879122144,11.100172661530111
793.8482655369168,331.1986088143654,11.098543389057058,11.051402213798486
793.4319670964832,330.83016420976253,11.108481731106044,10.980834452789379
793.3928265210513,331.3035662183236,11.057105136608255,10.926166055784345
793.0354290070951,330.79725924225573,11.118125903046037,10.870878396591994
793.1736855208936,330.40086491458214,11.046553671347546,10.826241820005682
792.9867425792511,330.6234870237699,11.050547434271245,10.793454114081305
792.692185611372,329.78481206509707,11.136014519443476,10.69798832708126
792.3312427330397,329.78508325135937,11.192819251938067,10.679181184048822
792.9779959815132,329.79186088639983,11.153928538682552,10.762095793118265
792.6544697726109,330.0609033749026,11.071938903264519,10.763893476024919
792.1947124785211,330.2978030407432,11.072035156483302,10.683019406794905
792.5619841082288,330.7688759311639,11.056676772556006,10.628988555152631
791.7757235308327,330.52937152901364,11.158799978129444,10.821540297685651
791.9509893173633,331.81923317596534,11.207228518593585,10.833056932981435
791.3416489034224,331.9490220000507,11.265539473428547,10.965813269185722
791.777767588292,332.12572855307764,11.257773539236371,11.172294724899444
792.1489664025189,331.68261346823954,11.294520197891867,11.483379173140111
791.9541532110129,332.2587856826537,11.285751042573837,11.659491622973837
791.7699158525268,332.4005748983326,11.293240957299952,11.928762007534079
792.2909820766154,333.44449166923783,11.327722889005642,12.34783306777436
792.2486643375101,333.9007778690288,11.283551299345039,12.4765128044229
791.8521855153464,333.832904379382,11.329877321357962,12.66350642678287
792.0030451100249,334.7528754855376,11.268812123700233,12.744832677606453
790.8082267528387,335.66855466490244,11.297223709898848,13.011683699980217
792.5171708307553,336.3891220747258,11.329256208362407,13.29095445894691
791.8221093918847,336.9268429589256,11.372321743574329,13.60312026501009
792.5106767559062,337.48120229183525,11.324696750638862,13.989198352120564
792.891008020981,339.53338937568884,11.303089854034218,13.92936458968673
792.1718190160457,340.4019065659922,11.272553831922405,13.979893533054714
792.7507597758452,341.73631379691943,11.330359110418959,14.113576934969737
793.3530393774911,342.4378695822445,11.31184650746902,14.213456086975807
792.4172165045663,344.33867840926246,11.456212590232571,14.324829003008311
792.9162967790288,345.2518504182887,11.515116097703984,14.41923846395973
793.5372380576117,347.5622522883704,11.422777302745372,14.274169434489593
793.0765785440362,348.9994607337948,11.5359794170544,14.391043589783369
793.656860863415,350.2265169534529,11.87848942429298,14.494521635086322
793.441402824158,352.5526900080799,12.005080399047266,14.671116871047314
794.1656367836835,354.21018312295996,11.967745292496351,14.728452723806619
794.2331755949857,356.1159778941976,11.985457739472011,14.649971701839153
794.6753893053127,357.62513840211835,12.127637832245659,14.624044179649959
795.0215840908147,360.0804547689336,12.158350830821814,14.740358467503894
794.3524135550678,360.81010792836736,12.284964759981614,14.971306360062155
795.7058824903241,363.18719999003685,12.450513003970922,15.264146009916537
796.1099825016149,365.86722969206426,12.469068505070883,15.203578488185986
794.8978674096502,367.55671870791224,12.591216627232743,15.279213188423526
795.5933555653831,369.6241206714634,12.62303084311072,15.045662007903328
796.3870995319564,371.98642566620344,12.657781069143724,14.823920670766913
795.9410284108449,374.38885415220375,12.701443086757585,14.848443734166755
796.1270595239015,376.1985334135654,12.83328329594701,14.886124853777348
796.811358615701,378.27652705031016,12.893048912396829,14.769074195278094
796.0001268224022,379.92063777598827,13.024374040742542,14.82610191994732
796.9038226797858,382.2092453495309,12.985319575731292,14.57824010538159
796.6979184879789,383.808314090711,13.123171660516922,14.677099693333876
796.9385880185522,385.2147943251301,13.160013446538152,14.599696780648028
797.7425629392459,387.93586444204203,13.120636603197617,14.444765103953088
797.4322444585439,388.84230015440767,13.171518010402444,14.41150717409479
796.7497902377136,390.3854823603852,13.376937774084487,14.579697510674961
797.5133915531567,393.0703529731821,13.427448155893696,14.50043022306945
797.575639561263,394.2249317869632,13.422394125765077,14.373412945848955
797.9639141397191,396.21476344602945,13.424909147319536,14.26175347293138
798.2279932362139,397.4848751552548,13.562099007308568,14.265326593787256
797.8687274706988,399.49680182416694,13.6060547326748,14.223132191509887
798.1069806419672,400.8383010105762,13.662957508790221,14.313868865078064
798.4633263295561,403.0292156749298,13.634214650458006,14.178831375970466
797.8482395533274,403.13800929540054,13.644283985386323,14.18792489064427
798.2812477486651,404.74084423012005,13.67374107493541,14.288792649379
797.8503354620892,407.39449747271476,13.632203373917186,14.115629993535322
798.3054728141026,408.27301404908053,13.646302296599629,13.890094796126107
797.7740234014209,409.2160875828589,13.655638957656224,13.800864690239194
797.6910862095605,410.37188987568345,13.69267957062515,13.946798709326483
798.2769797404352,411.4388239800345,13.593211539637498,13.937373554823527
797.1278584701946,412.5024988600265,13.674161294474004,14.068614493081775
798.9127150650912,413.6851780959564,13.709211135686619,14.08672083445435
798.2582382971402,415.1193567102058,13.727309263873831,14.077593647459521
798.3339661446639,415.6135200640273,13.70185301951004,13.9680244166232
798.0405708447205,417.0030095614014,13.675522586682067,14.041698925292842
799.0476814398511,417.49211530198,13.570111058286155,13.922652635786068
798.4030787822544,419.0863463557108,13.609961057317316,14.000219886234609
798.4523986363349,419.6309389683968,13.638625426304756,13.845475273655712
799.1775128904716,420.7201357939672,13.642158972474846,13.538251666460102
799.432377305762,422.96721604313535,13.604041164843146,13.355149212557379
798.9308262068281,423.75200599085576,13.646297415445304,13.1435061762474
799.2116684150476,424.6103941609498,13.634543571516236,13.033095039916844
798.7558194067732,425.5124947351238,13.615260905691951,13.092049256558992
799.1063279979128,426.7457276310032,13.609865213891316,12.965270812212298
799.4817918548962,427.9862930502841,13.595841644211593,12.947888905535397
798.9348478972462,429.5106962444452,13.670236456484218,12.906093930787245
799.3637588288548,431.4614590104708,13.625677532720037,12.846838296197106
799.3462527512398,432.38524568143384,13.570014333946181,12.744080780686984
798.6121879353153,433.35623468410427,13.663979384496367,12.896329612504328
798.9149399318707,435.6997604414659,13.534591571805661,12.74899291101346
798.7555157804939,436.59779402166777,13.497120447068896,12.622759887572661
798.55709196522,437.52467629419937,13.500798674540423,12.524686870829825
799.2373222639055,438.6883557199815,13.595557345968306,12.517217087869046
798.1724327407137,439.76201082074886,13.749094326922137,12.675208552594066
798.6516304407746,441.42403182681096,13.784694593304316,12.617462927188608
798.077187119348,441.9982615477126,13.875975492749376,12.631303595248609
797.7232737238684,443.48235525065047,13.922284186784625,12.646045419109207
798.5142429781661,445.50312011801475,14.00459891305266,12.496651304497885
797.6987563888222,446.40306344925335,14.013620034855613,12.340010339042166
797.8408110313235,447.29414464899753,14.024463142431095,12.29100986582326
797.939393836396,449.3876643172129,13.9475673076767,12.293591501072182
797.9821747153334,450.21747253027075,13.878374415768851,12.166884468267137
797.8153560149997,451.77965350685776,13.859495642119832,12.173053826128251
797.6253030091104,452.5938629618889,13.78545431503116,12.060484983204644
797.9028626361069,454.207465842316,13.70130140014945,11.960976213317135
798.1518971013542,455.0872668419485,13.683018388844438,11.96061722552677
798.4918214309446,456.0140401717793,13.586021139575612,12.06821024482034
797.7813748257986,457.0905819083348,13.5376493657369,12.136470765849962
797.9909374137316,458.4650503011212,13.433583851736072,12.102942305472443
798.1009110759749,459.8176981659833,13.347929129788561,12.088011413394694
797.5067571340886,460.77003933488106,13.328591597301205,12.029173344398043
798.2514860850565,461.7006322306103,13.19440408110776,11.890193668662196
797.5107733964849,462.37484921776945,13.188250112547774,11.821464741951369
797.8599231190846,463.59700485606646,13.134165297475517,11.780576774683535
797.4697669655845,463.9325442296909,13.094565647688428,11.805489543547832
796.8741450066749,464.7151013962354,13.05563454719719,11.736682583505734
797.5344628143553,464.64500838755447,12.970484008740575,11.562735910437906
797.0200431647057,464.5990356434979,12.921320378352217,11.468505098502225
797.8887186216605,464.48619930640126,12.885053601405534,11.512987281972846
797.6850207298811,463.75865902141044,12.751078993118751,11.426766124659613
797.4252209321004,462.76099903141824,12.582099029354017,11.472569808257292
797.1105544576141,461.3317987717308,12.467806337457407,11.557586233393865
797.8162406212774,459.1813027626563,12.36259016857807,11.661411808671792
797.1344732985924,457.20755948414256,12.304856350813234,11.79973241110944
797.6585853502386,455.13658616821647,12.261595168663458,11.774240535881555
797.1589694203086,452.97910925268144,12.189190828572261,11.790747711678135
796.9737767621929,451.19887281344404,12.038557162870134,11.911294442691977
797.7599292346946,448.40678587438526,12.016117940522822,11.99507922168847
796.819106348758,446.94792620751184,11.940152628411589,11.887739809097434
797.3669601050792,444.6136294627862,11.850510484421541,11.91739439474011
796.8040835193393,441.983722401467,11.747275008440512,11.881237600630449
797.0250530683902,439.941518451733,11.79096976043644,11.868881889258677
797.0306202510274,437.86618557844304,11.829083136861295,11.740037137791617
796.935342107946,435.5116821513048,11.768205096852174,11.78266978552518
796.6887466451043,432.98428713830924,11.775460811353831,11.76774240428975
796.1700540543984,431.29736962588913,11.709044265470869,11.748411840751016
796.1809405751741,429.1696590707412,11.539535628216237,11.707358494259793
796.0711081999619,426.9967611317372,11.338126465066328,11.738651656203414
795.8394282671968,424.74603540565283,11.30113156375093,11.734785420383792
796.2308569280814,422.72198576654597,11.290304118690727,11.673776727406072
795.6432531766065,421.4286331209153,11.299263300107123,11.537814324575606
795.1958805351936,419.834561631449,11.138375038011162,11.547231107219185
795.6955942456102,418.84688035464006,11.048424851064683,11.545806093698337
794.7302904634541,417.8943440126298,10.91789044760354,11.416771569466915
794.6918612220246,416.51009869780466,11.017793516644243,11.20849370546489
794.3334046541192,416.0849273768627,11.057986986927622,11.170709974057793
793.7318610840713,414.9922025252422,11.030273498361314,11.152611245902376
793.9209238626561,414.290789866106,11.002428702910535,11.076119852748946
793.5507924456743,414.10517533904687,11.024517556161154,10.939456298224682
792.4306761959712,414.15404408264016,10.921103052393667,10.785734313967746
793.0257541988258,413.76187532732206,10.912362604545734,10.760554917865598
792.5139683174183,413.00450114865413,10.899481120290321,10.704742819879266
792.2422321524892,412.9203603930854,10.780664784377052,10.744617806358496
791.5110658101736,413.09778651441906,10.737237276137272,10.600416961396288
791.0251040713483,413.314354831143,10.661526629031876,10.606317650946352
790.9217123246718,412.49453626514503,10.760155825509804,10.675955088118105
790.3107384184931,412.55898460378876,10.637285522632936,10.674778289981095
789.303782855645,412.71347919847994,10.65824239417886,10.62500540919249
788.605083524317,413.04373628223595,10.668365361033864,10.51936566184647
788.1658535083224,413.1882339395928,10.729248030962651,10.600334946742084
787.194708187852,413.5004687915834,10.745734533719823,10.569405434411307
786.6140874560206,413.004179497524,10.717282546454896,10.489493330391502
785.9514917105773,413.6456122732545,10.712189918689177,10.404168062133518
785.1979886636368,413.66389272258596,10.790691068722378,10.331882523578072
784.1376436654684,413.5931883090269,10.781963645625524,10.457788421008729
783.1075456151056,414.3337132993275,10.694721697034971,10.279747473610701
782.450462092732,414.8229968012348,10.645229836752845,10.016535389229594
781.8395951460468,415.38072395324707,10.567166672017727,10
779.9056767921963,414.96882264617176,10.498090843097536,10.06339230531271
778.6311484264646,414.7260686287791,10.458741965430214,10.251796458262108
777.8658032912527,415.7732437020888,10.559611221449535,10.228384421994251
776.1519177355387,416.313553678156,10.5747045679851,10.178175236461453
775.2957877878436,415.95143570860165,10.392658280514123,10.260088635286978
773.5424943231133,415.87117052530743,10.492693848890745,10.355639448652756
772.5472277896154,415.85366291467216,10.523052355339631,10.390139685792368
770.8568510401379,416.4347387198218,10.635720374558046,10.369299721000997
768.8343638058299,416.5016194933511,10.800945545078468,10.490359951286129
767.8000609177382,416.723505192754,10.77630486130096,10.571433675771303
765.7326773467204,417.17225023149604,10.78881095597328,10.566296656148594
763.635017019124,418.14438707329236,10.841015613851496,10.605573997946529
762.3731600475082,418.46501640421087,10.883520755813596,10.650541227222746
760.7798924077667,418.4696051140862,10.964335515276964,10.687239356788476
758.4895682451366,418.90627633967244,10.915734267783321,10.77269436045
757.5493247993774,418.7365528673173,10.971063993774683,10.757931405258024
754.8363516963958,418.84159417664364,10.984141699981896,10.651532258284973
752.8823910141731,419.34275890362954,11.079566879124542,10.806913833365915
751.2856813586834,420.2458339029525,10.952860610269873,10.762085856204374
749.8327396645836,420.843846193312,10.89942774480742,10.632993953707995
747.4146765451021,420.5003492751162,10.934437040411092,10.736457364074226
745.8782828290396,421.41366350208983,11.023456009401425,10.66382289816408
743.7720847052376,421.84766309584865,10.938904777757141,10.636975901808611
741.6536072748825,421.41865864307294,10.848406025186154,10.677025975572871
739.5287561506292,422.28059011533975,10.78646276588021,10.687198522982644
737.9062378967689,422.37616770313434,10.740147955241609,10.77473368552821
735.8625896729171,423.3759432396655,10.624502508413688,10.75210750870616
734.4755347748303,423.16130518718876,10.76631097402106,10.944925788952576
732.7228115086612,424.04161674961824,10.80690994166201,10.897826528839648
730.2207411827341,424.20868656301263,10.85623949732491,11.069714123730575
728.7173420239658,424.8018278828139,10.770115604168137,11.108422328854633
726.5982237335294,425.52043206399145,10.503862286359208,11.009455543647928
725.8742433561986,425.1933950491674,10.590357586919195,10.987588106010893
723.850402912369,426.3101030155464,10.475246268767956,10.981829491368117
722.6621600065607,426.6140587075311,10.543447320862827,10.98418956125612
721.209229077757,426.6387404644051,10.657587834476416,11.150436551658597
719.583038828227,427.3072171845088,10.572745280557584,11.06268202502542
718.3060835353847,428.0537947203724,10.53825788650598,10.999668402272755
716.7355991122124,428.7247678778279,10.533284044862317,10.91820869014503
715.3584692114397,428.9540865575658,10.525241447726044,10.970683543803887
713.5141606637403,429.5371204270492,10.570834098544687,10.950291464016823
712.7957571789834,428.9362639994688,10.676578751164127,11.045948105798752
711.08093141991,429.48707831720293,10.670771132347934,11.039923413201588
710.228300395728,429.72187977452086,10.691218727587053,10.954796206573523
709.3182036667283,430.24121891348096,10.652815383828543,10.923056862979438
708.2188195281132,430.83961272773365,10.52546137712332,10.882091988380381
707.526619267462,431.3947645198814,10.496314382556344,10.74618797073525
705.8012045564803,431.00600695386134,10.458965551345944,10.907061104484395
704.9949591125131,431.84752515771186,10.495650775217978,10.980414314703253
704.3052137824135,432.1069897881891,10.42335157946006,10.908849860877737
702.8852375702079,431.699887190692,10.266557940638947,10.79558008028592
702.1903222252748,432.41548335519474,10.212670673962114,10.800846338926894
701.6187382425348,432.45264266543563,10.152107102576856,10.815356758972504
700.8203546292967,433.1461285389191,10.16575589033227,10.837171785687207
699.6557616441993,432.3997844715448,10.121017605156093,10.927245326929942
698.8870002275078,433.1004059046919,10.052789400941393,10.970948749698197
698.1228565365138,433.099955815417,10.042548340546652,11.000215017115213
697.3979818456088,433.2849675503561,10.028415276067474,10.867580158076887
696.747972088054,433.9796984556751,10.007790412515043,10.849448608669352
696.3175849914551,434.0004768277675,10,10.795917529767728
695.3816223144531,434.2730859853107,10,10.80367391560907
694.5307865142822,434.60752852427083,10,10.900375690716151
693.8823165893555,434.42605291493123,10,10.794496800752807
693.9303073883057,435.24780716098746,10,10.715029446335597
693.1436906617128,435.2510274892262,10.097891656310845,10.705323408998794
691.8815418930421,435.32655784038127,10.065624862597428,10.895220348290174
691.8383876392685,435.70006035788634,10.034066854031288,10.9066496089344
691.467254352144,435.09990260767535,10.014126397030385,11.04545311594817
690.7626552581787,435.3142269274919,10,11.028513308102095
689.8806900538511,435.41531861216737,10.027361957727408,11.106580488067618
689.1629747392984,436.1456497389766,10.005414199381711,11.012754782300693
689.0450042168185,435.69775910306544,10.054446522417798,11.208085156906208
688.4112580298563,436.7694642032456,10.007821464701475,11.146748168215803
688.4392395019531,436.7147963707709,10,11.211501466221918
687.8966312408447,437.3419448024475,10,10.970262311608964
687.5449714660645,437.7974889552105,10,10.836151545145393
686.599702835083,437.1350277982886,10,10.87519663120594
686.0805320739746,437.7803371109179,10,10.727232424892744
684.9684085845947,437.398407024414,10,10.74027243798843
685.295389175415,438.18243017596984,10,10.731609527210761
684.1729927062988,438.63156538834147,10,10.780146963795605
683.0862579345703,438.0293204401783,10,10.869848804702016
682.3344116210938,438.74052438474456,10,10.812465482219897
681.9222831726074,438.67465677674943,10,10.803880873991417
681.5842132568359,438.7515803725853,10,10.832761496040346
680.5574016571045,439.05481246110696,10,10.921274125637595
679.4673156738281,439.26944948526153,10,11.029387925228875
678.9545230865479,439.39966893159385,10,10.963597775240029
677.9428939819336,440.01751674093646,10,11.111096126281385
676.4692058563232,439.75543494830623,10,11.182920539178525
675.8526592254639,440.5872184378058,10,11.155694655150153
674.1895198822021,440.83302207303007,10,11.067586987973094
673.3218059539795,440.9205170308153,10,11.150943630019775
672.5918617248535,441.2365652618405,10,11.150656402588531
670.5073261260986,440.6534704378861,10,11.238408245321637
669.0320189242011,441.3043039432739,10.026687096666137,11.252930046801794
668.39040184021,441.36857754287644,10,11.302964085389707
667.1277716898796,441.4036367110876,10.039187760377352,11.279655899113848
665.516729405439,441.55615569125575,10.099334615635499,11.435173969050986
663.7976439336712,441.47507366212625,10.194339207852977,11.569414443325613
662.5315797782317,441.7050682844092,10.181316761895932,11.60884155007803
660.6759238585073,442.0029729040904,10.227032593044093,11.6634763414773
659.137063789642,442.6863572145565,10.224567794251183,11.504826159265953
657.0213632942839,442.0497393003215,10.26747314898098,11.741681219913684
655.5438376415502,442.0650051863993,10.241845896098788,11.907766574222919
653.2939201647849,442.1307380438579,10.35580133302775,12.083879899833091
652.2651900227509,442.71369902893264,10.38813039150989,12.021916059566339
650.45838860692,442.0792894797203,10.450417915554361,12.228814991975458
648.2063768186993,441.7480650754956,10.479027215872904,12.431829291147444
645.9884256732473,442.57087008910173,10.42421829461868,12.512751246357038
643.9287458677068,443.0885205544151,10.389116998717283,12.48935598589636
641.6033888606944,442.76848250322405,10.46685203935343,12.58444917812219
639.7652332398065,443.1432784112183,10.47999342028931,12.564174073559418
637.936789382355,443.7522634272456,10.495840333190552,12.436002015137687
635.4561134343476,444.1194842185915,10.569512175494422,12.429255897533825
633.6596992221596,443.75107699828874,10.628653008317482,12.507317896733097
631.3659089908786,443.8211883732499,10.627385356865915,12.555525932943544
629.0093718105514,444.27274690480135,10.594354523428262,12.52124813375671
627.2549424852724,443.61563678811154,10.658888680578137,12.794143751657788
624.1350358286854,444.3450172919515,10.70846685581279,12.868822380208336
622.3291659285101,445.1369734641471,10.768452658360623,12.730237794606186
619.8801028098545,444.4836628677586,10.818892128093648,12.741094064287456
617.4890478954578,445.34155552542444,10.839409091896762,12.899011751885524
615.7875751473427,445.7221215737749,10.85731049022666,12.962067887606398
612.5761899455853,445.4310397743105,10.916006186710215,12.908702922082224
610.115057847093,446.1532007533162,10.969595151761295,12.848189100057088
608.3090593371578,445.966047504141,10.990794747315254,12.89828829249924
605.9431885289415,445.7632555843232,10.998045244362997,12.979729676080161
603.3363368742888,446.0325430586459,11.042482806598276,12.935791263079281
601.1204592052557,446.0250235464272,11.023497330455506,13.124719447672957
598.1677434835668,446.011226762393,11.020737092924934,13.146880886835135
595.7083671117421,445.9446237551164,11.13099526870331,13.20043602248196
593.9623493304567,446.1386361319166,11.127894570287769,13.163466414145336
591.0152208674843,446.45850046755515,11.09806015712116,13.101080729928718
588.5850333188957,446.5624981469824,11.079914288722113,13.191509138164111
586.8602218579603,447.11338206191664,10.963710794577487,13.272572118842529
584.7599918343204,446.5388669147748,10.993203739806507,13.44325463480579
582.4533716238626,447.0286940519201,10.835970680497505,13.443966113689077
579.9835573830395,446.6061151415838,10.749636332553834,13.538383883092111
578.3880312193244,447.4793532446696,10.659465362864992,13.480887779459618
575.8365955604231,447.2628059245625,10.62660975195644,13.511592893306723
574.2404108784025,447.23447710835734,10.531705709015387,13.491685736898587
571.6658716000678,447.44872541972296,10.566774408506946,13.554731930329423
570.3703195676344,448.098521310426,10.504115655990969,13.530328594968333
568.5805696633012,447.49481532609786,10.482491654843038,13.681969689601093
567.3247562143257,447.8750884550676,10.348557334532146,13.79582833888826
566.990741801042,447.42278944360794,10.293472147427732,13.832311890372015
565.4247483212373,448.17556547388085,10.2512342535216,13.86009646923045
563.7104954520954,447.7795486166824,10.22065261997911,13.929203090121565
563.099408430045,447.4027865254841,10.089173709978503,13.880736763484975
561.9799129734174,447.55049971868254,10.03569559857523,13.882734693494317
561.4860602372985,447.72399495446996,10.03869800684842,13.849987538569795
560.6611838404514,447.951921847006,10.061722742681134,13.762484736163685
560.5103492736816,447.95604978215863,10,13.842371260878082
560.0928230285645,448.1738311484414,10,13.872666987785113
559.7621765136719,447.62657006676386,10,13.783038455339447
560.5751397098234,447.85423350974173,10.01047573782389,13.965055929735268
560.6760836377192,448.55350161293524,10.08915123652444,13.863944039754484
561.6273464618113,448.13344441274916,10.16028891841851,13.934298308290794
561.8305611669177,448.1878678287576,10.24408625381096,13.908665282426245
562.970111378964,448.1821203095611,10.398655873663749,13.940225628436352
564.5439237343284,448.0306161598646,10.504639866548306,14.025079020602808
566.165323046194,447.211774570387,10.674488490131548,14.124786888278738
568.184336829778,448.04208113769175,10.809144638783804,13.846406419684822
570.6408470259199,448.90369493140594,11.029486062906226,13.52729641648504
572.5525871091346,448.1119398816419,11.208969916252357,13.627453854880331
575.6353690331322,448.6075701871158,11.429674683979792,13.578740088414918
578.6730404585456,447.84804386136807,11.896308761863814,13.84097206119938
581.6809504060565,447.61201780768323,12.163653844869414,13.950208311635468
584.1593788590786,446.623593086521,12.342356020856428,14.009691726127922
588.2102126519377,447.21473811786353,12.39284145027506,13.775979544302233
591.9145591194315,447.5038080409137,12.351233018461263,13.641042670613992
593.6767077843052,446.76374309484083,12.55826656029578,13.722475663345692
597.6334251425451,447.0793569878796,12.463652797185206,13.568661054758435
600.600124492569,446.78958072269825,12.70354053512581,13.692425926429632
604.4295111536758,447.25933833701225,12.508512330099506,13.399768913133723
607.991154470034,448.1420775039497,12.508238240107826,13.22553050845802
610.1764427807198,447.4619283907183,12.72557131722268,13.339124633358322
613.9073682605081,447.9093662528726,12.504729116190806,13.125969642692334
616.4548578007524,447.2017729136851,12.67603497832927,13.23142579128214
619.9228551878207,447.5854734300281,12.628693005706213,13.318486428518028
622.4554572570889,447.26625362576095,12.338879492169792,13.167627025821881
625.3830793552843,446.4269297249166,12.275238384157912,13.510238145381633
626.4788625287194,445.6228894752659,12.147713174982893,13.73643693081592
628.8727279539296,445.09053818192075,12.12011034580285,14.165996237476834
630.2968389663662,445.7197052988448,11.972430770880889,14.402580826870896
632.4404762078449,445.1462842716265,11.955320777669701,14.625529906454112
633.3959742477452,445.0718822168193,12.117414297478314,14.851207795365275
634.3385771311755,446.03804513801464,12.205345432473198,14.727300226900459
635.3435238491883,446.3402184971312,12.52353884947498,14.560663317016836
637.3018434274452,445.19745782324367,12.58548779720914,14.754734927243089
638.0751708342442,446.5640382224622,12.646209082244104,14.450933564841204
640.1659686399188,447.0238071294847,12.985872778756264,14.21264346197785
640.4471671539201,447.7190992544936,13.312376507589464,14.045531807174928
642.2760215045521,447.56940266816656,13.575600576100953,13.856502586030132
643.8422892110037,448.7095511731963,13.649867531361696,13.676467264203083
644.977419173789,447.50997636131643,13.741340088701172,13.688982061302728
646.7210498345288,448.9259445417946,13.714939973276358,13.504464676176395
647.9468620548164,448.056192262261,13.866224620836071,13.493130001845211
649.3822842173154,448.7710321121075,13.993129624451225,13.32571073916397
651.2505350820693,449.49432298560777,14.113645412033314,13.12194210251493
652.9488242869729,449.02665920601083,14.226683854032583,13.076816170497912
654.0492330576192,448.54495680497985,14.279429239986335,13.122404810450451
655.6818524991198,449.38322732258865,14.287837665334479,13.048929265955529
656.4303428222693,449.4543865419799,14.545018853752573,12.933428148950336
657.3824538789166,449.7632121059582,14.76817329685413,12.792022901120724
659.9495895732507,449.57298558495717,14.83590920188726,12.748556265388416
660.6771294386306,450.3994809516185,14.852345126645112,12.672599528647728
662.2652701977543,450.316226670264,14.823379587401668,12.704327207567808
664.3488020565683,450.3176028238193,14.828869885886881,12.73531971246886
665.2829010683752,450.5423904953983,15.05077882638444,12.609986007494394
666.9232443402,451.0584979668105,15.046394620381227,12.464066383273526
667.3637615241101,449.95271635780875,15.227326194943668,12.526772484577748
669.7535632073052,450.63372038006685,15.274730122254802,12.44213870763978
670.7497845828963,451.39101445696724,15.178939592752466,12.344847917120262
672.4335260113427,451.2373623866603,15.121172006855696,12.429751392450815
674.0585832939374,451.362761964424,15.087190559341842,12.424691220077722
675.2207344734958,451.45508861070914,15.12774110549875,12.430181512712524
676.5419361730244,451.26041973929887,15.174912901754011,12.523964140787074
677.2633082156497,451.33889095642525,15.150404595312054,12.530077126456167
679.3907708073882,451.7100564042631,14.965017528289998,12.551021377264785
680.3775312978405,451.9190223737127,14.965571864768108,12.582971945689751
681.2295531995001,451.41626371086994,14.970680283128758,12.781097151014022
682.2033667457316,452.1836629495941,14.926587126212464,12.785628202374298
683.1982836668412,451.87356219075036,15.010888110653418,12.910525612395796
684.2779607572965,451.5935229176913,15.03476146880553,13.009704805486582
685.0260930226269,452.3776998759649,14.917159047519643,12.902532529564331
686.1806894547963,453.16697773961425,14.863383053298033,12.771841334736328
687.1359633402235,452.3816521351221,14.808712205051133,13.005994283222595
687.3243459958189,452.7296059494517,14.691258569885575,13.153561996360331
687.8238303007207,452.4111049893696,14.598227154906185,13.197615002950263
687.1908784571865,451.9585783776417,14.589564191583923,13.302382887050605
687.5491145745951,452.8701799273119,14.484008094462158,13.216835427358678
687.7454749422167,452.7503464831523,14.532731756191637,13.394029018558635
686.7012593847292,452.7614634118466,14.575413206860162,13.557219965857632
687.1759334040579,452.3832668514379,14.51051417332961,13.7202292976125
687.1076548921171,453.4323002788864,14.359229400336075,13.631641965420588
686.1896018456165,452.88244305358404,14.516903028737818,13.694960389413982
686.3176857511623,452.56352431122,14.60612172277287,13.85439287536269
685.454153280126,452.07688741040926,14.531997242238265,14.398856557355309
685.6657972904893,451.6771091181918,14.437124138503796,14.66185308319648
684.5851183979516,453.5473304717749,14.43158128881361,14.412785345512686
684.7443486137961,452.6236833980538,14.371272865181172,14.662385095982284
683.9016460960156,451.9993603148751,14.359282576035175,14.980313794077869
682.9849277655965,452.8999661101445,14.485539213680116,15.085737487962987
681.6366571278916,453.68464781440196,14.577588301589818,14.876195399028076
681.3764477838071,453.71696465936395,14.564170625012885,14.868404513059215
680.5367255106473,454.0755712121669,14.585576078314725,14.815349274884912
680.0323801789156,454.80949199080425,14.572858660723652,14.563728573323125
679.8957431877639,454.82060301344256,14.590944654745648,14.518263577607033
678.8198012720037,455.02244414295734,14.566089747252471,14.611438008030671
677.4953872041488,455.087217201316,14.599195226712357,14.64252497847161
676.004796266001,455.4331526284873,14.541131497539132,14.73810682188282
675.9659226707353,454.7640274792237,14.434285487386987,14.795091861620925
674.379868881311,455.2815090089591,14.451325622387667,14.875553912013402
673.1809456665974,455.11616049523064,14.51632064190282,14.956739220720394
672.9667984367512,454.8551572519732,14.514713978548258,15.107541331014529
670.9929536719287,455.39047995617113,14.49146005726554,15.229679278331552
670.077889471674,455.2847316953091,14.34058946485515,15.335638385504861
668.9293047607562,455.83544595310605,14.248407995577516,15.394484375526186
667.5718531293876,455.6098283486127,14.137169900892776,15.401990183878043
667.0600612767846,455.8570029964426,14.038313267963973,15.322088672642115
665.6379167682936,455.2077962716591,14.128623555697851,15.44327128724823
664.6931726752329,456.1104384212933,14.146377122678905,15.421190112979815
663.330416439818,456.10375029538403,14.060659887697911,15.488033161673378
661.5785689906678,456.00246245701305,14.060475238879285,15.567680219030503
660.7427712411111,456.4370075556411,13.918784910356,15.487690668747078
658.9779245516495,456.57002169181845,13.867747851046612,15.442861432036926
657.5616086545508,456.4903056663603,13.924065863505783,15.574091426068414
655.5377300115204,456.4633769529863,14.043203764801131,15.667808624544936
655.2476300705957,455.91497018370876,14.00013170451176,15.691158723158644
653.2972570880336,456.81789862571515,14.00070829707737,15.579756032261066
651.6505697188576,456.66322742789157,14.127472317655869,15.619208596365318
650.4669639937841,456.59268733953,14.147580648906416,15.667492447404829
648.7294478516098,456.7070101480577,14.251725176907321,15.664081815701046
647.860084996738,456.7237291104848,14.206847218438096,15.785295532692558
646.2318107269341,456.9334867962457,14.186666174305547,15.810562418250825
644.3746592565666,457.10677114585263,14.196100798390294,15.824089696820135
643.5583247102008,457.04542795227997,14.213436333992902,15.749720267315118
641.6368905720371,457.48138383312994,14.29481855685334,15.75190823706047
640.141392510455,457.48039057760207,14.336450971521513,15.687313022041977
639.6189033260082,458.0132942131707,14.312509204917145,15.495948805103879
638.1910655630484,457.9905287026684,14.355310890504754,15.401030302182628
636.5228583491785,457.9480860956098,14.361139838508295,15.379886005801787
635.4389063652895,458.0973520598586,14.525770796032361,15.346521313632394
633.7254908247543,458.23003332641173,14.473742929348969,15.41540636963748
632.6584817036909,458.45288507612634,14.526733186856514,15.401454121428923
631.1503493035258,457.924756488707,14.51995721570243,15.440053062625076
629.3324655167379,458.6867688596185,14.469128872530106,15.235490143311784
628.3329368248864,456.77733600017876,14.592732307258599,15.665722134164
626.1018216311459,456.15357819601957,14.779270708655623,15.997004679738211
624.5539865520241,457.9492631437004,14.945711130570924,15.752116107618725
623.2504665399393,458.9731519072418,15.066976160844053,15.349636584686287
622.2529045376234,458.3928276974586,15.357735388864448,15.090374573344548
620.9877259812981,458.6138892788138,15.523315890187057,14.97413718333922
619.0862376559438,457.55757189032056,15.535856749880049,15.415244097776892
618.2054156335453,458.664706135902,15.615772431639972,15.098577687912805
616.3081208347701,458.7594832402003,15.618400359268477,14.853668407294705
615.9725126712673,459.7349716002371,15.599431139399007,14.55878528463323
614.6505632493576,459.5965843769111,15.705202084048503,14.43381107405862
612.60319867248,459.3959970662063,15.735855767833167,14.304182015048369
612.4996642722224,458.19318459976984,15.652671882801213,14.618910341475948
611.1138993845155,459.43702844531003,15.670814207043108,14.346558496342766
609.7817474368027,459.67737020187,15.703911590017618,14.215335585029543
608.6102441192102,460.5757431793092,15.636411023054213,14.092494049096409
