608.0,591.0,9.0,16.0
607.197431564331,583.2112269511476,10,16.15263459868129
607.3191089630127,576.2266332197019,10,16.379207315479164
607.2057723999023,568.6518614564528,10,16.556254809262313
606.4086608886719,561.3548320653385,10,16.7501365895378
606.3627452850342,553.5943313098437,10,17.075463204287118
606.5137348175049,546.7006214080226,10,17.191687024042672
605.5519409179688,540.6528411010831,10,16.850289324933314
605.9539833068848,533.6412308838972,10,16.551541680692107
606.2316761016846,528.0823967234834,10,16.30217508941026
605.8402690887451,521.9816098221223,10,16.257170675579637
605.1602687835693,516.0129948007038,10,16.1418837811607
605.3886517574308,510.72123152410717,10.044794263458607,15.77172457385602
605.0347111684346,504.60056626455287,10.05218258256454,15.83672071186103
604.7696743011475,499.6711561306482,10,15.493907526301246
604.9811261134524,495.58566553398305,10.054093750878291,15.207826952053422
605.1561546325684,490.4948663090134,10,15.124548082656833
605.3336548136743,487.37239977168787,10.03046335238755,14.722443651204363
604.9132117411048,483.77243672328734,10.109359904020913,14.390486508259311
604.9453251737714,480.3806798842464,10.23478834264283,14.166695041077608
605.587149710229,478.52378139785696,10.102357684034041,13.680891794129803
606.044828414917,475.1751157537963,10,13.51135220212414
605.9145945635403,472.74911815784054,10.105457479364805,13.376477582023941
606.2760685322392,471.94391414565973,10.196466756322513,12.93039375457894
607.3231367573492,470.52841737507913,10.131665328074975,12.567726559656167
606.6399796920716,468.5731031535465,10.28000384217517,12.468497824986983
607.2465241097001,468.03609814780634,10.478417845052935,12.299000451213434
607.8705273153391,466.10357318778995,10.580490016538436,12.457473070220919
608.3958183656263,465.2269708326412,10.842976305856904,12.638106979737175
608.2887037250813,463.9118287922633,11.061138539827578,12.691547798774184
609.5575410720536,463.6496487796211,11.270717263851793,12.3749883294297
609.9736236415511,463.825311714498,11.515227539895914,12.129211318318445
611.2288970513995,463.5621258497487,11.529651728499747,11.86823334688928
612.0417394111707,463.4977670934575,11.656316862473018,11.526495689793935
612.3395218997103,462.32617671234584,11.678088158587052,11.63987908873609
613.7346316253016,461.41371064711933,11.315564935431953,11.61845196625942
614.3787276944998,461.2271259436307,10.882902582191669,11.533434269965106
614.1930233054118,460.4036867932197,10.78225783253583,11.59918540403907
614.4225485233274,460.34495140650995,10.872588652808098,11.662254779753516
615.8404959502155,459.30973153987173,10.90752052022324,11.914052850432363
615.2568844217188,459.4985587230096,10.968839951728253,11.826521469996425
616.0819714123561,459.4437807510644,10.964265335688273,11.81094008478523
616.0103657464365,458.85992829572996,11.104516462449396,12.060577063325198
615.2063015390869,458.2063227899193,11.430315317822306,12.223367451167338
616.1120486786813,458.1027052166245,11.443108453184374,12.199290799661144
616.5232200290529,457.17558975421343,11.558654851562054,12.373616786739188
615.6873960638743,457.6898425016664,11.657525987485743,12.22247640413781
616.0834777172403,457.7619083488185,11.876963175138506,12.368322737177447
615.9380103800283,457.34233012353803,12.01704564619326,12.223001190912246
616.1306179011075,457.3700992653746,12.08638993020698,12.247068009778069
616.5786468428047,457.576037138417,11.94553147918549,12.127405703634688
616.2320358375944,456.73024514117077,11.889291361920575,11.951054517463145
616.4661089067451,457.1027568062493,11.970042013169946,12.06076751543101
617.3558159959422,456.8641852466583,12.123119137266075,12.1135827842713
617.5871185277834,456.48901845205677,12.14942856332963,12.243234610778991
617.4732165476398,456.30319094543074,12.37610337322617,12.111582281501851
618.6228453119068,456.6482918607685,12.188814838832897,12.125146319966955
619.0230190690044,456.7337149204331,12.173539651297817,11.885471617873996
619.8903257906827,456.3656070616212,12.237479674738108,11.848604602343537
620.9174291603441,456.8590022481849,11.960322953725871,11.68859264108141
622.5453721984762,456.58558331763544,11.369300463887395,11.66900899339124
622.8757523720142,457.0838490724241,11.471449052358466,11.589301824634234
623.350192325998,456.77215967279716,11.422605002544977,11.384982869981803
623.845345933634,457.0168443929703,11.647385677898066,11.38086962470396
624.3953575026393,456.9217873225407,11.964259359955843,11.452827332457653
626.0040835378763,457.2420754519493,12.070831489921126,11.450720769685354
626.7882454701158,458.62943298099884,11.89475005708275,11.634021153480829
629.3068163254078,459.2823237558261,11.565433053530066,11.734283610173946
629.7772185126986,460.32425943769664,11.382490770012906,11.643519088473948
631.7356495884613,461.3858326591375,11.268340105303885,11.379926936363587
632.2023946469315,462.2584347120577,11.2438809026703,11.19416344331627
632.9779104160071,463.5088542553583,11.244431700944604,11.113433151881088
633.4852362664656,464.8436737712851,11.452962678250557,11.28333650894344
635.7085138301821,466.7764271313217,11.369433216100601,11.325334824270627
636.7426207475382,467.33031167349526,11.415946401651969,11.693269933038724
638.6985827282227,469.95239285320287,11.427564462988094,11.480903075332602
639.6699676675769,472.0498862071226,11.362575498586354,11.35445503326454
641.0582968177123,473.3377326247292,11.422033989087083,11.696818686088424
641.7044393566362,475.69938881948895,11.555301279403485,11.926448191100203
644.2025720639311,477.87959927987504,11.765327063543948,11.718004809390496
645.4372537642347,479.65812577950993,11.74899711020239,11.840879636048491
646.5114340842744,482.18211346761103,11.826924311920108,12.373421075031834
648.5609318739906,485.76389429337974,11.747902487370398,12.014680437898772
649.652120989868,488.05585753732026,11.779711877685898,11.918543104070363
651.271219246321,489.82257907242945,11.956378951205469,12.166330960365709
652.7501552082816,493.85778051621725,12.009066109315604,11.880065798620235
654.4079781291637,496.74828673452987,11.800708628147323,12.032692888362178
655.104765786294,499.2547403428968,11.70150587248029,12.208067684567729
655.9298800917132,501.97788598796507,11.586586099532457,11.905495113913592
654.63273456751,504.8615807598058,11.595996319081445,11.986406504070086
652.8602480825122,508.06625620074556,11.88166142774916,12.125990558713932
650.6646437179904,510.93565807969287,12.484715554741747,11.608679568153338
647.4516518838919,512.7345679189185,13.262963627235731,11.987346095756688
642.8131195498986,516.1041085366971,13.822373113337605,11.65470940975996
637.988637410726,519.0769660013585,14.495099140950305,11.207262607878734
632.5338917397492,521.9625099547455,15.091541166497791,11.172808001885787
626.7197356921222,524.9689377270688,15.544094899935342,10.87802725582343
621.9300728285303,528.6042924981173,16.41514197111323,10.749739436138583
614.6202387869708,531.4608615966529,16.916630732943062,10.8019439514696
607.3352488396774,535.5229813329003,17.040584779141334,10.432556773896806
600.1242876974028,536.9537427574803,17.223962599579224,11.032707661308976
592.9873304524083,542.1051575710985,17.834093062468583,11.032230939346048
586.0121419068954,544.4499633357974,18.168987823172,11.41757821121773
577.6675258365925,548.2842202697273,18.34360585855329,11.432337658787686
570.7978875764545,551.9281620756468,18.885902856124144,11.624220892651708
563.0716579401388,555.7491881313662,19.258009345552505,12.068235980919908
554.8182029659009,560.2488514678817,19.68429566731915,12.33422150271321
546.5193906290752,564.3842137535844,19.774313834622923,12.638585432284236
539.5949923464634,568.4969401790586,19.739744768743208,13.241440686804722
532.0804146633886,571.9569694369746,19.15446684631844,13.92476046687095
527.3015981026529,576.486417820548,17.930998740983338,14.19832219581804
527.4214259063987,579.4947085819337,16.56756002191957,13.84413996503897
526.8156916811936,584.1448641292831,15.381887969399866,13.978132154031416
528.0512699065443,586.3258637433506,14.751666272116312,13.937986563591696
530.537506307374,589.4182602782113,14.168315479734432,13.862125988987543
532.9657451927676,592.5298097909613,13.84922555684756,13.872139298692588
536.8971348356858,595.1359117148032,13.66175449855012,13.600910640217862
538.0376112226292,597.6950342113507,14.024726437798446,13.582652677152087
541.6956444044207,600.7400770608899,13.998920389156558,13.589116965866651
544.7960858762353,603.2148167672028,14.22437945602545,13.345608317400945
548.3123444978685,605.3758411831886,13.866399871450453,13.315086279863008
551.3498439467274,607.4889741632707,13.620212619240524,13.174052100704854
553.8038621558787,607.9826054445808,13.704630729746423,12.957869555174252
556.7376421269284,609.3495017284536,13.717617357471177,12.903306723756996
559.6328646344032,610.0708110745069,13.64712015746326,12.99498597476551
562.445304138475,610.4822204808327,13.571599517239438,12.981817583256584
564.5760596503022,611.4088997557924,13.263266899346743,12.797167834606654
567.8268237736125,609.2290460545482,13.072319860001539,13.297561272251208
570.3572566507706,610.065149388545,13.243448734591524,13.368869618906015
572.5722222672013,608.8374604737871,13.007269790548598,13.892007915951142
574.1646724754497,608.9007234398432,12.892975605741297,14.097009693799896
576.6241982224141,608.3425222274457,13.092999886959046,14.229563546817602
579.0832697262708,608.6858913784173,12.905451514255182,14.2634444465346
580.5422819960517,607.093973755894,12.659408786217018,14.156843900565447
583.882884519241,606.6788092403663,12.598027195648983,14.477956623027161
584.786129056339,605.5489201192775,12.506530644646217,14.506358217255572
587.171325585098,604.0778674646501,12.654392439423077,14.576931086324771
589.388050965484,602.7615827750855,12.145033017762334,14.874188575805658
591.389047848268,603.0988762239815,11.683238531979672,15.085923699497851
592.397963560103,601.5023586939961,11.55727188492097,15.033425769966698
594.3193764192305,600.4948753958997,11.655974486978598,15.053313325632297
595.8714831561493,599.384249127148,11.525596004595883,15.21161191416104
597.8844072869906,599.2699678940417,11.214583863518744,15.23518017871362
599.7268519404116,597.2604594488085,10.79076480814149,15.205082841884755
600.4884041888828,595.9173725276863,10.677553347087962,15.219248169725006
602.4988726861246,594.0857272248405,10.800277851627591,15.19773195168603
604.0885995743017,592.7849256849689,10.574677682451323,15.389632730404024
604.8593938118065,592.2885184330277,10.645401524336112,15.282792082919382
605.4523842297183,591.9203437856823,10.330548770788017,15.151084126633275
606.6212024688721,591.1080165823561,10,14.86057358577625
607.6959838867188,588.1950768930731,10,15.167928794420181
607.9083766937256,586.1156013985859,10,15.535429282906414
608.7714900970459,585.2735847830265,10,15.655299306017163
609.5652942657471,584.1699614223147,10,15.559620917577615
610.2255362996548,584.4002401379036,10.025211427790145,15.334167093577577
611.1533603668213,583.4079310018082,10,14.975676234909152
611.1140937805176,581.5861292269801,10,15.13420669496543
611.9996585845947,580.6100151700209,10,15.054982629928945
612.1802196502686,578.8755777968386,10,15.31557872028764
612.6448459625244,576.8132252633923,10,15.324076664377554
612.7399253845215,576.7080180857748,10,15.345194297200347
612.6584815979004,575.9292453092086,10,15.432288495352344
612.5815505981445,573.6213834281214,10,15.727509022663579
613.1379337310791,572.1521459718551,10,16.128786822158915
613.2506866455078,570.8076556346529,10,16.53381287620218
613.6191825866699,569.1432607545707,10,16.755730077772498
613.5951271057129,568.5218638902309,10,16.785049532770604
613.7950477600098,568.1348607454252,10,16.958084600458285
613.9464149475098,566.3056112739747,10,16.97127028041966
613.8167915344238,565.1697811006188,10,17.06320116546153
613.5293731689453,563.0135442306347,10,17.232814492832066
613.071699142456,561.1046827139729,10,17.411369740511123
613.6385478973389,560.3806007223995,10,16.942350801294612
613.6129264831543,559.874757157157,10,16.60816696010004
613.432149887085,558.3488714065152,10,16.473514206012652
613.6444129943848,556.6244470634358,10,16.25719412996426
612.778751373291,555.6418475445424,10,16.141540659206196
612.5329093933105,554.0116763595067,10,16.150532626445496
612.3351306915283,552.6648673509488,10,16.219261269781974
612.9397430419922,552.0678772684963,10,16.26056199132773
612.320234298706,551.5990818389673,10,16.276682208295775
612.5736141204834,549.3097082077638,10,16.534601986571882
611.7963581085205,547.9079154987423,10,16.6611282310309
612.4834823608398,545.7696471669007,10,16.581982521667445
611.8544235229492,544.0414201852335,10,16.57672078675947
612.3235034942627,543.5447675256585,10,16.310966199903852
612.6749954223633,542.8119748305144,10,16.2222455599185
611.2471256256104,540.8505733233967,10,16.54809041375342
611.6294841766357,539.3623061137557,10,16.633637436795215
611.3612899780273,538.2022889824254,10,16.572568183830843
611.137285232544,536.4592824430429,10,16.43493166542784
611.2995281219482,535.2504478358798,10,16.302853412713187
611.191614151001,533.9997063103382,10,16.46201697527079
611.057710647583,532.4263864473058,10,16.424990472087615
610.7891235351562,530.0765805428574,10,16.628329240212842
611.1171360015869,528.1700281595644,10,16.746510605920076
610.3789958953857,527.7894898866642,10,16.414149956896097
611.1566715240479,527.0492594840119,10,16.05673921068695
610.8761863708496,524.6301123447776,10,16.55885947792545
610.9927978515625,523.4490721476974,10,16.66315788966371
610.8968715667725,521.8171207497687,10,16.79796370065795
610.6648426055908,519.7306487347578,10,16.71197752438095
610.6174373626709,518.8214969335087,10,16.537963927172136
610.048152923584,516.8282600219451,10,16.773197973688028
609.6788864135742,514.733435538674,10,17.128221696089458
609.8019561767578,513.2537295976745,10,17.36869284322527
610.1985950469971,511.87003164259755,10,17.22839679781273
610.8028335571289,511.5344716435379,10,16.98760578518972
610.6735572814941,508.55181810129443,10,17.587705197557607
610.5298881530762,507.23058197597885,10,17.755255268013006
610.4377861022949,504.6675806942642,10,18.18430501161813
611.0295219421387,503.8331405375756,10,18.135331778852702
610.8600940704346,502.8938478962582,10,17.900528999964088
610.8530864715576,501.9812965405313,10,17.813629147941356
610.96533203125,500.97221815991315,10,17.785147420408023
611.145679473877,499.42194262414563,10,17.993868047607144
610.480411529541,497.7760190204915,10,17.932779463899806
610.7711887359619,496.69534128328655,10,17.795047413895638
611.5587940216064,496.1643302845671,10,17.624136366900995
611.8751163482666,495.7143223032978,10,17.533555558199282
611.4945468902588,493.8282210568604,10,17.76165633598625
612.4262237548828,492.7240700849939,10,17.809565518488686
612.8037796020508,491.5268434459624,10,17.56918450700092
613.6015815734863,489.9617008205046,10,17.45745391929362
613.347146987915,488.1293631711892,10,17.61008240395949
614.4344806671143,488.2871941841799,10,17.332819120653895
615.5640621185303,487.35673927602306,10,16.976237787065195
616.3133411407471,486.7362930140835,10,16.72934115689161
616.958194732666,484.5492511676749,10,16.74816590805831
618.4609336853027,484.15024820633704,10,16.83838145597823
619.2928256988525,483.07353136695116,10,16.777307078109416
620.0861682891846,481.7862700901331,10,16.74545298379634
620.9005417802099,480.5516615270299,10.05140209631852,16.579198766008563
623.052601692596,480.44006515153893,10.15526795880205,16.38414047939281
623.9589967716632,478.935987137955,10.153348924935148,16.164929105437686
625.205300101186,477.97861251538865,10.284391863057694,16.214173132064516
627.1464773423803,476.78806922416874,10.712321041557727,16.409647989650768
627.8072595296185,475.6091192867755,10.810869276944757,16.519863385677503
629.807088567541,474.1733104011564,10.798927875904303,16.501447434991867
631.6414588190815,473.6239803017128,10.776099543233418,16.449884855558842
632.846922871004,471.5811683216111,10.907766349056335,16.537412349697753
634.9700501317685,471.10678277274235,11.15844481092594,16.372471136644247
636.3613212349273,470.15963847257024,11.359560441522268,16.350709779712993
637.9739625513926,468.4480566333381,11.116642463132903,16.508252272874568
640.395696916338,467.97799882747836,11.28454916048804,16.50241070075612
642.1323184167068,466.32872135125683,11.44969574715287,16.49910102917579
644.676549435871,465.85915842129464,11.423424718345913,16.53820628973491
646.6599577334875,463.93202177838856,11.306995696354951,16.535736716660377
648.7756035003297,463.45219748672605,11.313939636303484,16.35685075408702
651.068634232241,463.24033456529935,11.747771818721036,16.181707273209895
653.9371943056383,461.6252714867978,11.544850432912924,16.34200921146296
656.090546649927,460.84626548312787,11.535520469677273,16.417462014701336
658.9658682992175,458.8693367253792,11.834430088576774,16.592259166429173
660.9384277264961,458.38658523998504,11.776853958628948,16.838653555674476
663.9921619974791,457.44562406201356,11.746098978674532,16.75051365575805
666.4508089008153,456.15826394565414,12.012269222295053,16.830307435840194
668.7525859791016,455.32693638333706,11.89753800273435,16.74004050236886
672.0721555653465,454.6522388991687,11.91520577604521,16.58916462719965
674.662019699104,453.27361248707086,12.108703674301747,16.589707398905198
678.068002682656,452.55857822796696,12.020469701826586,16.674454261839475
680.0419291153529,451.95445218135916,12.117561599616572,16.736523341139147
683.1238288092815,450.6236241941706,12.18214813705227,16.961716913172523
686.9608755162466,450.08103643435743,11.993459691383755,16.94523456536721
689.5661237002556,449.4686131885079,12.433495092164513,17.072394289488066
691.3638493651118,448.57512388449436,12.292065216309537,17.099111361870683
693.5087065846193,448.3343471645333,12.178963631298554,17.249060797886475
695.6597367442932,447.8497610185277,11.98182656024168,17.0937595181204
697.9852018773373,448.18406541136125,12.11710921529617,16.97784696048068
699.5716774156775,447.1303348967582,12.01175457416259,16.772220526307876
700.68325753792,446.95843942373136,11.637234771572123,16.63756451191227
701.1470573063885,446.8369713460046,11.32015464381474,16.534229152473188
701.5694209233361,445.42165560595737,11.155763408454666,16.909408667235674
700.2684711903304,445.23942036909096,11.498992067581362,16.943808645362978
696.7139263470355,444.0864907229656,12.143424924337332,17.046142394400782
691.52620013802,443.6976462518248,12.82683022322756,16.802007453625876
687.132505804327,442.68676646794376,13.505671679920086,16.86696465322377
680.5531011328102,442.6075014458467,14.069468358159039,16.779252174224553
673.6372465591869,442.29009881626905,14.622880081089013,16.655298888457956
666.5676123184661,440.59651731492255,14.895403567413487,16.65510608670768
658.1265130435057,440.7375573946614,15.464041631494315,16.617486986800255
650.3789812469141,440.0261242871849,15.88690444953108,16.511098288423156
641.9765168761782,440.0505811960263,16.4314572144405,16.431666892615347
632.4639069764241,439.45499388144077,16.56429725320629,16.471466704891938
623.2514603048947,439.4598101542593,17.051297682446936,16.494060721754824
614.0109207738086,440.0012238943381,17.512547948232495,16.610253627339418
602.3915603176976,439.73210487379913,18.288263794536455,16.792206573202485
591.1278062036818,440.2764091553868,18.877867664657934,16.92253111549594
580.2012938784161,440.9152399930747,19.24201597241576,16.887674921077235
567.7994643826379,441.7529857594558,19.49126975156999,16.97744980677207
557.3915456694505,442.08480021587155,19.162228790493693,17.182702119526475
549.1065050125553,442.39862223342624,18.325598525914785,17.22932108490535
542.6982229405712,442.7096525502034,16.916942943320493,17.11646150115581
540.106977183039,443.4919277523935,14.962219797740223,16.942253809177814
539.4491846357841,444.09458442741436,13.512515585609526,16.581064299468096
539.5343944161857,443.8963769298869,12.460691148097263,16.484349564298448
539.8689010724723,443.1280272115331,11.611082437574854,16.44276378372094
539.861321918785,443.59514263068496,10.931523337722917,16.621711198591
540.1315981789668,443.53569965035814,10.395395866187613,16.672222525455542
540.8829259086514,442.8268502192786,10.069006123370993,16.804181488933047
540.8266086578369,442.42415969932154,10,17.028172147987732
540.9952850341797,443.33948865851676,10,17.279625588239877
540.4490489959717,442.22067023788804,10,17.268883675835262
540.8340473175049,441.9895639588741,10,17.228929485816277
539.845422744751,441.27592553429105,10,17.372190679464822
539.8009834289551,441.75771873770964,10,17.31942809464903
539.7161808013916,441.971878410206,10,17.189128158836112
539.5631675720215,441.1492175476088,10,17.127750512692486
539.2523422241211,441.1639148417466,10,16.918801938821254
539.5611419677734,441.5287714316848,10,16.705026564120605
539.9028816223145,441.69943119842327,10,16.570948088993326
540.277271270752,441.7949562542042,10,16.43491735609359
540.0109519958496,441.12989332158213,10,16.294218026025135
540.1088485717773,440.6561194316579,10,16.494680234584642
540.2864437103271,440.54988959435065,10,16.362588822773326
540.9639739990234,440.320703492251,10,16.29639056188472
540.878828048706,441.1137294661601,10,16.22874834307036
541.4906158447266,440.95584636051586,10,16.165841000892136
542.4311084747314,440.8264149559934,10,16.01350233288627
542.403226852417,441.0649077882038,10,15.975805761482956
542.832441329956,440.23437264661504,10,16.0758408884105
543.5624618530273,441.1206518707698,10,15.861128509437028
544.3818702697754,440.23940509086555,10,16.181121001130276
545.1553535461426,442.02616617601717,10,16.231404830582864
545.6925430297852,442.4354190717446,10,15.958057425358412
546.4008903503418,442.6183351022057,10,16.070985130061167
547.2437591552734,442.81692037923426,10,15.979326050613558
548.0687599182129,444.27317163682466,10,15.945416980256915
548.7462615966797,444.45034873861806,10,15.990965120420107
550.0199928283691,445.2875011101469,10,16.036985847333195
550.3471145629883,446.53224143592547,10,15.811325843969414
551.2936134338379,447.70677883821924,10,15.818787904616247
552.0738582611084,448.41849171276795,10,16.03397299536253
552.769962310791,449.36452916416084,10,16.114989218065006
554.1709079742432,451.11308193396644,10,16.029401775377693
555.1044006347656,451.42825382234815,10,16.002344741778302
556.3831310272217,453.7678346602535,10,15.750398642139393
557.7515506744385,455.4532328891186,10,15.827085247153423
559.1077213287354,456.4828959645602,10,15.921281587725264
559.7086696624756,459.34852397707664,10,16.044491047311524
560.8373680114746,463.01430567164425,10,16.072722274875595
562.1501445770264,465.8597230953802,10,16.532346716954432
563.4356117248535,471.0399517814061,10,16.581698457451488
564.4098040707754,475.0140332645944,10.026484082570187,16.97533236607492
565.602179632497,480.7138996035613,10.021936206197367,17.140930193512208
566.4471658724043,486.71683766262373,10.018155285220628,17.1588196393521
568.3954007300318,492.72278338154507,10.022160118305436,17.239533792329762
569.2203348026085,498.6839866127311,10.074665477790822,17.281307322633594
570.3146833189,505.12533466146886,10.23096966591078,17.38540474322442
570.9842919383016,511.6839798011647,10.546602433211381,17.33198775484834
571.9418377505597,517.4614719924795,10.602007940042691,17.478884780910146
573.3306825270496,524.2911237959861,10.726215817482865,17.344079159736715
574.3810432200128,529.5925103858277,10.618971299232317,17.4955250352293
575.3748396232533,535.4671621051568,10.718265852370461,17.506284767957915
576.117755960977,541.1380378280653,11.071086741376174,17.306203549191746
576.9474410459909,544.7617138649604,11.279247394102104,17.34932541338972
578.1303647731849,550.1351593343803,11.703885321794413,17.02977975042875
579.3306853182333,554.4198236782131,11.946718810554806,16.796144422138223
579.8433294180991,558.9109606222034,12.007318519758812,16.642682179665428
581.39562967122,561.3259049875842,11.892631953946609,16.735862449148
582.6533041500379,566.2931990979373,11.568471808566699,16.17875378166436
583.4966949504246,568.3329115694677,11.670863334014127,15.846345745341903
584.5507883261179,570.8904546915247,12.099507484727106,15.695927775153695
585.0339452300238,573.3178642518244,12.769714062657435,15.299620007093274
586.0557468046679,574.8222971462727,13.272993542763837,15.035722632503315
587.2623730170686,576.3712119461834,13.09558477640973,14.985202908170347
588.3316534638925,577.1867257436604,13.280258440867291,14.81641743968122
589.9725554473097,577.808109889337,13.338897131503789,14.712954263074169
591.0413814896233,579.2884719709878,13.465954519532696,14.66984408292691
592.6069293080456,579.8784267522691,13.563809383176439,14.667691783547703
594.2231580049074,581.7060119132942,13.500011199657738,14.710935310374424
595.1060392718571,582.5784768262093,13.437831429430418,14.816904227220016
596.2715362558679,583.3999565442157,13.312506864484972,14.980207761177986
598.1431447847942,584.0843163195784,13.320376995352984,15.23276506592126
599.7453947363471,584.9512921450178,13.523836076622237,15.452106261722406
600.7802038305614,585.7711303523779,13.717485405283398,16.052763404130843
602.2691921932847,587.1425356148284,13.689574292629953,16.53547778157371
603.5244860056284,589.5145477606435,13.607247471164964,16.519099363966824
605.5053022045122,590.2610626441066,13.585251303866169,16.522998765741935
607.1106262022437,591.5743072612299,13.693573034965773,16.607977274415077
607.8986465415734,593.550792167065,13.893712623640344,16.93630323911228
609.6664556686233,595.248374340404,13.877732431063965,17.112282996438054
611.1335865734918,598.1683718346413,13.837101602772305,16.986323042143184
612.3857181019474,599.9003071178752,13.71425486666188,17.03383553231613
615.0789720251971,601.7318302636758,14.12556806508423,17.463684748527424
616.0925221010824,603.8180968282207,14.36881550852854,17.85482654619516
618.1476950763071,605.9356314305948,14.244080519993238,17.847685503068234
619.6479870801143,608.0691025062903,13.996525382007892,17.81065515587658
621.2712584207981,611.1214629854372,13.855489597612824,17.917451531567007
623.0257433948971,612.3834065267604,13.98145312109457,18.264131770698004
625.0604309536949,615.4197339454025,14.113967041584829,18.42737018292539
626.2587583490395,618.171906422512,13.969753657145787,19.21455202313985
628.6759417848943,621.9961303395359,13.702845891881134,19.26704718225648
630.3129110961984,625.4362668313602,13.216672772202923,19.767198698119557
632.7145767237251,629.2273004428778,13.078968043028333,19.944660588853807
634.173697287408,633.4601153752361,12.869360338514127,20.29171382960587
635.6135548666181,637.8717296547154,12.412527260172157,20.287729655412953
637.7699654847316,642.0302345669876,12.217496246112928,20.666047589657705
639.1271316095113,648.4562334914066,11.790677729463766,20.704934140233696
640.7365377486824,651.674438274436,11.529995333933986,20.866539405717727
642.0056421510756,657.0302718069292,11.537456084811794,21.16306631045798
643.9936688803681,661.8702164549084,11.526917762945514,21.241798230320107
645.4713756634321,665.6594787619683,11.323503098184677,21.33952025926642
646.6683344974689,670.3208807590146,11.236439678157847,21.293831133338028
648.5014997994423,674.0267433789402,11.01733655223838,21.55163866936568
649.73621394664,678.4353659151661,10.960261773468131,21.843493938710644
651.0332269002415,682.9881675199398,11.054956569389951,21.7540803043586
652.4564366647343,687.8096857691053,11.11319249694749,22.097547407102
653.6880819903921,691.1843897799729,10.95583293694048,22.403223613882314
655.2490847313372,695.4760270027214,10.867579896456409,22.780024546803467
656.3380685306415,698.9310441885245,10.75257769091428,22.33098108095885
657.4151367833566,701.4285096483698,10.864142479429303,20.671865590955697
657.8771848748531,704.466451361975,11.047910676319074,18.582928269702386
658.6730248102127,708.5852167177715,11.045849488461304,15.749404516117126
660.5795625118491,708.9377428529185,10.399075812483595,13.886370373264585
662.6380819732057,703.7082209531462,10.859952081420609,13.56129170576799
663.3279369501107,702.1258230810813,10.747652405930966,14.23150813471237
664.973299536139,707.427311096695,11.7496671020383,13.412841490691992
664.7228737787708,704.9179575648002,11.419235047438914,13.88630624491127
664.6483521688638,705.8665932218378,11.073599769938577,13.44141606486944
662.5334930425885,707.9278152723634,10.855808256864059,12.845201822216444
666.9332686303829,698.0610604813085,10.1514871838143,12.801676644805056
668.8964710235596,698.3885987206874,10,12.121186652863466
670.1092071533203,702.0155024270515,10,11.061883024314996
670.4281024932861,703.2926732701499,10,10.23708311668279
671.0746212005615,705.8318824768066,10,10
671.0558319091797,709.5331192016602,10,10
671.5542602539062,710.6725521087646,10,10
672.2974967956543,710.2210083007812,10,10
671.9907360076904,709.4429340362549,10,10
673.7231311798096,708.0516660683217,10,10.194691087233627
674.3217296600342,707.9502837015887,10,10.306913981100061
674.6662425994873,708.31770137167,10,10.43180077838852
677.0140380859375,707.2335035841734,10,10.546775332873965
677.468189239502,707.471179219185,10,10.727872427108391
679.3721733093262,708.013796396054,10,10.643179760382289
679.8536243438721,708.3741750119045,10,10.630357861933224
679.7879123687744,709.0712666939005,10,10.575594816544653
680.2788124084473,709.5893397683224,10,10.391201902564212
679.8654174804688,708.9330418629567,10,10.33999003507296
682.8060455322266,708.2525674798623,10,10.31568870970918
688.6162528991699,710.6608657836914,10,10
689.4824295043945,710.8722152709961,10,10
694.1222755978614,710.1963310241699,10.347566113847597,10
697.9637145996094,707.7612495422363,10,10
698.3156967163086,708.4337844848633,10,10
697.5299530029297,708.7891902923584,10,10
697.2893371582031,709.6010875701904,10,10
697.2054996490479,709.2401332855225,10,10
696.5600490570068,709.6455020904541,10,10
696.5729312896729,710.1540107727051,10,10
695.8783836364746,709.2171287536621,10,10
696.8364639282227,709.8003845214844,10,10
695.9062919616699,710.2632579803467,10,10
695.8859939575195,710.5037708282471,10,10
696.2364044189453,710.9806747436523,10,10
695.3859901428223,711.5139579772949,10,10
695.198127746582,710.9562473297119,10,10
694.833194732666,711.1831798553467,10,10
694.2418117523193,710.76291847229,10,10
694.0161876678467,711.0616436004639,10,10
693.9361267089844,710.5867176055908,10,10
694.5693187713623,710.7842540740967,10,10
693.8467617034912,710.6538314819336,10,10
695.6508541107178,710.2836208343506,10,10
696.1110172271729,709.6044273376465,10,10
696.075963973999,705.7376493848665,10,10.735612027386196
695.9929752349854,705.4102936226622,10,10.372947605749811
695.9124279022217,708.4306678771973,10,10
695.8402080535889,710.5669860839844,10,10
695.2732524871826,711.1466178894043,10,10
693.7049446105957,709.3345203399658,10,10
697.1304759979248,703.5744705200195,10,10
697.6077175140381,704.8503074645996,10,10
702.1058101654053,703.6542698883602,10,10.445339770398641
702.4294586181641,704.5406434765009,10,10.637108280152567
705.020063350959,701.0199864100181,10.690292457017403,10.872586689241249
708.070963816895,700.8927520012185,11.201673593016725,11.17385802759225
709.1665604977624,702.2632554898482,11.28928501033459,11.017098639444116
707.0986996973246,700.6356194287545,11.647594196659496,11.06356186270581
707.8193836285895,698.1483317037304,11.672664627586494,11.40855586133807
708.4852186580566,696.4074038608203,11.397158356494245,12.085651567910109
708.0916226874641,694.208818448541,11.335309312571844,12.0992011766485
707.9287253790314,688.7006240743175,11.251771654046507,12.823246785447058
709.6297920095092,684.5443097140932,10.301088740991437,13.20600108572972
707.6546677890855,679.4229193855152,10.12626088789347,13.197755589321142
711.4723606109619,674.2633817516745,10,13.331795151436062
710.932689666748,667.1781195301943,10,13.525314589513732
710.6636791229248,661.900338632167,10,13.32393745124233
710.9235076905575,669.3858137320518,10.130680083972948,12.674676857185371
714.2423275462476,667.2892416985367,10.170797635776287,12.516170686178704
714.9960550752089,662.2194308679296,10.003789050021568,13.100353352031313
714.7148284912109,654.3021289601764,10,13.25950398150254
714.4258098602295,646.8416955505564,10,12.794903271445772
714.7777500152588,641.4972109794907,10,13.653141975344813
714.3361835479736,641.8689464060905,10,13.55178766877622
718.1841411590576,655.9738638694275,10,13.414065779211235
718.7237167358398,652.1463718129852,10,12.767017421392994
718.458818435669,645.3285719725645,10,12.312918310730327
718.511547088623,639.1014018206065,10,11.5789575282207
717.5521240234375,631.9491977381723,10,11.542711319920013
717.9674911499023,625.8977767544793,10,11.53321808222783
717.9194087982178,619.363704688559,10,11.563787446002165
718.3635597229004,612.005891930408,10,11.532209135399803
717.2587738037109,605.9626592025181,10,11.257977798576965
717.5936088562012,598.6497115431811,10,10.691911828799105
717.0470218658447,592.4985162996221,10,10.806018395628762
716.8676910400391,586.6718011759315,10,11.169842548649818
716.8760890960693,580.1129019998315,10,11.111453385591055
716.9591464996338,573.2607656519536,10,11.06635550639536
717.1961421966553,566.4734954626058,10,10.759994548421204
716.4978332519531,560.0822104931675,10,10.913757419426748
717.1543140411377,552.6407272547063,10,11.139398151720044
717.3847637176514,547.886219536486,10,10.897223402614003
716.9376983642578,541.831649272119,10,10.858817163159532
717.3789234161377,534.5174129142728,10,10.509754631049232
716.8903713226318,528.8913903193314,10,10.842108735116438
717.6797523498535,523.5146526180508,10,10.410773499249883
717.056453704834,518.2476137176116,10,10.103458783038612
717.0764713287354,512.7054636529615,10,10.335658540024292
717.3652400970459,508.1269337552752,10,10.282274838692732
717.4298419952393,503.08369986953744,10,10.11099877471908
717.9346141815186,499.75529743569354,10,10.198536369457642
717.5938014984131,494.5494337081909,10,10
717.9545288085938,489.9013214111328,10,10
718.1935939788818,485.6401615142822,10,10
717.534101486206,480.5226163864136,10,10
718.0009822845459,476.49568367004395,10,10
717.6395168304443,471.77934646606445,10,10
718.211446762085,468.40310287475586,10,10
717.8621730804443,463.8763151168823,10,10
718.722490310669,460.5526189804077,10,10
718.769905090332,455.772403717041,10,10
718.9811916351318,453.0835475921631,10,10
719.0146255493164,447.77981662750244,10,10
718.0970821380615,445.8358316421509,10,10
718.1102046966553,441.41537602044144,10,10.130757663706937
718.68798828125,439.03255462646484,10,10
719.0601768493652,436.17563997781247,10,10.006569165468772
719.0013446807861,433.2800235748291,10,10
718.4447727203369,431.11821937561035,10,10
719.1607246398926,430.2378215789795,10,10
718.7810745239258,429.40389823913574,10,10
719.6551151275635,428.8412799835205,10,10
719.4657611846924,428.6407642364502,10,10
719.1902332305908,427.1315564469489,10,10.186651357811206
719.8310527801514,427.42323303222656,10,10
719.7753429412842,427.31105041503906,10,10
719.6983165740967,426.758846282959,10,10
719.990348815918,427.400447845459,10,10
720.4238300323486,426.62897020517414,10,10.055261493948638
720.1354808807373,425.871175102517,10,10.276135817915273
719.8086223602295,425.32515472093667,10,10.736325384786875
720.4315528869629,425.2494755507025,10,11.01811966885862
720.3157863616943,424.8639346208649,10,10.9711625881042
719.8056316375732,424.99022178276084,10,10.517019660796635
720.5174217224121,424.41460773303083,10,10.39561516137972
719.9944496154785,424.4825954437256,10,10
720.7969570159912,424.95203018188477,10,10
720.6776351928711,424.4302291870117,10,10
721.1182861328125,423.4008255004883,10,10
721.1284122467041,422.84848976135254,10,10
721.3768844604492,422.72450828552246,10,10
721.5604019165039,421.85683250427246,10,10
721.7098770141602,420.78650856018066,10,10
722.3850994110107,420.1107654571533,10,10
722.1190891265869,417.9434108734131,10,10
722.0551128387451,417.69908714294434,10,10
722.3560523986816,416.2464962005615,10,10
723.0500507354736,415.08625984191895,10,10
723.3110866546631,413.87608337402344,10,10
723.8674240112305,413.33913803100586,10,10
724.7387580871582,411.27501678466797,10,10
724.5492458343506,410.1943988800049,10,10
725.0655860900879,408.2037944793701,10,10
724.5342330932617,407.2523307800293,10,10
725.5255584716797,406.369478225708,10,10
726.014232635498,405.2749900817871,10,10
725.5724582672119,403.72485160827637,10,10
726.3368015289307,401.7366046326075,10,10.351501580732293
727.0634307861328,401.2810916900635,10,10
726.507890701294,399.54212951660156,10,10
727.3371181488037,398.86760330200195,10,10
727.3547782897949,398.28750228881836,10,10
727.7974815368652,395.8351345062256,10,10
728.520938873291,394.9794044494629,10,10
727.9347496032715,393.56590843200684,10,10
729.232759475708,391.6165580749512,10,10
729.5891208648682,391.012264251709,10,10
729.4034385681152,389.4470329284668,10,10
729.7984104156494,387.96407890319824,10,10
730.2648162841797,387.44290351867676,10,10
730.9007377624512,386.0490207672119,10,10
731.3848463537408,384.5976257324219,10.004301738319192,10
731.6258602142334,383.9652500152588,10,10
732.0168685913086,383.92566108703613,10,10
731.3804798126221,383.8060874938965,10,10
732.2624263763428,383.445463180542,10,10
732.5948467254639,383.3878536224365,10,10
732.9858951568604,383.2768077850342,10,10
732.9705836568432,383.30439949035645,10.228346388706019,10
733.6254189295831,384.1357909127571,10.176495972620799,10.002076926927156
733.2399458914318,384.74451637268066,10.055706972019077,10
733.9282690762366,385.0466594696045,10.064612055046352,10
734.3482475280762,386.05760765075684,10,10
734.4954738616943,386.668550491333,10,10
734.9689350128174,388.42920684814453,10,10
735.4070720672607,389.1393413543701,10,10
734.8487224578857,389.70860481262207,10,10
735.4594650268555,391.3737201690674,10,10
735.4504413604736,391.96241569519043,10,10
735.3291816711426,393.45304679870605,10,10
735.3608341217041,394.0883388519287,10,10
735.715446472168,393.90045613493044,10,10.160494437902775
735.6354522705078,394.8528524580389,10,10.097494851988582
735.5652523040771,395.95420837402344,10,10
736.0585689544678,396.8876762390137,10,10
735.4881629943848,397.1073570251465,10,10
736.0239219665527,397.10283851623535,10,10
735.630744934082,396.9055976867676,10,10
736.3197154998779,398.29032135009766,10,10
735.8965110778809,397.5349597930908,10,10
736.5814208984375,397.60582542419434,10,10
736.3585357666016,397.82004165649414,10,10
736.1082725524902,397.9276714324951,10,10
735.9007453918457,398.4092960357666,10,10
736.7471122741699,397.491735458374,10,10
736.4904174804688,397.00239753723145,10,10
735.9609031677246,396.3889102935791,10,10
736.4883346557617,395.75856590270996,10,10
736.2614727020264,395.4103488922119,10,10
735.5719509124756,393.82440226136447,10,10.250170849585515
735.1908130645752,392.55802726745605,10,10
735.0393295288086,392.306827545166,10,10
734.6365165710449,390.81125259399414,10,10
735.0300426483154,390.1708183288574,10,10
734.3254737854004,388.7251477563458,10,10.151850635990058
734.8328056335449,386.9080181121826,10,10
734.1812610626221,385.660701751709,10,10
732.9971084594727,383.70922470092773,10,10
733.5776481628418,382.30079650878906,10,10
732.7197246551514,379.98569107055664,10,10
731.967077255249,378.3654441833496,10,10
731.4129009246826,375.9217281341553,10,10
730.6878490447998,374.9700012207031,10,10
730.1140060424805,372.3779811859131,10,10
729.2274360656738,369.18803186227603,10,10.045181850399103
728.9473247528076,367.3557243347168,10,10
728.3107528686523,365.0831928253174,10,10
727.371166229248,361.996374130249,10,10
726.8960075378418,360.253454208374,10,10
726.2226409912109,357.35170085232767,10,10.111245969905212
725.5302410125732,354.71142387390137,10,10
724.7292308807373,351.5915870666504,10,10
723.8227481842041,349.0059051513672,10,10
722.8177700042725,345.1315631866455,10,10
721.9593639373779,342.1061534881592,10,10
720.9306983947754,338.6614227294922,10,10
720.2455043792725,335.8520755767822,10,10
718.5868587493896,333.1029224395752,10,10
717.892499923706,329.0386095046997,10,10
717.2385368347168,325.75364208221436,10,10
715.2577095031738,322.8211317062378,10,10
714.2948246002197,319.1499242782593,10,10
713.773115158081,315.22044467926025,10,10
712.6764221191406,311.25739765167236,10,10
711.6447257995605,307.6698408126831,10,10
710.3419952392578,303.8104257583618,10,10
708.9148426055908,300.7994661331177,10,10
708.7134628295898,296.4613199234009,10,10
707.2330417633057,292.48542499542236,10,10
705.5033664703369,288.28493309020996,10,10
704.8994770050049,284.0781888961792,10,10
704.1853313446045,279.26048851013184,10,10
702.1633338928223,275.7542915344238,10,10
700.5882186889648,271.1238021850586,10,10
700.2000370025635,266.7442035675049,10,10
699.031078338623,263.1828098297119,10,10
697.0659790039062,257.2057827070237,10,10.16058577003464
696.4970207214355,253.47346805122888,10,10.09950020735671
695.7823028564453,247.98533825153064,10,10.141082682729756
694.2203941345215,243.68733557041088,10,10.279171785203632
693.2956352233887,238.80982142101206,10,10.055890452653635
691.8327198028564,234.04616134494034,10,10.177120822082205
690.6554889678955,228.9559844301948,10,10.251101818321313
688.7003307342529,223.55030596512486,10,10.033024544359643
687.8000545501709,218.7744080285756,10,10.265421537453303
686.6528148651123,213.8047291189997,10,10.244602888709602
685.2910213470459,208.32063951059828,10,10.39469548136691
684.6825256347656,202.64235838356876,10,10.266369658643752
682.9378280639648,197.8018661799517,10,10.059580552083887
681.7323970794678,192.65249807250345,10,10.302385675671829
680.716215133667,187.16728834810618,10,10.10415926570168
679.9645614624023,182.69572264122468,10,10.220409270773315
679.2440204620361,177.05210239857453,10,10.06773886740172
678.7610263824463,173.01724624405358,10,10.121437077322545
677.0847225189209,168.2918482399159,10,10.053960685695557
676.3566417694092,164.0605354309082,10,10
675.8507995605469,159.4660243988037,10,10
675.4389686584473,156.71099472045898,10,10
674.3882274627686,153.0399513244629,10,10
673.259672164917,149.14134979248047,10,10
672.4436645507812,146.03900527954102,10,10
671.795337677002,143.01379013061523,10,10
671.1874885559082,140.43182373046875,10,10
670.0353126525879,138.81504440307617,10,10
668.6179904937744,136.4257297515869,10,10
668.6011028289795,134.57570838928223,10,10
668.1561908721924,132.65218925476074,10,10
666.2128658294678,130.6177864074707,10,10
665.9035358428955,128.88393211364746,10,10
665.290864944458,127.69370651245117,10,10
664.0111446380615,126.32822036743164,10,10
663.1833992004395,124.43073654174805,10,10
662.5664558410645,123.21867179870605,10,10
661.9318580627441,121.91932106018066,10,10
661.1596965789795,121.56718444824219,10,10
659.154935836792,120.4200496673584,10,10
658.5601673126221,119.40606689453125,10,10
657.8111629486084,118.75745582580566,10,10
656.2896728515625,118.2933521270752,10,10
655.1360054016113,117.9089412689209,10,10
654.1201515197754,118.4689769744873,10,10
652.6912059783936,117.69216728210449,10,10
652.2389392852783,117.53525161743164,10,10
650.3886547088623,117.37498664855957,10,10
649.1459674835205,117.06211853027344,10,10
647.5125827789307,117.08555603027344,10,10
646.8533897399902,117.67053604125977,10,10
645.9058456420898,118.02981567382812,10,10
644.3331966400146,117.90106010437012,10,10
642.3389759063721,119.02084732055664,10,10
640.9064617156982,118.73000526428223,10,10
640.4484958648682,119.74419784545898,10,10
638.2783012390137,120.64958953857422,10,10
636.8635234832764,121.4640998840332,10,10
635.845645904541,121.97402000427246,10,10
634.1358299255371,123.80257797241211,10,10
631.678825378418,124.70126724243164,10,10
630.6675777435303,125.94104385375977,10,10
629.2486400604248,127.21613693237305,10,10
626.9835834503174,127.81484413146973,10,10
625.5393714904785,129.80670928955078,10,10
623.667158126831,131.29780769348145,10,10
622.2065696716309,132.49642181396484,10,10
619.6721305847168,134.3113784790039,10,10
618.5852451324463,135.7092342376709,10,10
616.8046188354492,137.95485305786133,10,10
615.3050003051758,140.20116424560547,10,10
613.1586074829102,141.64004707336426,10,10
610.9942626953125,144.04113388061523,10,10
609.5614929199219,145.46255683898926,10,10
607.7598075866699,148.2349624633789,10,10
606.1185684204102,150.45180892944336,10,10
603.7838325500488,153.0902442932129,10,10
603.1500606536865,155.03158569335938,10,10
600.6641178131104,157.80319023132324,10,10
599.4402828216553,161.15345001220703,10,10
597.76833152771,163.49818801879883,10,10
596.3286571502686,166.59745979309082,10,10
594.6318073272705,169.53741836547852,10,10
593.8105373382568,172.12302017211914,10,10
592.5793037414551,174.93524169921875,10,10
591.193531036377,179.0195426940918,10,10
590.0511493682861,181.51674842834473,10,10
589.2809982299805,184.45528984069824,10,10
588.5387687683105,187.61397552490234,10,10
588.5531139373779,191.0150604248047,10,10
587.9140453338623,194.70886039733887,10,10
588.4482440948486,198.34259223937988,10,10
589.013801574707,201.11474463030518,10,10.072611874643531
589.956075668335,205.44364166259766,10,10
591.5979518890381,207.89822006225586,10,10
592.5740833282471,211.503080368042,10,10
594.3527240753174,214.1468334197998,10,10
595.5708827972412,216.17696952819824,10,10
597.2448062896729,218.9983673095703,10,10
598.7873973846436,222.4579086303711,10,10
600.2681217193604,223.84109687805176,10,10
601.3114013671875,226.6763038635254,10,10
602.2862873077393,228.83843994140625,10,10
603.6302509307861,230.87339401245117,10,10
605.3961582183838,232.73376846313477,10,10
606.872314453125,234.32883834838867,10,10
608.2558059692383,235.36425018310547,10,10
608.8692169189453,236.74224281311035,10,10
611.0396938323975,239.04219245910645,10,10
611.6987438201904,239.209135055542,10,10
613.303991317749,240.3835620880127,10,10
614.8452968597412,242.0967254638672,10,10
616.2567691802979,242.33963584899902,10,10
617.3429870605469,243.6237392425537,10,10
618.825553894043,244.99528694152832,10,10
621.2696704864502,246.13494682312012,10,10
622.212064743042,245.90570068359375,10,10
622.7527256011963,247.07955932617188,10,10
624.4253902435303,246.4882049560547,10,10
625.7121143341064,247.19403076171875,10,10
626.8488273620605,247.20965576171875,10,10
628.1433486938477,247.41959762573242,10,10
628.9049892425537,247.77996826171875,10,10
630.9299736022949,248.22585105895996,10,10
632.5328426361084,248.12359046936035,10,10
634.0662593841553,247.99544715881348,10,10
634.702018737793,248.61344528198242,10,10
636.8891086578369,248.405668258667,10,10
638.7585887908936,248.19731903076172,10,10
640.2973403930664,247.87425994873047,10,10
641.5210914611816,248.52301788330078,10,10
643.0739040374756,247.9025707244873,10,10
644.8631725311279,248.24365997314453,10,10
647.5312747955322,247.4053192138672,10,10
649.0132846832275,247.550537109375,10,10
650.1380844116211,247.4845085144043,10,10
653.1093788146973,247.3189353942871,10,10
654.9202880859375,246.88611793518066,10,10
657.3425407409668,247.28613090515137,10,10
659.2660808563232,246.51963996887207,10,10
661.5318813323975,246.85751914978027,10,10
664.011022567749,246.86576080322266,10,10
665.7104930877686,246.68844604492188,10,10
668.8812351226807,246.53323364257812,10,10
671.4089984893799,246.42623329162598,10,10
673.2416763305664,246.33880233764648,10,10
675.0471172332764,245.96479415893555,10,10
677.0269412994385,246.95848274230957,10,10
679.046070098877,247.2107276916504,10,10
680.9138622283936,246.58984565734863,10,10
683.7891941070557,247.37486267089844,10,10
685.5136432647705,247.36890411376953,10,10
687.3267841339111,247.90532684326172,10,10
688.9062328338623,248.96749114990234,10,10
690.7235126495361,249.58277320861816,10,10
692.2483615875244,249.71895790100098,10,10
693.5869426727295,250.9122543334961,10,10
695.0640983581543,252.72577285766602,10,10
695.5944862365723,253.3650417327881,10,10
697.2718772888184,254.39044380187988,10,10
698.2671852111816,255.3481502532959,10,10
699.1734352111816,256.8122673034668,10,10
700.3405017852783,258.3933639526367,10,10
702.1462917327881,260.0287857055664,10,10
702.7479724884033,261.0104560852051,10,10
704.6628360748291,262.80202865600586,10,10
705.965311050415,265.1429252624512,10,10
707.3600177764893,266.0786452137347,10,10.087594063497317
708.6577415466309,268.23147201538086,10,10
710.2487354278564,269.9915542602539,10,10
711.1815433502197,272.27125549316406,10,10
712.6660327911377,273.7442798614502,10,10
714.4696426391602,275.88136100769043,10,10
716.2619171142578,278.19614028930664,10,10
718.0419654846191,278.93162536621094,10,10
719.1657543182373,281.7071781158447,10,10
721.0420970916748,283.04905700683594,10,10
722.7235794067383,284.7142791748047,10,10
725.0109634399414,287.1828556060791,10,10
726.637228012085,288.22939109802246,10,10
728.6639862060547,290.30964279174805,10,10
730.8797569274902,292.41629219055176,10,10
733.0561714172363,294.53789138793945,10,10
734.6241569519043,296.3781620438367,10,10.113579476779682
736.3845539093018,298.68892664453153,10,10.228668317382207
739.1644268035889,300.4398603346549,10,10.068372744996834
741.4635467529297,303.28557777404785,10,10
743.205545425415,304.16736602783203,10,10
745.1869487762451,306.48900604248047,10,10
747.1074295043945,308.6809787750244,10,10
749.720573425293,311.4614658355713,10,10
752.511043548584,313.64103507995605,10,10
754.4312076568604,316.2667484283447,10,10
756.6827602386475,318.6446170806885,10,10
759.4011116027832,321.85970306396484,10,10
761.2146682739258,324.9213008880615,10,10
762.9960956573486,327.6984100341797,10,10
766.2071323394775,330.8927879333496,10,10
768.0449867248535,334.23228454589844,10,10
770.1106033325195,337.3088684082031,10,10
772.7195301055908,340.65455646345555,10,10.041873553801793
774.9796943664551,343.4579575136149,10,10.203095898063271
778.0420551300049,347.1339523902413,10,10.172757603550663
780.4759540557861,351.2641010284424,10,10
782.722146987915,354.3910942077637,10,10
785.5175914764404,358.1577801078233,10,10.042792445486157
787.2289810180664,362.0087547302246,10,10
789.9137763977051,365.0775833129883,10,10
792.9046611785889,368.8542709350586,10,10
795.3950786590576,373.2341841454687,10,10.03575539680678
797.975923538208,376.70306593413324,10,10.117988462544034
799.9465961456299,379.62514047544437,10,10.172131921425718
802.1347694396973,383.34821701049805,10,10
804.343578338623,386.65309603343394,10,10.06551203469462
807.5681896209717,390.4163723306914,10,10.05100625414456
809.6279563903809,394.99199867248535,10,10
812.8929843902588,399.24916648864746,10,10
815.3097076416016,401.5461909187661,10,10.14348089440134
817.9567718505859,405.437868164742,10,10.1711272264242
819.9181995391846,408.42074909729365,10,10.403454960930294
822.8988056182861,412.89967160019523,10,10.391769317920133
825.2028141021729,416.8716684751575,10,10.42738982580805
828.5169925689697,420.9873214263805,10,10.401478668235079
830.5769863128662,424.5089822779252,10,10.587591932186708
