849.0,502.0,38.0,43.0
847.5737282778864,498.02363708817137,39.553166002820944,41.113873894946295
847.4816588426086,493.92304863911244,40.11917132845478,40.21867628134545
846.686385619065,489.27642341247343,41.10844519253386,39.3691502453656
847.2387307451578,484.36157315419024,41.496812191325,38.88381780294762
847.6346660960813,480.31740284811224,42.06640694357948,37.97691915729112
846.6252944540175,474.88115385578294,42.43399666325408,37.73955386069979
846.6189934262375,469.1532242861299,41.97414083307192,38.002648717779294
847.0667306626572,464.04140665138567,42.27541318640451,37.89196391890837
846.6422776934224,458.881244973018,42.44154934948324,37.74100431665936
846.8630056333337,453.6423115207451,41.87999154094973,37.97579871143938
847.6216720754807,448.9011823786266,42.22859493595272,37.930728504465634
846.7529161393007,443.66679031771207,42.77553979171112,37.487845756177435
847.8949091618243,439.7594647679417,42.363669835530956,37.47963613794465
846.9574371670896,435.59036350517704,42.6226775457038,37.602994913474056
847.1823193948645,433.53207580242645,42.80242969171627,37.87833801917055
847.3076112551059,431.1437735366839,43.00194973099906,37.71878532409316
847.5841006313124,428.9292590647116,43.04514712604709,37.90097283737368
847.4615537206889,428.5522184177055,43.493518535184585,37.67214397513587
848.2566367096222,427.5874351736269,43.52896290888067,37.98003687930871
848.052171001583,426.3908637692668,43.39423892945113,38.40714575248202
848.7487785862984,427.13460197761896,42.98967122095795,38.50337905257456
848.8866173461304,428.23896581160716,42.72932878430163,38.60571705842635
849.269328940378,427.5644844987782,42.70410945322827,38.847639278810774
849.3422766180728,429.73200356230706,42.52440062127638,38.762189164448344
848.5337057900143,430.04312609276326,43.28006156450269,38.59830286818443
848.8419803191119,430.70209194936217,43.80335930806523,38.3316101686585
848.9293580017254,431.56224756550876,43.67009259029928,38.40297068929502
849.1748300713656,431.78405030427695,43.11866261117505,38.81491025570392
850.2988147912769,432.081021773969,43.11782451900884,38.98254873721828
850.0077580391285,432.0798125310575,43.10411282799313,39.408154478900684
850.5352912655219,433.7250339720585,42.72087559883895,39.82410197775799
851.0940806164806,433.6269242127229,42.394220969187266,40.3299375852964
850.7676764826521,433.9214070175514,42.15706036477391,40.777944021537806
851.5577364116136,433.1678182998914,42.13210102931181,41.168056027170294
851.2713850169818,433.04578453567456,41.99243199240375,41.612105245057194
851.5228951275678,434.08415049051354,41.795243680411104,41.598727827566655
852.4491192667721,433.35818694139346,42.07821715493246,41.684184588892755
852.1598542788947,433.2769439491755,41.874734191234,41.93765873250838
852.0203195291562,433.181497326801,41.86953245047677,42.009029882530854
853.2464898651177,432.08382323221537,41.85521057738174,42.422365132248984
852.8191056147774,432.62870944672505,41.71985151458575,42.438259817487406
852.9857628358332,431.5722871518627,41.682038781458644,42.75802884568861
853.0395451152668,431.0840895601218,41.38932407610694,43.11465779381888
853.8567107281709,430.1318164510102,41.44090593623627,43.250222078448395
853.5545298702993,429.2050516861765,41.58141572326839,43.59209389327201
853.8637617449422,427.93177819569996,42.08473236949055,43.199981206256346
853.294802505087,426.3180832279278,42.623667084552686,43.01436149824599
854.1892610283156,426.0821676311399,42.73506436915005,42.45387457658741
853.7613606326677,425.13748968388353,42.45110991142256,42.543761476959524
854.6846982039369,422.5721943778169,42.56578425618867,42.69534818284272
854.532886859742,421.20850108862544,42.187903648680155,43.06163551806158
854.4254288942268,419.7113634038903,42.2075375972887,43.06823998909444
854.14406582637,418.03873759840695,42.45956427011146,43.353829734826704
854.8827041270893,416.4242340687211,42.516513132540226,43.62249438697183
855.0077617660261,415.17872702630973,42.977716824393156,43.27023149425559
855.4496121169645,413.01577484550205,43.14527039497724,43.516607047277105
855.0844574451526,412.7230260522643,43.09580984114027,43.51021620601835
855.8087668632945,410.5554128601284,43.20348067770776,43.40338021236039
855.5385062576297,409.4347892564406,43.614531063842165,43.03757175567354
855.5935895554773,408.2437613650572,43.465301968147045,43.17730270933875
855.5168926485376,406.69637523546015,43.36980967362791,43.35995033474374
855.7126289804914,404.3794751314988,43.266056736282664,43.53746697333057
856.0593606999012,402.6107344959175,43.19768485019772,43.68964856187599
856.319306186589,401.00851602308205,43.17768706529863,44.11382732883589
856.4595849904008,399.54935265645236,43.234318178378054,44.34704969197811
856.0035648139698,398.3305193189216,43.24168018651363,44.55499529770373
856.5496659509886,396.5876802202039,43.13170142321822,44.56545376857665
856.5257362783774,395.02137700570154,42.85633383972949,45.00865284894843
857.7467558446987,393.20571918729365,42.731250273493345,45.19076499455333
855.7350905263345,391.777046279537,43.13867514850282,45.46835311963697
857.0451350155959,390.1942777076599,43.091462146542725,45.31714832003176
856.6435932312279,388.8767860222737,43.072600524848866,45.236219825569805
857.1632638824148,387.5973937367236,42.976404974428384,45.24973156952161
856.7424326678677,386.66973231079635,43.37136635371783,45.001584572743226
858.2552069499034,384.7860826274984,43.14295218906034,45.062844510628196
857.8976813104521,384.24130799254795,43.184785694525566,44.90308042603688
858.7097537899825,382.1639499559863,43.3705620001131,44.84383775892579
858.4746823058795,380.63791139844494,43.226172497616076,44.88306697361789
858.2147323639064,379.57311083038576,43.49309691769508,44.70119044860348
857.9094227263992,378.043998671047,43.44134741829543,44.93093881513258
857.8613428008958,376.1837452886712,43.6808635925442,45.01832790410289
858.2812781800823,375.178104926028,43.63451090057774,44.97646226708456
858.2395973752739,374.4318858186338,43.40029133343669,44.781827727966764
858.5943401189423,372.5171214609095,43.525507384185524,44.76077050591536
859.2086539411558,371.1623871713266,43.82535264014919,44.60486738097963
858.912138937591,370.5062902515777,44.100389483216546,44.337166200946164
858.9779089989534,368.75337167099474,44.22184008314788,44.42410382597932
859.0583048926014,368.1921467244057,43.987745073195484,44.810210335368254
858.9969981934839,366.0703666494773,44.143668407954046,44.956495704951685
859.6340242728957,364.03749707497553,44.32606766514627,45.030367788525446
859.194064317892,362.87449710181016,44.19309389839569,45.02908196825466
860.0808052161634,361.477179963091,44.791804484665334,44.80362042049771
859.8847303944879,360.9355697213975,44.89277065633671,44.92007454646281
859.8203647721064,359.659581004464,44.997560861060705,44.73111570103299
859.7577142794363,357.3109723864079,45.02554128976012,44.97183574476233
859.7431566276615,356.37081580936206,45.28520163725506,45.24895370842434
859.5624039176688,355.221336479363,45.471246241810775,45.52767921412554
860.0492762011667,353.93745915844426,46.07004195801828,45.41502919287716
860.2154707587981,351.8338982374215,46.64706141209121,45.42418350562573
859.467407992659,350.7026477528535,46.5814041074554,45.656899318511705
859.5120521677724,348.9577249650931,46.53480984902548,46.09364430809498
860.5756097795846,347.36907027409114,46.74221305801817,46.5711703649037
859.9387382309133,346.2867017930108,46.82424472957967,46.86810947550181
860.0136776930563,345.44158149636877,46.98091487755926,47.32928512737961
859.4720693769167,344.3958908320343,47.00797916608846,47.08028864843136
860.2295994470222,342.58313190920603,47.43931489990088,47.38521933588482
860.7756813100004,341.2961342220332,47.39420927941325,47.47584679030868
859.8552385696984,339.57518121472935,47.50114700611117,47.84347301976007
859.8292885273678,339.3392132067727,47.98110190034258,47.86706003664994
860.9644672822726,337.15700145307466,48.53072119717346,47.701301659280354
859.9759791817165,336.32598186162676,48.61530237875439,47.61375282948091
860.4888530808089,334.9898606595566,48.6688239897495,47.782073724832095
859.3984723177905,334.1124677612303,48.96947382145017,47.84368325195349
860.0988100047578,332.2575672108983,49.18592491235953,48.419710548906494
859.9563451554627,331.3001490974825,49.54281506016821,48.34344264976147
860.0734948365158,330.21296947235817,50.01974311505424,48.39013161192423
859.2338370393043,329.16539026916587,50.57117479834451,48.60992380737133
858.5535354807225,327.8551407247994,50.96971126511754,48.85340873594802
858.8806076104678,326.06374854648743,51.11772154664255,48.94524155448606
859.5351967637326,324.5638035232586,51.30315688757376,49.07712012633431
858.8437415220427,323.983427971709,51.750322131695945,49.12935072162112
859.1956981589536,322.8710482397149,52.192527021936584,49.192260210023285
858.5517841632494,321.9300992845526,52.27817605826688,49.64300577659785
858.6003469296302,320.48481538090925,52.235799060661606,49.85789914540801
857.6281176900474,319.81965174005995,52.51558468826464,50.242669786481706
858.176924076477,318.7690615493895,52.650317496459984,50.21798041684599
857.9388923488648,317.5179927530599,52.91664889602044,50.47042318528642
858.2417692262992,315.9350565716174,53.25985449173752,50.47349952766369
857.873490904618,314.62752469090975,53.44295959701399,50.88618596974301
857.0815927857897,313.80051871072874,54.008857275100276,50.87344988322999
856.8359314006568,312.58215149402747,54.3843048012254,51.22609313010912
856.0280004216246,312.8061432774616,54.87798963526653,51.282778752694014
857.1751332351903,313.80108377798456,55.831786141924184,51.22565226824968
855.9816576121625,314.38505808782816,55.82943990262805,51.06742349719522
857.1828472748224,315.6077952038256,56.27715823355838,50.7759562232082
856.7875818152594,315.9074023148332,56.27687189194217,50.33857671798986
857.2103558306069,316.6019695137914,56.45392212784874,49.985483579839055
856.9562354554945,317.77002379328104,56.495533849753215,50.13211733043006
855.9259363417818,318.4172767303244,56.87441515823313,50.48563696903873
857.1567877108795,319.9721817432971,57.55741151671758,50.42743216770275
856.3285256966554,321.02383925549407,57.09284179516566,49.99104829565244
856.6100124639121,322.63982108108905,57.672400609285205,49.83666032805627
856.3603078112899,324.34085162099643,57.57671714109219,50.059675542186824
856.1137947450607,325.61040574136086,57.963297961050486,49.48286283368454
856.7295144031381,328.15425561579724,58.49989453356764,49.87116100961642
856.5675481945622,327.81383847407614,58.666508835485104,49.96158696786331
856.5827968646371,330.0411260361934,58.931238546116354,49.75354809851155
855.1777125735118,330.9246607915101,58.8354775629373,49.78381135155007
856.8042472115014,332.2573187320146,59.78049788656744,49.86660338069732
855.4509849936184,332.6245703206678,59.81635276666959,50.110066511984805
856.1363032896505,334.9067171032804,60.24072960233947,50.09872094480637
856.6567903993789,334.52639259705956,60.92755384479695,49.937845909396465
856.1515664624212,337.39468386785416,61.13560303707165,49.840927064096384
854.9824798233606,337.8998065635466,61.39533088062258,49.86179434360999
855.4790603024162,339.2139086297351,61.80610058657386,49.40889843877196
856.4678901945795,340.85731180820676,62.23412622705198,49.35928995780518
854.7540440275947,341.87282350754197,62.60705476707625,48.970356402884846
854.5809499781482,342.4782396265592,63.20756110327407,48.7918117625067
855.266544860381,344.20226186517726,63.749304688417666,48.68771564952831
855.0805172917392,343.7727704814531,64.34802913722467,49.054785575179736
854.340046527366,344.66666424463466,64.59847139839302,49.58232092479316
854.7391548417675,345.5324737122468,65.46504969146505,49.195062341131305
854.0647056438263,345.8023796266403,65.48296969379265,49.34311672328193
854.0602921126701,347.663500306432,65.67070605786284,48.74590588127657
854.816492294325,348.65387757182106,65.96076541135001,48.15995725870166
854.5529309108923,349.0869791574228,65.95125182567625,48.133903013279415
855.4703942307731,348.29285660325843,66.59581737341487,48.36245268703782
856.6290328779324,350.65693644763655,66.6660065097602,48.21077004906278
856.2537514949759,350.2310706492335,67.13623480301698,48.787278867548594
855.5291244842249,350.4535434950635,67.61272576299551,49.45608744834956
854.7984327106368,349.1278562444206,67.56936382677327,50.51751138811189
856.1012056529033,351.0773615690236,66.94703327427149,50.340943365859054
854.6713724621554,352.22804690304855,67.3804911596734,50.57396600835602
854.7711954506601,352.7149225426792,67.23722640825018,50.24474597909477
855.8804220216578,352.70575815912173,67.58008308070794,49.963453164178404
856.0024452017835,352.8812598586059,67.68560031908925,50.06143963337406
856.6981361427964,353.94204434699515,67.57259978471961,49.50554448472063
856.6223049402782,352.82515659824105,67.58703989971688,50.48475760429915
855.9804525945941,352.5399815339193,67.16186702760855,50.98796906106774
856.8459853763422,353.1719870126111,67.26829536059674,50.57864865544181
858.6800379343708,351.77399613380913,67.94148357950058,51.06426664351459
857.4454148722423,354.4461003321477,68.38004427895292,50.654063984142084
857.1645274957623,354.82866465358376,69.15594561882705,50.95592142525439
857.7584108032225,354.1850871936115,69.21282316894556,51.98697282957397
857.3792870418679,353.5775149915498,69.2003034797408,52.278487472955106
856.8897363907583,353.7570607667829,68.83811144699884,52.197975634403
857.8604704612904,355.51291527240977,69.37497582546598,51.97896071494613
858.9323777269346,353.368757688639,69.21462076683372,52.67879016471417
858.4708309785041,353.11260519290244,69.0608862607653,52.69228534173417
858.9302111366057,353.02334912572377,69.21541390842924,52.557122549333755
859.0501827313775,352.83004719713404,69.27207106068255,52.539322719989755
859.3447677402211,353.6837339672403,69.13500370412822,52.42664522469904
859.6507527326069,354.3676373875943,69.4712148717004,52.63153125508482
860.1402667122021,353.91555630534987,69.53005922696303,52.894595397112774
859.9987089855082,353.96097364924884,69.60599084246023,53.285984220057
859.2773796639232,354.4281591918789,69.19653766922397,53.59093198245324
859.5086104217688,355.19678951397,68.57424033810291,52.724630810927216
858.6621478933143,356.8253378497776,68.10313341258995,52.02745540396043
861.6154021199621,355.0034332215171,68.76176472980232,52.49188233626263
861.0896004045619,355.67127480333386,69.08404381978242,52.44828291286353
861.6738109460507,354.5346242761363,69.32977678953928,52.62853587155555
861.5108358387386,354.44729729508117,69.96076545631186,52.8781104879627
860.9837867334114,354.136338664744,70.13200539059903,53.41988858848073
861.9232415610204,353.0725192634183,71.37541018850615,53.175090867694614
860.5970208082448,353.9683384095025,71.35051404757294,53.31608502181529
859.9237665650816,355.183424299098,71.86761579561808,53.096225132272735
860.4301591330693,355.885474299752,71.83508578659576,52.42282276280068
861.2689072945354,355.6155087152476,71.46874669022611,52.152084986496966
860.7170041769666,356.801475329471,71.02665448786377,52.14636269555026
861.6696112192608,354.9437833286377,71.55144833784571,52.668875603466745
862.3433541122811,354.31399930339603,71.43195937797688,53.02614568031735
863.4433548416902,353.0728597461758,71.66771841720558,53.40991405257022
862.4080476897925,354.35876544759583,72.43895527959472,54.61965782551141
861.7246036683903,354.5370186738484,71.70348736536779,54.02023145113125
862.2093855351233,353.8855397461022,71.66486235260497,54.34771018064719
861.3211607115743,353.36538547918224,71.45235936298432,54.47735892444799
862.0596500071093,351.47214182787155,71.22095572308609,54.979040929217845
863.7305073990747,351.20581036173047,72.31274313642098,55.39366186931254
865.2706105263621,351.13012451805594,73.78286036817424,55.02409849806786
863.0436945717599,351.0129455109713,73.25344642776916,54.688632293487075
863.8397620302316,349.6653764369605,72.90175950887291,53.88453338096184
863.0842561406562,349.1079204460549,73.16747099505486,54.86574785300738
863.5035004915774,348.86176944149224,72.76587194164985,55.53224419807022
863.4722044244821,347.74780777439526,72.63302950552784,55.86067717581888
864.9995535333518,345.67224839147224,72.82231932489793,56.85926908619611
863.4730529181329,345.48989644555047,73.00489819205441,57.25125569288338
862.9448291603577,345.21612333021926,72.39151538533935,56.95874455049899
864.3088795825126,345.05462064782756,72.3850942285293,56.617656897704244
864.9624803189217,343.55768841805786,73.02189299985181,57.32271825665775
864.903327945906,343.25245388528623,72.95962523611769,57.41832526165408
864.6467093283633,342.8582180187886,73.02181266651567,58.070841184102555
864.5144096380377,342.9010708341042,72.68124847294803,57.82415532886199
864.1252704357594,343.29718107087535,72.27883229742667,57.56376468930394
864.6374946915545,342.4612776557245,72.05434106122703,57.84711326765265
866.0155711326438,341.82015143109186,72.14901825717325,58.0916765079335
865.1252125994379,342.3370368746035,72.14158835092884,57.99247593341018
865.4111325833708,342.84392005489565,71.84629867603189,58.093119973216545
866.7980989610982,340.47714046754857,72.2574245143272,58.84959784908259
866.3104149327806,339.3274404930725,72.93954916275905,59.365397944519
866.2777278560001,338.7379030156459,74.13581320889837,59.88755151265353
866.4778363989982,339.51331469302664,74.63604778305836,60.11190515984515
866.2470704313864,338.22194642700066,75.47444129054738,60.72952328369404
865.277030302598,339.5280635913652,75.58615240749953,60.04166639637117
865.5371425496976,337.8878117385561,75.45865862619087,60.54839690863004
866.0715883929869,337.6622144495872,75.83236337515896,60.97020305883339
867.1824481052179,336.6841910441474,76.19639834522825,61.34052599275998
866.5117170533683,337.8348181530691,76.17964511689613,62.097041550307154
864.9016472088141,336.81981298380293,75.17337489389524,61.85031849040199
867.2910001213004,337.09318128643247,75.32411242829757,61.794701269908515
866.022899044258,335.73033167311155,75.09816858628864,61.59999034030028
868.3136759240209,336.80243490485555,75.91099348887226,61.58060077134364
866.8398564421278,336.00131962755916,75.88075769679905,60.585968532967584
867.8551892690095,334.9055633608299,77.0758916035825,61.39894102736364
867.3667080691024,336.67539891066656,77.42568725534991,61.73256094331535
867.3974653146734,334.70061375155075,76.90216714897349,60.77008292170316
869.9084864265526,335.15738225641087,77.95293986662136,61.29569386120167
868.491588874684,332.47125104627,78.59584751918672,61.953387189686524
867.0188110821812,335.2451959909064,79.25646047723917,62.60358690002315
866.9713285930584,335.7722703213458,78.65394620743785,61.375793219613115
866.9429135996205,337.0775177551315,78.45207868454813,60.266061291494786
868.792941573276,333.75258391414155,80.07727908489328,60.75455202034972
868.1532229427507,332.958356146134,80.66320438305318,61.80037449972416
869.2302837528506,333.13923222086146,81.05403515543152,62.8697441764412
867.8267509966421,329.28413662643925,81.73677205456747,63.00440435942616
867.3486235071131,334.3670530124741,81.52899505120344,63.37650493696582
866.4706965540722,331.3899116410488,81.25988557837903,62.98224642005085
867.483642188618,330.7471460004276,81.4973610085062,64.08720519152759
867.5500022678466,329.1459203663851,81.96391453168965,64.96235543422196
867.6683752795581,328.24161769482123,82.55358452389176,65.56975838477163
866.4118353529516,330.20881804543166,82.35887018765163,65.44544679487888
866.8288351264706,327.27212554545514,83.06182742772287,66.26844727334753
868.0506291395707,328.835120817948,83.57600307339762,66.81781073226804
865.8905733832052,329.69070868768875,83.28124642206629,65.67127122325527
865.7888053348116,328.15967151489906,83.24048930596274,65.53931480711594
866.6522836130923,328.46194009468104,84.34193240760439,65.42134991317695
867.144343830456,325.97433836972573,84.4102716896738,65.95096620488454
866.9638123903278,329.6036752984554,83.34613315391465,65.33633531617515
868.2152940701529,327.49656565674917,84.08370934504569,65.38871988279077
867.6104349383018,328.38926913564643,84.4179393274981,65.44141717304312
867.2208392513938,326.79543799473265,84.51439144350144,65.31709825369873
865.5358495259885,328.6237948963096,84.28372392165569,64.85325554429481
866.9032675703364,326.22250364281757,84.89327870210063,65.32630924268514
867.9756840154084,323.9179849427214,84.93570167133166,66.95796016826816
866.7575023172751,326.5422087301642,84.93102502853567,67.66974818908567
866.2648210687896,325.31488393709117,84.79147907824108,67.57029010921613
865.611729887417,321.9117330170132,85.2507681304393,68.63797500601265
867.0291535252463,322.3463923186382,86.14156782743696,69.48081460588759
865.7984251675786,322.3453590952965,86.56081873222578,69.1659254861648
864.7662925125419,321.5347118148762,86.9807358977678,70.14595417786485
867.5089674732695,320.68737020656073,87.3813112692812,70.0353090253551
866.9730714408546,321.98456305802824,87.48652008215805,70.14832078335753
865.2856672585699,321.2474826437229,88.10907014594616,69.7950890338433
865.5633909971729,317.86253129900393,88.71087974881833,70.23357082484371
868.03973812039,321.83776789554526,87.88587104925912,70.78993356926108
868.2246772861577,321.3191600152392,87.91391141889557,70.49096768924808
867.3020015288874,319.84259519916054,87.78547753304545,70.53577212609298
868.3937780741392,319.54217693614834,88.33202698160439,71.47184424782054
866.7277376368897,317.4283701783942,88.22349506313458,72.09423315395378
866.1064973781005,321.83319682431875,87.33920556118191,71.29642068241722
868.3047930914909,319.0303785889941,87.93834167346358,71.41536281712898
867.2424673218388,317.8569449934839,89.24423710925197,72.24306496908689
866.0355931349948,318.64075661943014,89.82348230911194,72.22704694180375
868.6452973138064,319.1239173139944,90.48017258430117,71.83695846283146
866.8883590385234,318.07656681019455,90.19763189853906,72.15791679464994
866.407910617852,317.11464047388523,90.68437712855363,72.68815374461232
866.004947357077,319.0518103595138,89.86649383565084,71.96698169796457
867.7990699161323,317.6690660373484,90.08186810230556,72.14143640674851
865.9428300891306,317.58927242314985,90.44864463130918,72.46557441639567
867.4610710981185,316.48389826001414,90.83113844341132,72.76277904149518
867.647756495382,317.230314235778,91.12546174068112,73.76109699231117
867.6084245809278,319.0583584667621,90.19893758130839,73.4344457862023
870.8918546947856,319.58284402823597,90.0143100196084,73.12519023942646
868.7709332508877,320.3829396912677,89.32072810271688,72.37674451883177
871.518781882807,321.7451241710706,90.06373933497179,71.38763556899167
867.1745738278044,322.36418009947494,87.7933541754459,70.06538674929227
869.2587915463562,319.1172800077785,88.35816458795169,70.93327140534142
870.1960244767927,316.73457285260747,89.2162121548131,71.96336467076165
869.4902172150046,317.557550134462,89.20891188346737,73.10711347619318
870.3609835441399,317.2078269701512,90.44049323886854,73.51542210950231
868.3268292718715,318.4728024739757,90.27512868770243,73.40044912919703
869.791610420637,316.6710423806102,90.65516722024954,73.4724446577249
870.3187962655987,316.8978960836341,90.89944054985713,74.15017646066138
869.9731362525235,316.86262711887514,90.97995124983568,74.4739797710388
870.6521973481046,316.3239175747962,90.48514082625174,74.86145745294668
868.8243655128623,315.5683821694438,90.62218877408003,74.76528949412021
870.8730530288872,315.33698032899025,91.31891164242106,74.89911368283977
868.6755353421097,313.8483968800149,91.47996874449154,75.38284186008747
869.0151112905954,316.4243378656213,90.88232929869206,75.75760173457775
871.6195521251985,318.1275653104604,91.21012975839199,74.62098327068075
869.1691587457813,316.6572469407698,90.34986915394535,74.26883436553071
870.7467060648054,316.62993638148635,91.30335605886575,73.67517057198825
869.4098615804908,316.8639805118107,91.7789249103075,72.7804770867301
872.0553828393082,315.6225151004793,91.55599762704765,73.60737153243983
867.206706893379,317.15847585005906,89.79488394273424,73.89311604890536
870.448818068269,315.66435597785323,90.62969235467295,74.3668294261295
871.4225540328741,316.888137741727,90.60958858952512,74.19471755853816
871.4519853801163,314.91404339754155,91.36069293605652,73.98610693050288
871.3122106251703,316.67569780112814,91.2109211568858,74.57794094559526
871.6636223109125,315.2030055251587,91.80301966040147,73.99729400339362
870.4618899081481,315.9077567551298,91.97961679014911,74.59352884813877
870.7482796494764,315.54324549180467,92.56165298132044,73.9149586013516
871.0769884881317,313.82183345004984,93.76681464971315,74.35378488212686
869.0899721406798,315.74893339031405,94.35278582117934,75.44767460120784
869.8893643343304,313.5270869834615,93.89792233231586,75.66587303014731
870.7003412844226,317.1374928428253,93.70712077588121,75.79976712196661
868.8654808404132,315.58220891480164,94.3358565564783,75.23147145262325
871.5568751479999,311.6586407601949,94.50195710146104,76.08700009582118
866.4563698549302,311.4883868925142,94.59746842002238,78.0000175968076
869.2923532684789,313.58803818653115,96.62990833120634,78.44893888572678
866.4013975979084,312.57654990412664,97.23472616648782,77.99858781381701
866.6900497925907,310.9953755094292,97.7670104001702,78.54933382000875
870.8981783081914,313.702908525633,99.14784199201557,78.875692348148
866.0681071227023,313.107294550611,96.61621190205645,78.02245618686388
869.0242871862913,312.72561536796906,97.89623458737843,78.2471792982416
863.7951545321037,313.3547630853307,95.5640030695818,77.40956867797136
868.5264441517292,308.95876996659877,95.82374438697141,79.26487889004471
873.930174425613,311.9834468379,98.02815517709422,79.81595849705164
867.8062988477565,313.0104036727132,98.31976009257305,79.73769180008144
871.2181381213292,313.58923609183057,101.44447632081832,79.59195933489349
866.3790683555707,310.6918724277173,99.72939685819468,80.53652797171381
871.1205341847652,310.7967918623333,100.95267247519614,81.3262008212318
864.6951585490004,314.6212105649349,99.57884488930384,79.98861219532552
869.6180590570668,311.32545856061665,101.79117985949914,80.64212792271195
864.4978361066262,313.43557755420204,101.8050937779584,80.041457806635
865.7435751299424,312.9044623947671,103.7476977625761,80.70647132862987
864.5900285823956,310.4210220376347,103.3200496467322,82.17454222844155
861.8991071084279,308.27828147401476,102.70256398138639,83.17981095333772
865.3120513765251,309.20506641036854,104.08096011316076,85.0194478677395
863.0789209512828,306.45925199774024,102.7817485515359,85.26574588244925
866.2077387711397,310.4422889235951,105.10269567549403,84.94051065378642
862.8236738327155,307.10946001689854,103.08411290585819,85.99096460975764
867.4961304715827,311.3291633859383,108.02145670820192,86.069349619725
861.2872027908517,307.4261688320966,109.13987359310138,86.7016326727208
855.7631509393835,312.4246107734654,108.01247070424077,85.67603174896756
866.4221663172414,311.1054266958813,110.30555445047833,84.44736499202648
862.2949020408925,309.4394604403738,111.26952514184799,84.73489442686954
857.3527184076092,308.2945323797772,109.17461384396125,85.28295977657847
863.1444482600406,305.4251307083547,109.47286800628609,86.1513407561422
857.5277373500446,306.01574214019536,107.37554031455916,88.00420602722643
864.1204221920927,308.045968529181,107.45863376522857,86.87197590550517
859.3457540121595,305.8228063787638,105.2058766192355,87.72827335087081
869.9690287305659,312.9529295054807,109.48212381328221,86.16892431423392
863.688687124641,307.1540218513418,107.3200897399758,86.85676647798047
858.6331918592491,313.012170599321,104.43422358130648,85.33739891366267
860.1697434880679,320.47082438847826,102.12558565570028,80.63954323964501
856.7718465246447,327.50902798291963,97.98485614504649,73.96279425388735
858.6937030035148,334.5695621417784,95.39852844121269,67.35893785023225
861.6994756419505,337.22493767850267,91.54518628934125,62.307616708424334
863.9492632305468,340.6299955197741,88.51249953988304,57.87594951220953
868.1491811734729,341.08406240800673,87.43227424973378,55.482220032619324
867.91649634128,345.92514332876624,84.50353991021343,52.47550374774095
868.9626883130417,345.2907318563357,83.89846065419002,51.033907991430134
870.6669548006845,347.3889720380508,83.27859345038877,49.69314051862503
869.6473283484424,349.10169288188297,81.77441984120098,48.406218118069965
870.6765458934027,349.7831251713181,80.89991419463988,47.40367458412162
869.4721615969268,350.7425824817476,80.23197685497472,47.24104658435638
868.6387518434223,350.7436882019281,79.65297727018677,47.02992706294067
871.2443865741311,352.3700978992264,78.59182377556594,46.263008547250365
872.2863583718653,351.5993981961945,78.61994072697254,46.397913812689154
871.436016144062,352.76913998835647,78.62001788277436,46.25400212777926
870.9259463164112,353.7508399466436,78.71352179588843,46.09724283620493
871.4595602013085,353.28361489229894,78.67841377707066,46.04959150446466
870.655865628626,353.92864927835785,79.05109222907613,45.65654116496404
868.5337426013399,353.3983277622137,79.49907363521075,45.31279576951796
870.945518473161,353.76060331444904,79.09851078317021,45.45173953809407
870.15078087841,353.58092461616064,79.94024427345329,45.281372813577136
869.6566305122799,354.5010201638482,79.89305306235426,45.501118241639546
868.4298239124753,355.6271671911665,79.45488159399467,45.45425326415132
869.7344587792725,356.78338285747503,78.75993375981452,44.89733035438591
870.060728064563,356.45168423504884,78.9097023181395,44.73791265783197
868.5873264344773,356.6911239862201,78.63587874725626,44.235473585176976
868.8560441518259,358.6152054622952,78.79805879107482,43.82661117013616
869.2460177916583,359.42065559155225,78.68220452898807,43.308697972168986
867.3314687889513,360.0043250512048,79.47460514670689,42.776735029426405
870.0657181289606,359.7668919693397,78.84218129578969,42.815062496867405
869.0662697874684,361.06291226991556,79.04243295924283,42.7406457970829
867.0099639606293,360.88625445177144,79.4873810387023,42.753858283957165
871.7583069239158,361.31689325294565,78.94186698712917,42.52778881149147
868.253395817417,360.93171309268985,79.41573949309588,43.20272066520623
865.9160152349239,362.6293317504438,78.81208879284767,42.98323408212021
869.3060269796689,362.4872635325943,78.9500798297248,43.35091238793644
866.7884082804837,363.84066632015913,79.03361129547794,42.72676367315828
871.033258128675,364.19832854534104,78.61385788815785,43.292857069474145
868.1175583488731,364.52347380397157,78.44353320459749,43.02331911568962
867.1219556600299,365.60670935619345,78.43977398267452,42.93713975929282
868.5027848517398,365.7809330811997,77.887847654919,42.86574614228806
867.822259330704,367.0173791330525,78.54319496163882,42.68248111377782
865.6559568936708,367.2255817870838,79.19129055836156,42.583641723684025
868.7928728612999,367.08746457229734,78.12439832036901,42.33292913177249
867.6492696064794,368.30529760345377,78.19805807708032,42.67321826965499
863.0395454694759,367.9878830990174,80.47272790870437,42.16803263009028
866.4003430830754,369.9536510244339,78.68959398521632,42.282624098593146
867.1236164783878,368.15823627857856,78.88704438697445,42.73093650046012
864.74452283036,370.03461124507663,79.7468857357643,42.87682243172178
862.4774136608561,371.6002094444061,80.48798273688149,42.67551189732058
865.6569493351743,371.9562908863498,80.19577540191695,42.475571303472286
862.5886066884184,372.0195460260678,81.49441748253818,42.544098865833085
863.9491252401964,371.79391577280444,80.55649195124774,42.68002123759429
863.5955973144778,372.13439544902894,80.79508771967723,42.18238097694211
864.3282385900784,372.87170617222404,80.7906205981636,42.2056233000832
864.5306070232881,374.11089034778325,81.07623712529887,42.52103241478504
859.3450406452814,375.14727931750895,83.24129993502308,42.29028023216958
861.3823105247229,376.160420891877,82.80444022985107,42.1064806039413
860.7093266894348,375.31887406958384,83.06689654788822,42.08498440477758
861.8905443063258,376.2046751972029,82.79670069398915,42.22594928821138
860.8790812706945,377.89295589234445,82.99430938243904,42.160194172342386
860.8838035912288,377.8071244329877,82.35630944351905,42.162515050040305
863.0715414127113,377.05125717925165,81.2260883171554,42.10666838075448
863.9927761174989,377.7067674081794,81.00596387828351,41.854058567430194
858.3047977689621,378.17050619135983,84.12032389566957,42.423285102631894
858.1812749318875,379.3567094642219,85.01391497997507,42.689245256126426
858.8302167863417,378.399038290523,84.54101296051972,43.36346821875868
857.6462073033238,380.2143025010424,85.15096002714148,43.26068027623552
860.4409413630776,380.2446731863096,83.76171773771183,42.98515619085732
858.4642146953535,379.32829787506114,84.61492082901955,43.393132643432374
861.4977044257981,380.4936600247018,83.26827828219285,42.96743764102605
858.7821414368001,381.2220227753951,84.21174862054036,43.52572678807705
857.921487372182,380.7722544811948,84.4907807488,44.27710053468074
856.8620998172466,381.43240351761585,85.15453876882691,44.40336618254175
857.3180451734464,381.0852953960849,85.10406773416193,44.60420474005667
855.5475308738472,383.14113687426527,85.90748647007898,44.495390436039756
858.9138040128988,381.6983624214371,84.9568310611165,44.450580454977406
854.6819106180129,383.193861536113,86.85837725030237,44.81102265531304
858.2728749701882,381.5200289580612,85.78084918071715,45.11248419813545
856.4109162109137,383.3215559936054,86.02252792973505,45.66250629892204
858.3847508601419,384.29001857918746,84.75811668791917,45.457728344554724
854.142397740191,381.6405164355793,86.18531255184463,46.424289394466385
854.0572821344342,382.57872328739825,86.55854669304554,47.33757905996917
854.1157932934327,382.47536565317307,86.59994112309556,47.85947987529453
855.699107768878,383.40750840374596,85.75753092220495,48.52546781164865
856.0552966756744,383.3031682815664,85.14012381173707,49.21949961850778
855.6944658570271,382.06623296020376,84.58251909160983,49.96088735107682
856.350045417985,382.95997296067725,84.15038829000656,50.68460730130178
856.2604484509136,381.0345687099528,83.89385224368063,51.592605744156884
856.7122730302054,383.13378374145054,83.66104048744069,51.7522994604583
855.2426181978014,382.8061642116474,83.63919902920173,52.322272406783355
855.5635232811518,384.4214165201521,83.51905634296989,52.28094625657078
854.2090963030964,382.57117000326474,84.4028370568931,52.94451302081431
855.3856503062336,384.3519287800685,83.9468848123375,53.19821153165994
854.5591840626688,384.11628972357937,84.01821329556083,53.56551625596626
853.7241747250346,383.3588489989477,84.10223343567307,54.361128906401504
853.9217258929939,384.4669445061853,84.19702978139513,54.48661269661372
855.2181914862209,384.5061615707963,83.27762154415964,54.812078713876154
854.4356499414873,386.2888530009003,83.22634110823628,54.40959868569937
853.8370171669208,386.62797743023395,83.78517892299443,54.756435276250826
851.9534988524795,386.12067265592106,84.47753903820518,54.93385610417351
854.8326269534135,386.1627449549617,83.27482482852454,54.75754842015481
855.0367408068812,387.9640744665064,82.23421186768302,54.77457933847158
853.4835477205536,386.7798666700645,82.69853871416638,55.12306695283972
854.2648252554186,388.82021779090206,82.14706152529573,54.6376100724927
850.3435711256985,387.13751003731585,83.52011788043883,55.101322698805845
849.9137474303024,388.2069414865477,84.14062952904378,54.895290610888964
852.171476548176,388.9281888934892,83.8744693889996,55.13312416614659
849.316688306361,387.70238578780294,84.12573288434818,55.822492828691
849.375184599127,388.68728433326464,84.65543829686324,55.837803159642576
850.4043915420276,387.3699858199491,83.83414599309316,56.365222451898724
852.2291613258171,388.80305701983895,82.9372919723892,55.966395725947066
856.5476703697676,389.29443150131317,80.71299361105075,56.16635550323305
851.2356259694172,386.76449217829804,81.78242542932962,57.393867205903916
850.3684390676649,389.13578965411773,82.35029532658425,57.0487331917646
850.6966889313078,388.22915665617563,81.8092435973454,57.20053068178934
851.7083974380113,390.0634888147179,81.51379289253222,57.15515738032978
854.800556754461,388.491950739274,79.48605995299198,57.435898326139494
858.1695926376888,388.08987006429385,76.38833852833338,57.50046617024047
851.1336023187733,387.8724154018365,78.62932551382048,57.99076489945202
850.5284511008344,388.81603035463684,79.3410012407139,57.96266585322635
851.8551421895269,388.75266103927635,79.6174591512196,58.0939821206661
854.9378398976993,388.57378432697567,78.22821729932798,58.04545502768924
849.5174158938459,385.74071612263447,79.79947302187857,59.503980352387316
849.5473067754154,389.2043181070956,80.40314340717696,58.1881960611994
846.8788259132272,388.8679158641508,81.45034072725656,58.28913165060466
849.8722005638946,386.68903634600883,80.26373180678121,58.81214337243549
849.1928810124439,386.9487034263426,79.36931915187003,58.814232551611695
849.5129587778738,387.747072636293,79.32205912882281,58.88103783288269
849.2309733847122,388.0822324511688,79.5434701006928,58.899835634771726
850.2112336885342,386.60454898626165,78.14941677820494,58.62256706653926
853.0354607417946,389.2189273919484,75.83665603105922,57.77714155399378
849.6827800233187,386.2842083686578,76.72539759496408,58.40985474705938
848.8630750717025,386.4408826915659,77.3584903595247,58.62900732194635
851.4184656484758,386.80462519751507,76.36144821964993,59.000460298329244
848.5982319673731,385.94064646650776,76.30715239826161,59.22185648104694
845.8663185813049,384.5606145929784,77.7304823442262,59.49150274763691
846.1266891336555,384.5935890033613,78.03106081960298,60.025132784293056
846.3338229537402,385.0976637948116,77.80810787669932,60.049209763892435
844.3230002910936,383.26952153769275,78.25370339730492,60.49000965898948
845.3904036402488,383.0066331654081,78.26525900368208,61.09330105199629
842.2564592130325,382.14524806676707,78.97870449873979,61.33621285084091
846.5981858113837,379.78917602829193,77.5652708332873,62.37666503325988
846.1160550462278,380.625709285737,76.74410145539595,61.53456165313531
846.6261587703491,381.1666245188866,76.22218502277838,61.20553880402377
847.3735324152254,381.5821613171738,74.93828368029122,60.98872301994923
846.2993355026922,381.44657944886984,74.82526393113906,61.18786527218224
846.9121006695425,380.2710680187,74.21090913454775,61.333077585646876
845.0036523951092,381.1163716255472,74.17792165021146,60.60194302820251
845.1725376550909,379.9850322287972,74.36776953845101,60.92538231974933
852.0421539930063,381.4825772097227,70.75417773176085,60.21361755321079
848.9842362354167,380.4387363566369,70.44880963365874,60.45602338047613
845.838684997573,379.7171303466736,71.36927612301804,60.76126542969958
852.5186509522163,382.83232501859607,67.9596005613878,61.16509239444855
844.8740490286225,385.41495109290133,70.29946358826282,62.22682999193167
849.4620236239437,387.7659618365948,68.6055700616831,61.931546785794836
843.1587954792716,389.72840999763434,69.78079771333178,62.80444099105941
844.1179160387834,391.766872209023,70.62519087165202,63.50571481046965
852.7491205731267,395.4517204077324,66.36327008421529,63.7272659716446
850.8953313760865,399.650417863187,65.00316049001461,63.36234176386037
844.90224160596,401.47196961800086,67.31944867284581,64.34622189681083
848.7627712201144,405.0082987543719,65.91021805781823,63.96020913188128
855.1964509746272,408.3845511312153,61.43912930074572,64.37771780592882
854.3442112557341,411.97453862956814,59.97213046704758,64.24779163734812
858.3569128877253,415.9846026058806,56.940883086853994,63.64712779605139
860.3213793998472,419.26625594016406,54.722612904407235,62.77879793412501
860.5153571919723,423.4814019427989,52.3045975057038,62.09377570424594
860.4377264637715,426.50004477085565,50.73224360566014,61.13296709891371
862.4737358786342,430.0367008968204,49.18471513237999,60.95610870440616
862.3640739212235,436.4662347382279,48.103379867514,59.03628052354422
862.6378914974367,439.83151563537467,47.760532923095276,58.2805264685085
860.3842892405485,438.85996831479787,47.82282166538732,59.12028859013085
860.3523482094103,444.49089118678387,47.65722679895291,58.28620773873695
860.5604646920603,449.0139436795827,47.32209429751997,57.94635580489708
860.7093088208491,451.5742512287904,47.1801219823253,57.65705479339577
860.2915961209824,454.3061523241066,47.20518361252744,57.95533756370088
859.181762717307,453.8186162706982,47.47425837886241,59.2554829127051
858.5621604987379,460.29115390812154,47.755561815024265,58.134504317546
859.2876573773881,463.39110946305607,47.06453204698164,57.845466620762885
858.9916878890331,467.91103175468743,46.81088996900428,57.079090055078254
858.8235898286488,470.56780275969635,46.795859283132124,56.88064509095885
858.025825949807,466.3363654136616,46.96313386698757,59.715071296700216
858.6737964924583,468.57913878872085,47.125154817817595,62.14151185126923
856.8575538749114,472.51502043173747,47.36808316814591,62.48875796465005
856.4168413726527,477.1655412671624,47.338482171686806,62.56677513169086
854.0844865981084,480.62032442466386,47.650103341869126,62.07935847489098
857.3921984720744,484.9849514160982,46.86082095135896,61.0620490721004
855.8565288557461,493.18898894723037,46.21540908538292,58.04562134870334
856.2280364025208,491.6016761225008,46.35542011488026,58.87239238390465
855.9974744492965,498.1649164434225,46.22424360628972,57.20292773327219
855.651386532493,497.6840761305856,46.09719031392015,57.805599569883455
854.9797305185938,505.3390305452791,45.90533083292969,55.913720525652764
854.388786332517,511.7037120363694,45.916534390630005,52.535385985855015
854.3041304763423,516.9819735689446,45.81994644477642,49.85262695879065
853.0948138756846,521.2551256146749,45.83997429941202,48.563067252095536
854.0842520558601,525.1663350610007,45.343275673436054,46.687212080146914
853.8299384506219,527.7260945847559,45.07912151184221,46.03235367716792
854.6310417935781,531.0925784552949,45.09755081225789,45.57123652202755
853.3334033368469,536.0042033358635,44.82478573353268,44.61332794741369
855.2403118076608,538.7530873181059,43.9637428397565,44.61050932374903
851.9821726255868,542.7571405612065,44.28493758574034,43.46626392153231
852.385569331167,545.5879487856125,44.32329798317382,43.024953869204595
853.560774955807,548.5031064024378,43.826768569831344,42.830014612116756
850.4726923017996,549.9943807194168,44.71756400479932,43.817039952768134
852.7446383206465,553.9046967396358,44.378032929019575,43.55848066623622
853.2400768840822,556.9193602816874,43.8569586585933,43.446695086039156
856.5744421535751,559.8006674473017,41.8550524604279,43.074324285083996
859.6225698970482,564.6917397125976,39.10190610434124,42.64508502792978
858.8065992382209,568.0000302544775,37.71706275402702,41.87071280647482
862.409799898132,572.4175532814496,35.02173931506418,41.493003178311774
862.1020502448354,575.8573998973633,33.76677048200892,40.835554209179655
865.267192345191,579.6412306439643,31.618981398485175,40.314462540196544
864.3769413378376,584.0509770814663,30.145577163192065,39.34755450405955
865.2275884312655,586.4744392927566,29.515129533953427,38.949314773861744
865.4938678836629,590.6874277279986,28.74851606372877,38.12686878716691
866.5414538496618,594.7824554314057,27.78296754481707,37.62356569968877
866.2081840294203,597.8961437417382,27.57028050072969,37.12294994328141
866.4302774648344,600.3153400239077,27.23896289259689,36.7295189267941
864.5185504479393,604.2105523646336,26.82881249523472,36.11484497776404
866.0962675121165,607.5027202931511,26.496223825864636,35.51035226037754
865.5768349694825,610.2660857248676,26.36222208984357,35.162378110811645
865.7784434613766,613.7378446814608,26.18491147812569,34.765933561883
865.853875238583,617.1825298743063,26.109060130744254,34.385932072676574
864.4378234868641,619.3293141198417,26.290101622463272,34.450777277894645
864.9204783032775,623.3914002423074,26.02029522449974,34.12651653198665
865.328760402744,627.3404826197025,25.711810554375294,33.77911776840766
865.89473253867,631.4177508253538,25.467592112601395,33.034379025561904
865.299952490786,633.2353395638108,25.43729594616226,32.96324268634315
864.8027356722089,635.1581657873553,25.70800521808215,33.10742025634405
864.9929017325513,639.7857224516378,25.565023561264592,32.618969525435375
864.5466091678691,641.8044459035413,25.700589647660372,32.82126871537848
864.6244792409117,645.6943337971293,25.677852736438297,32.58801697605391
865.0572121314962,647.3880268856581,25.49234148407801,32.90869201725798
864.0015726413261,650.9982458268317,25.532400066468824,32.53183628823113
863.7741315928336,654.6842465391146,25.558029538942293,32.411841394427036
863.4935401051538,657.85050793985,25.83251512660656,32.1033740739132
864.7879795570665,662.0235302676076,25.02149877160913,31.611516430116914
864.600365137504,664.5529962598504,24.975836802628777,31.057734286939947
864.38395693678,668.2180008950181,25.12599176608846,30.722842204104317
864.5343306816733,669.8750506656052,24.958598463313624,30.815358873867865
863.472323576217,673.4664095721367,25.248819034089394,30.46576331422263
863.5123570621051,676.1086023270121,25.35670219659039,30.53210107107339
863.5007506529489,678.5011570190148,25.205941931406905,30.58431010747807
863.1898235627999,682.562581512905,25.20604623377515,30.716252379463334
