572.0,453.0,15.0,31.0
572.9078521483541,453.0554456213952,14.222442675948036,31.569330314826765
573.0875744666205,454.029492705153,13.871695549180922,32.06274157944002
573.9376107401188,453.18164776504597,13.566032181871917,32.38877203582605
574.807035189429,454.9360870783242,13.457096613329472,32.825022803800834
574.2492436388893,455.5307976030241,13.482942775932237,32.77352594873693
575.3278056668064,455.3753085193964,13.507459345098244,32.90478609841422
575.5769519899636,455.89645226664027,13.487079601615765,32.8757813798054
576.1479045762729,456.74279324701354,13.408025381145439,32.94152227062138
575.7750353764685,456.95124319416743,13.419388780754353,32.856287415376045
576.6541711728622,457.8151965876377,13.498168579568619,32.690842481462894
576.4607056675085,457.44673215635197,13.548330486272121,32.61518742069454
576.5852622933701,458.0429222077418,13.54842377751758,32.86323700541479
577.2605078838309,458.43276965123766,13.50358902970158,32.842125187270796
577.2690017015196,458.11450234688095,13.431005996374779,32.911803411706806
577.3629649303219,457.73917813789126,13.409697885938124,33.08083256699092
577.6610841328693,458.6886792147488,13.491506661019125,33.163092620307125
577.9850892610772,458.776814440294,13.641019903138595,33.17890743532992
578.1250942644814,458.3196924580978,13.658899605802864,33.26140243732008
578.2255016595423,459.3641672420214,13.699700111091255,33.24280351644551
577.4818401865382,459.18093889069354,13.640277756806466,33.152480739120776
577.6524750571087,459.23718323345327,13.580967549356703,33.07005949744894
578.3176120797464,458.8526589530298,13.55856246160099,32.93894631513179
578.5766237237578,459.53323748555925,13.35926475951564,32.73283380573701
578.2985371710005,459.53471994010494,13.26119439579199,32.74285412613781
579.0322464967415,459.7294415061201,13.282919115891815,32.60312107711528
578.6833026405559,458.87543743643073,13.25706720423981,32.5329386037011
578.3576225191142,458.99405794949416,13.1986801326699,32.41370905218351
578.6348758447759,459.62049951322695,13.18809590566308,32.502287106358665
578.8421344218124,459.09195422151276,13.201877701785415,32.451093693204996
579.3076405282256,459.67821841947205,13.142233897162079,32.449944386641796
578.663054345239,459.11473601337264,13.119074109815099,32.481557025989055
579.0823107768192,459.47225980659584,13.175481595775683,32.30503788192547
578.8424337662176,458.33826551246534,13.070816366490522,32.61145573044038
579.5312203432547,458.5222918439544,12.942144579603696,32.50344335066546
579.2118193711771,458.430033108533,12.960424978348964,32.47622223508241
578.8990967317426,458.11189319667966,13.059152117569411,32.52033134345707
580.006235284179,458.9609781178776,12.99276319629056,32.7935512715691
580.0770796142248,458.10352372832773,12.92009003912853,32.9082174359227
580.8346620324886,458.2254282041612,12.965281342737692,32.879992285525354
581.5210320071222,457.8074859745955,13.004414257239922,33.00120847073083
582.1408314532362,457.2980486813405,13.249510799582474,32.963297473744774
584.370404668524,457.6793468358045,13.27177153453397,33.10532610378159
585.4517761440819,457.32465144064173,13.210049396406518,33.16383035846265
587.2666844166251,456.62671737841316,13.309007875734169,33.38508453028304
588.4929434336094,456.81090498898607,13.437033359831865,33.53871248296538
589.5401408001488,456.8171403464396,13.468615189253047,33.36101197069506
590.7832274816224,456.5799536705809,13.425053520641981,33.26189899428741
592.0467750944239,456.46583618113647,13.499970929316305,33.07578155618407
591.3794840677995,456.49902173333544,13.527530887838477,32.94404179944237
591.9663993539076,456.07393266746055,13.482858335641904,32.93144222123123
591.5670943264331,455.7984221925408,13.448224066860384,32.85287027556299
592.0520522352175,456.71822659556733,13.570822287377535,32.88535467019342
591.5205503910416,456.2284501466754,13.539679247213499,32.65584689903193
591.3164727618728,456.48885836391435,13.665577425473227,32.480924324417444
590.958764169154,456.9140281162712,13.779287152414629,32.286132915406824
591.6379934823807,455.9580088465439,13.838156406820698,32.40688117165828
590.7010606637311,456.8311643918504,13.930596568045615,32.217843945791415
590.9057957123127,457.59646594594113,14.097214422542562,32.5165255055787
590.5719137035248,457.11917056396345,14.140581162286225,32.34211846679971
589.895638678453,458.0804280565762,14.254918626980611,32.41718496350778
590.047032022276,458.63634862242134,14.386198711795823,32.07975789431753
590.0561719258819,458.0714629954751,14.396178181927631,31.697520481217815
589.1856180015224,459.29433260002867,14.499003254767686,31.289882468399746
589.5213723444192,459.66040132815994,14.45334906116154,31.04884913811368
589.257601440213,460.51234571351756,14.393435120062287,30.546963846402356
589.0937283944319,460.4467203769745,14.280873594437107,29.97927042769161
589.2209720691152,461.41290238310586,14.434482558546975,29.97171873232339
589.3255674916874,462.4407290409741,14.261172755883072,30.234470567954197
589.0220238247687,461.91945050141464,14.335995380247807,30.128239194924667
588.7708128129275,463.07008224459116,14.329849593871518,30.843890076247327
589.062243658712,463.3381290975508,14.195893847126934,31.08235539132422
588.2175038966885,464.4207473001455,14.270802753497918,31.52280898857627
588.0940000265615,465.30546313174426,14.303844124123154,31.55354059442161
588.3764550993852,466.39632199289326,14.253628192342891,31.653835811576798
588.3089667325153,467.15158854850773,14.036653326961547,31.264503261871297
588.5247739285405,468.63234245280154,14.005093866551674,31.526124725744587
587.8591597663203,470.20428537883504,13.896899583570253,31.35252238197836
587.8621756751016,471.0896861280976,13.84199386464039,31.6594873019103
587.7674217101493,472.2942017355315,14.228858972279621,31.596670381476084
587.7839049858264,472.8375422175322,14.392494288601137,31.94681803075597
586.8370807328482,474.4831757464567,14.603105990358303,32.07017041870773
586.8277449499233,475.6684490440316,15.049168608454206,32.32077097931957
586.8758894042364,477.7225725579098,15.410574707152174,32.464934840235045
585.9428477076152,479.62595205826096,15.512879413871122,32.61502398406405
586.0247800868942,481.11118793388437,15.642822638711596,32.75888633926255
585.7108965259719,482.86306849055757,15.739782265439146,33.17020243538875
585.7715234664654,483.713998214677,15.972311038260699,33.356320587247474
585.0849629941907,486.0455043573752,16.26272171669677,33.56307453720278
584.5170777700928,487.52611604926005,16.550538368505745,33.66259639269087
585.0544552321704,488.98034859671634,16.790473080580966,33.572223643969714
585.2896261520708,490.76638050245356,16.90247529595613,32.808448406713964
584.7876902855475,492.9608912825184,16.928357832225444,32.48175899990464
584.4875372912616,495.1247538877698,16.741218752437817,32.28292478061273
584.1147017407148,496.39422309030897,16.594441428238294,32.09298539897193
584.0257453900537,499.44720432246146,16.49282074333014,31.889587937108384
584.2412004948601,501.1601577561722,16.431997203639277,31.646580544784456
583.9542446325211,503.68667373794176,16.328388176364157,31.669628903510997
583.3314435859268,504.53276673148116,16.25006143654501,31.89634245256508
583.5556836778165,507.4538445435259,16.070593703937114,31.6219511107021
584.1273244747298,509.86959621216806,16.081166480228003,31.38193947263654
583.9618662956033,513.4824789113316,16.0525018448286,31.151619325774497
583.898036886366,518.8602260735896,15.943428180393099,31.300910157508333
583.9324900279804,524.8528395326682,15.933886216011814,31.459306591401926
583.9906753064527,532.4890884540163,16.000888156625834,31.55575100944791
583.5106778795781,541.4279531225839,15.977698195921876,31.419354680125274
583.8637518601635,549.5313775960763,15.975445803598902,32.02270928538644
583.7177711345284,558.892298626577,15.8117721840681,31.933084631611663
583.7142769521977,568.669479258682,15.744541798729614,32.096863015839084
583.7804852633573,577.9206710221778,15.725467461566833,32.393887447832
583.8451673835433,587.4312206036237,15.737201243655603,32.23634419314314
583.790790398486,598.1029074697801,15.668052992090464,32.336978334365575
583.8138097204662,608.2546973325404,15.66300708494644,32.43044755904027
583.9450831455849,619.211357384831,15.629296294279312,32.391807019888844
583.9618291578785,629.1451560841739,15.638994272133699,32.18340456749203
583.7908503897235,640.1416638265446,15.553339503756273,32.359761641344434
583.8145029136543,650.8420127293786,15.504386506675765,32.42160350852807
583.5886373192304,660.9363618545605,15.462778156949268,32.42410551451185
583.3308445466653,671.7279814301179,15.428765008232038,32.78021267687354
583.2550626293114,683.873019274797,15.38284196549819,33.3316820924958
583.6525850278529,692.0460854631183,15.370008472126226,31.46861245999398
583.6227950899677,700.5275722654034,15.597526580318638,29.055603760208957
582.262076619713,702.9277643292289,16.16754292756618,24.950051480702278
587.432237588651,695.8844278236809,16.526805950627807,24.686710758888157
588.2641883355187,697.5893002261861,16.961789039411666,24.252063610127912
586.3252888247357,699.6902665717104,17.26037968695438,23.898359373669084
586.5488170609123,699.4640495515595,17.875136569093534,23.288537554595855
587.3627414642898,699.8074677552881,18.448535931283615,22.678597814618964
584.9874649226999,699.3790452685629,18.56668087237369,22.39260526365552
586.4563101302538,695.8695799859297,18.774597451894817,22.169394105289125
587.4956693826684,692.5611441444382,18.775255167768684,22.236201701357828
586.0123504249224,706.0835992123178,18.641024858163096,19.50210546940732
586.2702266671639,704.6945288153574,17.243703464988638,20.804660325828035
585.327246396413,699.9043280798994,16.14162689711554,22.23396926744736
587.7603353733816,693.3391299586663,15.607258940736848,24.39200680630032
588.1415054565739,685.5522803845801,15.233323620543718,25.944389426152455
588.2001337630519,676.8966311463781,14.872376516864911,27.140827367888292
589.194580113768,669.923632919513,14.554168629885908,27.71156442220434
590.1588059110871,661.4915537503207,14.288909784271132,28.176552838714198
590.3694762940154,653.8373505555443,14.038826037457529,28.53706036352093
590.8509393760743,647.048874010924,13.92556265410149,28.625900049440986
590.8201709594969,639.4983198275838,13.664322692822651,28.5416293878012
591.0981693674405,632.0963785407589,13.669040598615194,28.55319933938061
591.2818273522084,625.2250220696526,13.632329182301788,28.397528187354986
591.3439621922217,617.7340061482487,13.613512993486317,28.458516634166642
591.6344561586528,610.9212283485573,13.77465152546785,28.388057829252528
591.7412878439198,603.9310512652737,13.744147029445386,27.94070050900333
592.7021725088506,596.968103482183,13.704663771361417,27.822185369618346
592.6423819469279,589.785089085991,13.674250998722396,27.62771306336969
593.7416544665725,582.2397941632302,13.836492397421331,27.232081595414748
593.4303057831183,576.0271224913167,13.628684393235954,26.795051587190702
594.1934789696339,569.4843818005838,13.733151618837637,26.577920663968982
594.2100195133943,561.5824604263181,13.592496068426227,26.651584579492617
594.7613849325342,555.0481243671159,13.713558259931606,26.30495823598314
595.0606254589002,548.2939410656244,13.671343991867626,26.378472238868486
595.3971311937903,541.75440836796,13.494128725700753,25.995532018962955
595.846353226492,534.676264863115,13.342289579730789,25.80430010775445
595.4819564677344,527.9211900999447,13.196067838456802,25.613254870911376
595.8996262944381,521.5996504607496,13.001559178701813,25.4615648621924
597.4742366700444,515.1449047153652,12.985860461180682,25.58796003948446
597.6336240090037,508.1122504920061,12.818002836484744,25.685441642940916
598.0347020473472,501.52807896647664,12.745674640657096,25.52494253091389
598.8222814443036,495.59499900702355,12.880217384830273,25.33034195177318
599.557060007021,488.3180208395076,13.025856487422653,25.232782326111785
599.8476992424147,481.38219189799975,12.972341383334625,25.153470513082517
600.5501269235427,474.56882532810357,12.987598630941898,24.977839303509683
600.4817963166427,467.6929409196003,13.132987872085778,25.034410061434208
600.7618852690657,461.7702669218095,13.223826202591173,24.529790100472844
601.0648080594295,454.3488975286167,13.260261200476823,24.45498738295211
602.1218946239437,448.5387918226074,13.223442502600918,24.452273990283306
602.4056043566306,441.6856109922703,13.128114712031755,24.456513916338327
602.9740563472473,434.9605839481803,12.828666480310254,24.48584504309261
604.0532407621571,428.452852479385,12.564180401955358,24.24720718112262
604.1454782836233,421.85664289224087,12.24253647474542,24.268003125430383
604.9281265865135,414.9948450482311,11.892625305976873,24.12172576657482
605.6472409444629,407.8286703774993,11.459218367421952,24.43091608093891
606.1761801822278,402.056225667137,11.135867479782725,24.60814116450527
606.9070828685672,395.5454188729268,10.915372226732893,24.97037288647059
606.7378275435408,388.33988887269584,10.896804324539584,25.11252343258683
606.8623172407312,382.594502317815,11.113385843244817,25.013365054311382
607.35758098967,374.8943840714588,11.317751228667591,25.003033309719136
607.9169540551384,369.21829129570995,11.528564423902893,24.754446003550783
607.6995586216415,361.93075136386705,11.878745305545102,24.42245952202172
607.7468615173239,355.6388771394993,11.955015063496727,24.008374718804188
609.0857956150556,349.85599068171626,12.101472429556747,23.55163710580577
608.8394871309912,343.0886264536496,12.246341594951126,23.30156026408744
609.8114301461795,336.7793320783569,12.305095335082306,22.989870236596797
610.1740409530767,330.91464236018834,12.230416934178743,22.9268302393401
611.4757433389977,324.61128640246085,12.039129166730978,22.794101236826396
610.9603654197886,317.4031022888829,12.034148921165125,22.651772717156053
612.2293442595258,311.5674390980028,12.06236098046022,22.686906777138915
612.6465359310464,305.17030163986936,11.796504859098626,22.643180442185127
612.8410618241228,297.6164227798967,11.542844308297433,22.521056875509345
614.084160138712,291.62386661541575,11.193190953044706,22.54389274573103
614.6015392028303,284.9037936034405,10.828583581644175,22.44888251968149
614.7175197279503,277.97127486736014,10.654201571931416,22.3633279508266
615.4235436724455,271.0836336919563,10.290592708819977,22.708144603392043
616.4948199372297,264.24830588998896,10.208823565481847,22.65884476299089
617.6235187777589,257.30325414009894,10.199968670068069,22.62499043806384
618.1978562257917,250.0863333802115,10.12716047322134,22.702005175612136
617.9279640758496,242.71233217880206,10.152738840488274,22.888514658509145
618.3034479760754,236.3847609747055,10.213729353024961,23.412198784231567
619.5121942037661,229.42883341559423,10.140223408874215,23.117987770862317
619.6364519840233,222.17517278916884,10.522712181855809,22.709701571320537
620.3903397057326,215.68908204302937,10.760549836581713,22.872495856568186
620.7882791274882,208.97585140023943,11.241366244535453,22.523253711972323
621.3819679937806,201.59386036120623,11.583544786364616,22.546497874999634
622.3150597549352,194.0851552968268,11.615615658586556,22.486458205174518
622.800680912225,187.49327443339635,11.07876818043284,23.089340720609616
624.1718232037122,180.79817185335793,10.830731033981806,23.115852643381814
624.6945564354655,173.16906099638152,10.801438886881481,22.895539658848293
624.8399004642938,166.17936117978988,10.756379186158584,23.10798296268586
625.3409574074213,159.1232345841363,10.747810832130025,22.87355265179578
626.1967931090837,151.6111355784039,10.89098256845353,22.66416912029181
626.0503596972196,144.1395613312721,10.854686794525508,22.9200426816941
627.0365808599777,136.54404022199944,11.093448997818001,23.105790100434707
626.6053589831102,129.7939633184943,11.384123037197577,22.97265075558956
627.8389762706605,121.8226230484694,11.270899997741491,23.37829439988738
628.0532512471602,114.1793927475522,11.1809502034335,23.518053188977643
628.2605211141886,107.71226432560847,11.00482904847821,23.996930546781105
629.1155085294748,100.29178749372085,10.613350922007417,23.953175806015327
629.5165577599942,93.26020637359566,10.617763386261645,24.349738772584065
629.3562461793729,85.25817908897072,10.623826610980908,24.98524780960739
629.0546176268548,77.84189040313998,10.787714514356775,24.903137070917296
629.0404429730519,70.89391004049148,11.003411234072102,25.412565966380342
628.9024978670759,63.824246733221344,11.1251647883091,25.637727084094415
629.7938683533636,57.337673300775805,11.023744006163595,26.033260118419086
630.1726452889674,50.71706411147598,10.682976328803443,26.39652592133515
630.6854407872719,45.29090470844773,10.635748369303911,26.11531124960845
630.196669930464,38.78686295162931,10.621773969638374,26.477024829163256
631.1619186530871,31.991996890156948,10.326927159157723,26.519046533406808
631.5128475470655,27.05604100262886,10.052437535263632,26.7054877274083
631.762321472168,21.724597060658525,10,26.13110144142709
632.3055801391602,16.98955472767682,10,26.026177715056516
631.9947319030762,13.567210906597776,10,25.376122010046636
632.365161895752,11.823683014188584,10,24.65199615424002
633.088565826416,9.877817729151868,10,24.13613395087595
632.5413475036621,9.529544966894514,10,23.58689853056644
632.5024948120117,8.884025156845883,10,23.03611838748011
633.4109725952148,8.521911406829144,10,22.788788270326087
634.4751369313723,9.854535065746369,10.001950868700806,22.2514858987807
635.1040153503418,10.451691766181348,10,21.74686976353574
634.3226541157667,11.864528405125602,10.059132839023277,21.37728932011989
635.2776270711685,13.541789043600364,10.100824196286078,21.13429453242818
635.3953649644102,15.410278765805344,10.389598440320242,21.556799951299467
635.432178786162,16.65333106351425,10.49073733734384,21.942880109299626
634.9728141900824,17.538630766168513,10.401444221153438,22.532655154674693
635.1376116292533,20.56454803306562,10.395061012733558,22.750046695099226
636.1031723284632,21.626524919938962,10.387470192927134,22.765031825161138
636.7139585428836,23.59075145327383,10.121738828539378,22.80058327509297
636.928351863855,25.243198366905915,10.004376441967581,22.565628107496764
637.0463161468506,26.353504064583753,10,22.03356193919187
636.6630306243896,28.60802098734157,10,21.68371541057077
637.2899423231871,30.361530230173443,10.010115506213651,21.48509994004374
637.656215171102,32.19611216188498,10.129548112385983,21.587977397421444
637.7014937436987,33.89853288215264,10.318097107328995,21.488357514503313
637.8169924226478,35.23111058070981,10.51092024503653,21.274488433306935
636.6164918429367,37.1173510622438,10.696494005776835,21.170533166039753
637.7364080903587,38.686067447710315,10.696270275581288,21.297474174403593
637.1772371975007,39.071240144316235,10.861010224139248,21.385473812930034
636.0601389925321,41.1333684890066,11.38827456620546,21.141893393080547
637.0070893411171,42.62743108193558,11.482945036027484,20.897336627632747
635.6966974472109,44.86357970063272,12.588706546007886,20.1346417461955
636.3021497288457,47.93151133973202,12.985841838695228,20.070365076883622
636.5390451848464,49.27717148116759,12.815792381772194,20.26755645172732
636.2714199415658,52.550279732133305,13.20645058317702,20.36077476424902
637.1075483148162,55.80808647775816,12.96682628296521,21.284980608936802
636.2380814468066,59.52044282054439,12.928004281679817,21.66693906594248
636.9044366096017,62.93426029375903,12.623492198277013,21.848184734747562
637.4717390650219,67.26809435268156,12.141696430503035,22.35822047432438
636.6910523328467,74.32400312514929,11.635114877763767,22.34886569794361
637.7798152059833,80.13071414957176,11.259980183736548,22.689972457692424
637.803188577544,87.28392648615855,11.014838665224467,22.648470880221964
638.3012932713516,95.23003733359347,10.799902165792806,22.68460917070369
637.877721704652,103.0733745689882,10.530178233762367,22.967203498742347
638.4189581055074,111.98854276503862,10.348111315840635,23.12208134003996
638.0929301954272,120.98287045556518,10.106612448500988,23.373561151857913
638.8392753601074,130.63165154745994,10,23.744608587209015
639.4684524536133,140.61845792040663,10,24.17288182764376
639.0484008789062,150.0810529746065,10,24.020656196783097
639.0921539007091,158.40213481609788,10.023356688327885,24.14556709876125
638.6766624450684,166.9094902779207,10,23.837643284490664
639.7148628234863,174.97896712661543,10,23.3089190792887
639.4454231262207,180.39753324171727,10,22.614128462854538
639.9953804016113,185.6185346631146,10,22.314932626895796
639.5235267782888,190.53573068367712,10.046093721254556,21.475741696610637
639.1099692874521,194.8883162417666,10.055009545212963,21.364488427111315
639.6340326102086,198.50567240499228,10.059998744426526,21.232666115308383
639.2964981982035,201.23122604293172,10.180601320878175,21.229984132398258
640.1535422306365,203.99717775583642,10.35883961099267,20.774672198288094
640.1989436742048,206.42949281675726,10.433503032449792,20.22673061404405
639.732724165042,206.98427440537446,10.518110324701283,19.906107866497152
639.8434673295565,208.35486251229435,10.643589785467185,19.836963055245285
639.9470980153236,210.27910557134828,10.676223280876144,20.002034371219434
639.8075766363465,211.09066337190708,10.791371385510065,19.946072700765917
639.6156227822817,213.22070001680126,10.644563151257035,19.971201437344746
640.104298073974,215.8400326024368,10.565062604493502,20.231307933554124
640.0342901397221,218.62105372026704,10.465351452733469,20.658172558245205
639.712173643073,221.81591116587373,10.612548465807073,20.237818018594325
639.3144149302703,225.53185548008506,10.758781528619416,20.15154096243733
639.4773150736032,230.58369126411634,10.487046946299397,20.296793649745837
639.9176734823288,236.0956074468402,10.261065694033837,20.174786235469984
639.4896602630615,240.71088652351384,10,20.22427263778676
640.3272590637207,246.5531010066011,10,20.669985883526273
639.3795789032738,252.71276765379838,10.095151275483659,20.6722926037802
639.2078094482422,257.57030038817015,10,21.014134788845276
639.0866508483887,264.7442875627935,10,20.814803933250865
638.8773565226436,271.7140323021009,10.02956200964445,20.934655885300156
639.8076992034912,278.8431297587455,10,20.786469211757048
639.1312389373779,286.87989639714135,10,20.449798117582517
639.3489222207796,295.2987824414508,10.04379755673176,20.41801052603399
639.8170828224893,302.36301281998334,10.007065891886583,20.03904622892977
639.1477203369141,311.7040065137053,10,20.04598553826331
638.7786712646484,320.44404644841353,10,20.08925924550689
639.0589542388916,328.9794400434223,10,20.621034006173016
638.2417869567871,336.18766870458285,10,20.86142177662531
638.429178237915,343.8630256263326,10,20.899677354512455
639.0374622344971,349.4011279160475,10,20.28417376385217
638.9116306304932,354.06870834574374,10,20.030555873209803
639.5511837005615,358.641550730642,10,19.453383066303903
638.6477279663086,363.39264838755463,10,19.256989144080165
638.9011917114258,366.42809583685704,10,18.849859199088655
639.4842510223389,368.76392616744874,10,18.72170134552246
639.1242561340332,369.7253941804916,10,18.389238494485557
639.2509441375732,371.8206042085081,10,17.98073219577683
638.4968070983887,373.3703965263345,10,17.538370307926648
638.9822673797607,374.2943607603344,10,17.254162543051862
638.9374027252197,375.02942426554625,10,16.98134693399544
639.2515811920166,375.65112043214486,10,16.908875926481745
638.3581600189209,376.3069012747107,10,16.808762910783656
638.5390090942383,378.1690851537127,10,16.67936967060196
638.698860168457,378.90283342148797,10,16.60403164335224
638.8146476745605,378.9101393069637,10,16.735934764978833
638.8444519042969,380.05826887769246,10,16.42712908421469
638.8459548950195,381.29943530157817,10,15.813479097771374
639.5508041381836,381.73988906182575,10,15.375904249395377
638.7801170349121,383.29512537072407,10,15.219643820319432
639.0760231018066,383.3120633871169,10,14.979797023373635
639.2291295566753,383.8435650641738,10.119652263602621,14.980567778146517
639.8903592545975,384.38019971192745,10.28194170809023,15.009238637668592
639.3650824468326,384.85680480303006,10.254198662242985,14.77606782313914
640.3141532986273,385.97395817320427,10.456444531895897,14.504476231716449
640.5957242223977,386.15175480100964,10.17205024294858,14.548174968293155
640.6963179136052,387.12981136111466,10.255279059264288,14.253969044128107
640.0152559175251,388.21829423234806,10.316156408357955,13.881522954981603
640.6130627232106,389.323081658623,10.51548221959439,13.634094861464925
641.0671961194936,389.5107388392412,10.79059936867894,13.543330213363285
641.7015642992433,390.34328016075006,10.961888338769363,13.436623882601463
641.5361517692951,390.4933687537054,10.870304341048445,13.561053019932942
642.0297253289974,391.44189392050316,11.393407313196594,13.240235596493726
643.1875058027941,391.10658540370054,12.314746695193037,12.722597320040359
642.3174698119961,393.1899156708091,12.388402508576062,12.857816668635717
641.4044774871392,393.05119259199563,12.235558728114317,12.9446309598076
642.2259084798633,393.54139083338845,12.26388509715826,13.118580943086428
642.9981761160599,394.4395387546093,12.304890596249455,13.065533086484496
642.1097149462593,394.9906459000345,11.836348610899528,13.660519570780647
642.8366919007831,394.96198660922573,12.01381865204717,14.005905016411841
642.3714832635856,395.6246261105299,11.5674887950946,14.459129431772187
643.3025586412289,396.52845304098395,11.512680569104806,14.316728256410972
642.2330157743683,397.88845476135936,12.458864691497789,13.523543663316442
642.3429331307914,399.02200424798616,12.513455485243387,13.536821124389064
642.9283367180257,399.99664001697175,12.368214411849102,14.048502345206897
642.864198689977,400.59521461749335,12.072628010671014,14.165420984739836
643.7842345382617,400.30637661739723,12.346627206435642,13.833631195137166
643.7126193275833,401.51527397351356,12.243008567733703,13.865177303217003
644.2531887782418,402.63474976741855,11.95963730557686,13.840028053053535
644.3566716217974,402.8948769204759,11.633881945614123,14.121520115347009
644.885947060812,404.2213261069396,11.378321027301755,13.924867164782878
645.5497618663068,405.0013337130214,11.264661600638417,13.910986901349803
646.5102848243189,405.5066357310872,11.025790367231302,13.957073081282552
646.5621965447141,406.1339230063858,10.849724189624615,13.856886958419718
647.5103095384139,406.9194801756461,10.53727276887526,13.71476965969418
648.3453312323263,408.33096233400335,10.295905986275127,13.428853682823343
648.4806409562532,408.77687325006406,10.264727456390009,13.380041799432453
648.9083156585693,409.43456357978596,10,13.4089528270003
648.0140099753697,411.1087730039282,10.033198310979287,13.5363220951709
648.3622856140137,412.43135305060684,10,13.654757582868324
648.9407119750977,412.88996317014403,10,13.76818080692875
649.7453630062656,414.0855767189231,10.13465545719539,13.491577732808118
649.1310691833496,415.33946262639944,10,13.520148538705058
648.6961669921875,415.4779429840567,10,13.479493060206927
647.882467056196,416.27199636524404,10.018330047764358,13.18810108054713
648.5659150807885,416.5757604051145,10.03965573930197,13.045477785962392
648.1342639923096,417.31757084952864,10,12.558915765542334
648.098482131958,419.21937060784,10,12.40648507216184
648.4278469085693,420.0304205191177,10,12.475844905368097
649.1683673858643,420.6512057017506,10,12.41316858307112
648.307447658551,421.0821212082098,10.065207984899917,12.136256545982741
648.2098710091107,421.613861102861,10.110775559903797,12.12675090829172
648.4327864491802,420.9850490507544,10.050217659500873,12.061212933647447
648.9402607199333,420.47691593870206,10.152246809645028,11.652640137976727
647.4326954605768,418.7208332433002,10.425128793201681,11.389029619356588
648.2535600447058,417.20883840899967,10.393934292912611,11.388258088006534
648.8786607166348,415.0536118253479,10.019701882160028,11.280319073913532
648.3650207519531,411.0513235002664,10,11.480017489213363
648.9373302459717,407.182446482965,10,11.862306588513276
648.6158466339111,402.425489691624,10,12.44061989043356
647.7226795703908,397.6856193499303,10.025996297450728,12.567981728606226
648.5394687652588,393.194685473998,10,12.977484673341952
648.150411605835,386.5246704181623,10,13.364199050149978
648.2557792663574,379.9612268788554,10,13.559792641214873
647.7898406982422,373.59889605175357,10,13.745231578133456
648.4148712158203,366.5870076779679,10,13.79103820241383
648.1715755462646,359.40901528416975,10,14.06879499318393
648.2407684326172,352.76583727145976,10,14.331888994678188
648.4453239440918,344.96193166682247,10,14.469756203708606
647.7414608001709,337.8741846295384,10,14.498140292925235
646.9767475128174,330.14976166697403,10,14.421473522741408
646.9018821716309,323.24010771194895,10,14.573247558279842
647.3809967041016,315.2612044139471,10,14.497908249742496
647.1196918487549,307.961597570896,10,14.441936236381842
647.8946304321289,302.17414223972486,10,14.04556393973978
647.3781795501709,296.82755091501275,10,14.080554908255781
647.8871784210205,291.95045175992294,10,13.911100569509582
647.2979393005371,289.07979192043206,10,14.045173849565572
647.4331588745117,285.39199116217236,10,13.612975073116177
646.5603516659327,282.1466365903933,10.11668527897441,13.340779095824681
645.8606395721436,280.3417963077889,10,13.615277471092044
646.4901866912842,279.49817623561177,10,13.542034827360414
645.6564788818359,278.540927290447,10,13.466412783607971
644.9534091949463,279.0549334637099,10,13.251003433908277
645.688024520874,279.42980745232296,10,13.128857080217363
644.9789409637451,279.375185743493,10,13.285086124098061
645.0733394622803,280.1895781002344,10,13.317872913300626
644.5327911376953,280.6874059422363,10,13.36380505888678
643.2088088989258,281.64299840706957,10,13.200541119210419
642.5973590549313,282.39626537660104,10.189708007080844,12.79204108517681
643.0368595123291,282.83369317887383,10,12.877451593912477
642.1184628486378,283.6145912253359,10.158360862782866,12.744705946545015
641.9506550890837,285.04761444495443,10.10710885869766,12.722234031233715
641.2213690065216,285.122272260058,10.228183312640237,12.358730778956186
640.8031216721469,285.3978789086909,10.152305392278661,12.442367030030304
640.9467583688561,283.83838485701096,10.14627436946565,13.010669250821827
640.4243764292233,282.7395932438067,10.691850779248616,13.229828404964625
639.3473964711056,279.23131802827857,11.067063136890319,13.60790151058154
639.0695695369436,275.2868957935215,11.23310289998975,13.82829657824012
638.1552909352554,271.23946390820595,11.24134378866891,13.816756998041221
637.1596798646941,265.2325318390391,10.729407360455523,13.824769390769454
637.0254094837944,258.9143980560543,10.185394716493299,13.81635693354564
636.3244342803955,252.9313316554958,10,13.5813178596627
636.1021175384521,246.49805376494692,10,13.655805159315154
635.2256200639974,239.77597102276533,10.178291732356774,14.341620271363869
635.5151100158691,232.4761699994641,10,14.964915402683141
634.3903610253011,226.87648209243554,10.34376296526691,15.916889025578154
633.2900100809973,219.05935515240637,10.376469400993868,16.98659441320485
633.5444076284836,212.26445024788887,10.247053578482188,18.543693193187096
632.5298781519999,204.09462809022364,10.30359361055084,19.17948390133986
631.3627793100097,196.77255631174035,10.168026585058596,19.877979264947026
631.222210740189,190.9686454118444,10.048864652434535,20.959346139201834
629.6601600646973,181.9755350546533,10,20.63640089899415
629.5495482622971,176.32832518159364,10.175092470767163,20.266205014010005
628.7765730897498,172.19796921053853,10.386020843205465,19.556381677799866
629.0624170035637,167.99176166255057,10.941495948927207,18.7360659082973
627.1569522395647,164.52143976971522,10.656695649044515,18.120400947630127
626.5361539500045,162.98574451988097,10.297931357803513,18.028160008089603
625.3665515025615,161.3494039798517,10.610467704105632,17.482405419202856
624.0130121142754,160.7374312117549,10.750777834437582,17.459162387281197
624.0397906461703,159.6771213376629,11.078171698382052,16.095170624234747
622.7671875842707,159.8290101683521,11.14953138663445,15.015872638149308
622.8458372184065,161.91315148157577,11.259577546829721,14.301424545393383
621.6130954726239,162.64755784528842,11.588372805973039,13.831524629247408
621.0256583669086,164.5403880015417,11.730299477120266,13.952217313567008
619.76010777667,165.50048363867955,11.894949394169704,13.930482612777624
618.6853429875865,167.39807160830577,12.081508238694198,14.181502657411883
618.0868275609583,168.93311686255987,11.883698851471884,14.453575234841187
617.5169041579427,169.66986051103257,11.625718509065766,14.586777391020824
616.9451855345587,170.9068051566396,10.408586755589628,14.908771278517664
616.4265995025635,172.0355749479265,10,14.235120703512237
615.7005863189697,173.67694150546652,10,14.055659072807194
614.3148307800293,174.69650746948543,10,13.97048374877329
613.8553314208984,176.43454752487273,10,14.783153332822893
613.0881805552914,177.99694723212676,10.282157871350773,15.074129217387103
612.3863919346202,177.78760579136244,10.084611302878692,15.622584285195053
611.4887275695801,179.8060129540915,10,15.713215180684196
610.8225040435791,180.9056382071928,10,16.17357160807537
610.0436916351318,182.54823030154995,10,16.487664915698904
609.3125534057617,183.84790157611064,10,16.741837991577547
608.3854732513428,184.55001290691038,10,16.687041599509335
607.5869080481705,186.51143648346135,10.239063847506806,16.467033344112476
606.9184404610847,187.85145835023525,10.379633665232905,16.672548692595885
606.4599892099341,188.9171248970517,10.45303412285659,16.28277748861145
605.7214852240041,189.8967793227557,10.651840037831477,15.632340860103856
605.8742513175753,190.97737349215143,11.78272447666577,15.130763269603406
603.8914609486508,192.27189991421656,12.383959663977716,15.026436377621588
602.5731454391273,192.73302645949803,13.351420303386002,14.371242613230478
601.5922364844743,194.80430868258907,13.477224418746896,14.17760700005624
600.7396434293514,195.4307205839684,13.675216009949516,14.232503381623742
601.7101810578764,196.22793550875477,14.19587933932523,14.234066574043194
600.5481177082441,197.44080157702092,14.387170650406219,13.806778041026496
601.1168549828458,198.2218639927434,14.554070796027188,13.293241008653817
600.2090708004496,198.95873632027562,14.521895172782447,12.835594376050338
600.8186210546378,200.12742440528896,14.058589189552517,12.388625768279473
600.3922932526839,201.28637425878765,13.288400097415408,12.002027178225472
600.4155436980938,202.057279821262,12.723779394583863,12.05298567607954
601.1716890064893,202.08428370939006,12.27998548189461,12.256504297528439
599.877268997309,203.9095630539158,12.016187255626065,11.946128866533654
600.8174120761613,205.64907567662863,11.924784307150157,11.366681715590426
599.5021353211835,206.73446024322794,11.901346117887073,10.932065231317532
600.3484558777182,207.55509326456854,11.598967608577398,11.134339380286718
599.7404193030509,207.98955365160205,11.427360704200963,11.453326778827144
600.2389182597827,209.3130624596525,11.49326714864743,11.489910542120766
601.4924987632044,209.8836061334894,11.488169893024763,11.601699476185255
602.1399743533766,211.03916894454127,11.449127678744823,11.81237866365182
602.0796276824556,213.16216404855044,12.03770126961037,11.694615689520239
602.3033203220882,213.91358783401878,12.20521467198571,11.873424002372566
603.052536271541,215.4339682499625,12.519454434456947,11.906721703199997
603.3452336902039,217.8383058767017,13.268440700646842,11.936551240981348
603.6324693183462,218.96715411385196,14.159267143336752,11.646162811114422
604.67646108244,221.40222069865558,15.479776657141317,11.161722237942747
603.8387270873028,222.2181186548717,16.05496007099995,11.183166529367929
604.7305502814581,224.60078472386977,15.91775991071664,11.703635325209708
606.8691077434381,226.20030001926364,15.610196073182298,12.083744443894592
606.3999838200178,227.35811448105255,15.34660447300135,13.370990276176167
609.0198529750603,229.2195501682472,14.081868451734968,13.769960332450914
610.688387949138,230.32502276792195,12.783258281411447,14.093171932417835
611.3493493562206,230.70403566856695,11.911778735068536,14.429853620141486
613.6862010847407,233.1339521519969,11.813251517042065,14.691240288291366
614.4346776141952,235.2411347267166,11.802351924930006,14.868758988949597
614.8892955221969,235.04235095567034,11.708007924112042,15.002109154333144
