437.0,639.0,10.0,21.0
435.44905008147026,636.5126803118355,10.13488552431529,20.608428438828835
435.3305057071053,634.016885018714,10.083171172459341,20.484937237962647
434.8392324376262,630.0529010467851,10.077627196280792,20.144144500667966
433.43864822387695,625.4542878459299,10,20.081193290073767
432.46788024902344,620.7191194865989,10,19.80844605487837
431.8386459350586,615.1263033463221,10,19.495428738264014
430.6919364929199,610.7783371045242,10,20.252552780697677
430.30592155456543,604.7713644170514,10,19.9915233326454
429.21025466918945,600.065005797837,10,20.406899415068203
428.8513726283568,594.5876428833315,10.014986219116555,20.966384460387864
428.42401695251465,587.6873717065928,10,21.08657174184374
427.6594840606953,582.3441080340282,10.320878680367173,21.153691433164376
426.7468371368345,576.001650773821,10.585045819104522,21.596075130824858
426.31718452658583,568.5481517015419,11.188201747609584,21.470743716056763
426.1129003238647,561.7551316760351,11.290793285376074,21.660158248271546
425.1294992341114,555.6625393006545,11.202156469521338,21.461653118661502
424.03233490715587,549.5957539896217,10.980194840229323,21.705552415043677
423.09210104668017,543.43405812279,10.664445977928736,22.0866872212169
423.11238669457225,536.706576952643,10.422771471695379,22.677693110094786
422.87426590528827,529.0726264935616,10.29010344332973,22.418891147398284
422.2167116438033,522.7839856979662,10.173845999502765,22.20213205865761
422.98133850097656,516.0388172577748,10,21.663439092848794
423.03131103515625,510.49928269977573,10,20.94772366294854
421.62267684936523,503.4707668578063,10,20.65783151876233
421.31436920166016,496.6959258442007,10,20.725484584791978
419.7619037628174,489.6170100151767,10,21.00877019181459
420.6037789741898,481.95644880966654,10.095035282821527,21.01507708159464
419.16706860768176,475.8494582124172,10.384158835661827,21.005169878876615
419.0019337508235,470.1846508082338,10.49361861285485,21.063563526354596
418.261812014933,463.09951123080396,10.703106316813702,21.115224669739796
417.35926640911805,457.9548608745616,10.910037738404561,21.528133017722563
416.817565162037,450.87674213934645,11.10810240297673,21.490114659295365
417.1408327318982,444.69575816163865,11.107838015207594,20.62373102169335
416.45280957562204,438.03380732020145,11.026700489869153,19.994194899391992
415.76683615748436,432.5751787400523,11.088867205294973,19.939257388059414
415.0468636087699,427.7540167946125,10.548808945790217,20.108848734993767
414.33028543715903,422.9479180406103,10.402230486765948,19.997520242021537
413.6996693816303,417.5121872661451,10.217379528975652,20.433576059750894
413.71253630034244,412.1960935088373,10.10844714418819,20.244447808985566
412.6302872486368,407.93143351787654,10.122642360636519,20.12798532020398
412.10485703429066,403.2359055650988,10.261095867942117,20.257146999685215
412.30182009626463,398.7220666194421,10.877515202978547,19.40410665979747
410.4774721528575,394.67211397392606,11.11646301240023,19.719515643456422
409.64210455524665,389.8806616591033,11.164670131450105,18.8913904574282
408.8743016154473,386.7524779913743,10.806477182923796,18.852072978433085
408.0655647145945,382.0420053732022,10.480564906748548,18.014934871271436
408.00519116832754,379.0230264743472,10.176488238296102,18.369287474889614
407.4856758117676,375.1739826377366,10,18.03921505289602
407.08750915527344,371.56256302373396,10,18.165191487932454
406.7914973188417,368.06196043379896,10.037980856701324,18.352496673905936
406.04877684039604,366.50392664475356,10.130996276483291,18.13678095731907
405.68952998048104,362.6473273307371,10.332453558325055,18.004146760645014
405.1969930805345,359.05865970828745,10.50968510357934,17.63491218132544
405.5713382060101,358.77916597206223,10.761162699307835,17.773981593473216
404.1588264654199,356.0330059376765,11.08747936286138,17.449037105359984
403.31854766897777,354.5290782864476,11.290097350032722,17.528547681255183
403.2805721748096,353.83090016860746,11.679990293935425,17.784130143742093
402.531804576596,352.43056249562204,11.947281807501298,17.985310555630967
401.5622482125963,351.8111302949895,12.263137852151225,17.82299087486478
401.44443067604476,350.80367569901136,12.06821948897489,17.746309185473347
401.59546217545125,351.1168279949982,11.909051235035053,17.44567292846065
400.69823245130414,350.4362143750415,12.062244814188556,17.196243430092764
400.91020282175145,350.6237151075636,11.733080226858391,16.834520926230223
400.6137759995989,350.2349802122075,11.582472262276813,16.719198968895462
400.8041407401575,350.3242551878625,11.321497572419402,16.50742681909924
400.5690040102375,351.05495375645626,11.350334264681287,16.52133714651135
399.82574379787104,351.0748962530706,11.294740431601658,16.776126072960295
400.1395470936882,351.970542525906,11.127014668824758,16.949524689398928
399.2452569711787,352.5602283009755,10.964899876001908,16.86482248130099
399.87377402214673,352.64205762168524,11.074626027972124,16.694343161170544
399.7961345670895,352.6640583930322,10.99906997714917,16.570747960029383
399.64901131135065,352.81817620625816,10.850811605814307,16.41196072835278
399.9650084028416,352.89583035295277,10.7636706332817,16.35119207729763
399.989460746543,353.28637808506056,10.599764267412116,16.607053400191397
399.94811928447444,353.8264858322197,10.385904070211287,17.214608749378915
399.4770149053396,354.57152843187794,10.270903813588358,17.5734157619766
399.8797261033771,355.17399767941805,10.091530459261396,18.420425814259584
400.0109100341797,355.52294091590386,10,18.82950726731341
400.301061630249,355.7202164402635,10,18.78843369662136
401.01614819170715,355.3674501209122,10.5030887484216,18.09574245837089
402.1040990571476,356.0741739340491,10.277077154259455,17.85659979425537
403.0807785286629,356.96167641466843,10.599997660691727,17.298838027596673
403.72658117400624,357.0076882135892,10.608509862680933,16.922848365302116
404.5741812970176,357.7584909109057,10.365328354451124,16.55237318917485
406.14270114103,357.423274723966,10.221235291182175,16.754120412907838
406.6377219404893,358.4978287645408,10.047474057253822,17.124719057832372
407.6335506439209,357.9472107330261,10,17.1758490722779
408.52965776548905,357.7081423191001,10.361121328152763,17.163591307844694
409.85574198805455,358.5941240847192,11.003535249965156,17.106528747065447
412.17535846419423,358.5161203030958,11.399275442217032,16.99876143848609
413.17098597569554,358.4792048696033,11.42513696584528,16.587294148732923
415.2333072281822,359.0529759025147,11.062262801936402,16.719254951562405
416.177538992274,358.78652144310445,11.35987257697552,16.93120287184778
416.7942215838925,359.51437446537835,12.188809029480607,16.885260163481533
418.3543088063309,359.6372283197436,12.856400087533533,17.037989954751133
420.153101445277,359.1596577662598,12.58971690925069,17.227231403515642
422.248576494482,359.8243688088426,11.632966334766447,17.253518394277634
424.1806664297967,359.3691183704769,11.504725490015959,17.147921248548133
426.5573098627872,360.2637389197062,11.792065149913963,16.89314212518723
427.86524720803345,360.13661509092304,11.729718291452604,16.553685559120723
429.68738808977344,360.10748435687816,11.211504643206986,16.241482702259294
432.12605262538966,360.5009744701186,11.353710636671812,16.035908115426857
432.9448735307831,359.97543804093647,11.51833399312127,16.26359001309772
435.0201600815898,360.3061644530111,11.650628323148595,16.464327435530524
436.9902391382092,360.58359135812634,11.4342556103004,16.960708824274704
438.46586209431666,361.25233625430525,11.116379143886201,17.340778846369947
440.52991566317206,361.5893568932,11.338068301341416,17.90549565573876
442.932066779077,360.68077535262364,11.8776533986331,17.80097065705735
444.2069390538732,360.7529242145058,12.35325369767348,17.720237233830222
446.98525257482044,360.4964796416433,12.178508369646188,17.04781220108839
448.10683790234225,360.8976225613194,12.681446723391682,16.72459511783974
450.5689688904596,361.87846279429976,12.802564385828836,16.983327859886828
451.82881212475075,361.7241424885789,12.700770373301182,17.205519801894987
453.19016834333456,361.9489346659468,12.116279676856298,17.621665732803677
455.0532424104339,362.8057150468119,11.493582317804155,17.92344005408128
457.2192510183269,362.40348488350384,11.526391304410744,18.363406056966983
459.83824844537196,362.85503665919293,11.745626064578307,18.39901939401645
460.35864217135384,363.21977879794173,11.382145741520814,18.12295766290562
462.2121282593164,363.826971290087,10.982336804121157,18.09638548379086
462.86139165918905,363.9042740844361,10.580595740459783,18.127208514477445
463.6431391549863,364.3903715388336,10.25875419124812,17.862563654510485
464.7339599174175,364.516067292211,10.396521083133745,17.28512234306827
466.37508769386693,365.14137837217106,10.771244137412568,17.255722106976222
467.2702311476468,365.91010935445536,10.532112320184908,17.294550273022832
468.109999415859,366.8616299687341,10.505217080147194,17.32807062893796
468.3905796607906,367.0720909019961,10.857581217969585,17.416464253136766
469.13932777827125,367.0215380281199,10.998573752539567,17.49343822598677
469.459011085289,367.26144309751874,11.03716276594543,17.422811589386406
470.2130336530537,367.84067580870544,10.827179001265732,17.287650152608613
469.81252184978234,368.41031232383114,10.705434968648246,17.083779038861174
468.9519373865394,368.8250832553477,10.774931531852904,16.85205364311326
467.37051493740626,369.5294043762236,11.257463319767567,16.940561822503973
464.43478950126087,370.4532599710336,11.51205475602319,17.468434281565564
461.96111159931576,371.40330179600073,11.277258765479797,18.32144816581105
460.2681412572614,372.5405301418712,11.583949113895171,18.898008472361035
457.1509191076631,373.8334151262191,11.94551819946871,18.992379952639887
453.45944764422893,374.7492504237566,11.654602483758904,19.47354505092428
451.76631714345996,376.70340245651823,11.806351156195284,19.401086932666676
448.40589342905037,377.50496451638,12.47801950786608,19.198956160111024
446.0414917310219,378.2705177935869,12.293893369010888,19.05542284788481
442.3325373180944,380.0778569023659,12.967226694377542,18.317468873490864
439.4891164919142,381.5427847657496,12.962513323544599,17.850457995356194
436.9400698978067,382.9236235840551,12.720037969279169,17.167721703960012
432.8781031397575,383.9283364309228,13.58381294655915,16.909783742158275
429.9277043267538,386.42089530219255,12.773215308894668,17.795065474716445
426.83686366057276,387.2353569900488,12.97145624208685,18.35406934509769
424.22325273086955,389.9107312771173,12.658581818534397,18.9333515937146
421.07269885435255,390.72675376512643,12.421275570103523,19.352461708028393
418.0726197226633,391.71641867840464,12.564561274888158,19.738312850710262
416.40757627460766,392.3300885010589,12.501383400491703,19.961168517901648
413.69091828107116,394.56773095894283,11.60266813756474,19.88763225936045
414.2760567225713,393.9058090050054,11.124762622972586,19.577530702147442
414.0485507340662,395.6961074709856,10.844194155646878,18.901635003097088
413.9955571380938,395.68159105547727,10.711999279720633,18.736396746467364
415.21838057663047,395.84860961789997,10.434431778867982,18.644241945840655
416.0125922730108,396.2064968817473,10.431915368529213,18.537747050714444
415.9183100050449,396.3266884438726,10.711311661052857,18.225849796825067
416.7919626556042,396.5045332174762,11.027875836252528,18.387807039168724
417.7753240292994,396.00192140641525,11.479655896479375,18.588987845128507
418.0862482411014,396.8766793200779,11.837597206762075,18.26148816160196
419.799494124818,396.76061705066155,12.022570893430363,18.635317259760868
421.243965479766,395.70829157081334,11.699034982850746,18.825631061254132
422.42116092061195,396.6704444979778,10.942063839928485,19.16155622499163
423.21917163489763,396.78162707121515,10.888637321025042,19.01227304873181
425.1162085124949,395.9963069473925,10.886891446689921,19.13602532640645
425.80001238015905,396.11848185993114,11.766968190121405,19.174008875352534
427.57641984431774,395.85360580268156,12.107486696862557,19.47946060533026
428.05274878581815,395.5607870032633,12.28713777382272,19.62138787701842
429.79321934361855,395.01677772436767,12.062277285663294,19.881392061030233
431.20612756065907,396.1232901523534,11.471713231953293,19.98223286668
431.88064661380974,396.1342366181379,11.567033951335606,19.96558895854848
432.34734278921934,396.6981120418454,11.666051268485196,19.70724576494203
433.83797190250095,395.80325736629794,11.988320873953173,19.403346259835736
434.1698865152409,396.1638026235605,12.55856147269206,19.28395557441221
434.68981373066174,396.9775363437156,12.95093513022924,18.91164560480509
435.4595641142714,396.33927773359113,12.919040869357602,18.892119429058013
436.7803388256091,396.86989902806266,12.755503531643201,19.024198068142308
437.2402611720844,396.35091264447055,12.816295435372203,19.106459470580432
438.54242023928174,396.86480441123507,12.935770330762642,18.99268503128957
438.7311027956561,396.59560338575045,13.243532476314746,19.039994400374113
439.7947745879563,397.3531681696476,13.783730395620594,18.81701723736497
440.78410628722304,397.12930996052705,13.952001506364429,18.575173719082663
441.60798273078103,396.50695296533655,14.332561302353989,18.359697890127663
442.3767216395717,396.59605765983696,14.844270191315506,18.397148596341694
442.0352628627298,396.03145939376884,14.603718201542337,18.50121390289199
442.94828212060656,396.4678862181975,14.459648374753641,18.443431359991685
443.20316093257765,396.14697037799465,14.755386966631768,18.500469949577138
443.9719644153662,396.363697107191,14.524351961503976,18.487434276828928
444.44696480490813,395.9638697458194,13.981737962205164,18.580423960509634
444.94597702072684,395.399065578578,13.48308029082174,18.741022895578297
444.8307443752459,395.7318028710949,12.896872302975021,18.912103791501682
445.3431890658636,395.9173277256058,12.613476146837261,19.062408757772793
445.51315159888463,396.52245549884094,12.656241510482642,19.313281446165796
445.76820731698604,396.30882926863364,12.723354805725243,19.347341615320598
445.6571283594878,396.4712731214271,12.728807398456047,19.514176016667307
444.9438838372073,396.2615800905013,12.59907162001896,18.944731512112696
444.3120097412057,396.2963088352325,12.818718096934324,18.74463590009165
444.30083897471957,396.2300107518946,13.578463499535477,18.964779369013527
443.24742532470424,396.1324703795819,14.257838712163753,19.32296893932257
442.922393565739,395.89039727637044,14.304989327262259,19.597131320061806
442.65354095606045,395.1806674718008,14.177106167713042,19.854969835451122
442.6546916031938,395.2325095667365,13.652458376864404,19.989147278880566
443.02099867766634,394.5712352945554,13.338896351942761,19.75008083300834
442.65274993846157,395.30743581265625,12.944313202910859,19.27298771916995
443.15683677542484,395.5666743468519,12.819760744804599,18.96354080214573
442.62408637659286,394.999475264309,12.636081702380647,18.834751558784305
442.82159126574777,395.70561318051455,12.549959405760271,18.780897052056787
442.7013704437271,395.7847966526556,12.6061320983856,18.469045763292318
441.87203250889723,396.7476642665107,12.740222244168395,18.425001514586043
440.83548722980385,396.92033818176196,12.724998745958763,18.09576315063618
441.11450297882624,397.7422328583163,12.9992960443007,17.78669440909986
440.98325576991306,397.8900808911878,13.240424342742187,17.677678183444772
440.85282204900324,398.0424399507852,13.18922666005015,17.546574566203034
440.1800281594484,398.5726895387618,12.354547105175504,17.397700298697124
439.66714152252024,398.4558991341591,11.35225946594586,17.39992353343961
439.5553295458983,397.6715922891899,11.290551693115452,17.05196465257723
439.491885192783,398.12747587168263,11.161634430107775,16.847678871869114
438.95429619160757,398.3190496785929,10.817542870691101,16.38322480052911
439.3869303113218,398.37972346790207,10.479961704016542,16.307359857408702
438.9291162416474,398.9343160988272,10.361291900250052,16.373726963722596
437.62618222330264,398.8707732106994,10.510201166187647,16.6143533893923
437.36056446048656,399.6737985011912,10.614320297776837,16.676149488096108
436.28696313795206,399.838589926797,11.094465905492426,16.775495012128673
435.73566690016503,399.6267868293966,11.776205719933635,16.904675242573965
434.75940821566,400.09702613179155,11.826371709549068,17.36741395345794
433.83098157242335,400.3817696552428,11.954194386891547,17.86853695294209
433.1256918815354,400.898879868906,11.759884852651892,18.77913311497112
432.4561273324946,401.2312627646486,11.95498242607525,19.26410563525355
432.6551354403182,400.53171825328724,12.149510766092078,19.394845964128606
431.3886096757222,400.65325925021904,12.4918503201865,19.34198003471822
430.9646455271614,401.1105244363879,11.54669161169279,20.253163773708547
431.2113766074863,401.2998505507663,10.9922820328302,20.668685739287806
431.10706500852785,401.75884498244,10.559765246616166,21.173884131799706
430.4696235656738,401.4692766142388,10,21.369575128455946
430.8391704559326,402.22908533912295,10,21.6294376591565
430.3071047725508,402.1049311316829,10.250509845767487,21.50579783184905
430.16078907662427,403.27627575071324,10.29307638776703,21.62957740482356
429.71253075516864,402.7719288643108,10.535608960854148,21.41500839076316
430.47995223506445,404.05715915172135,10.784785471277385,21.315289087914753
429.5144260974935,404.4917752175667,10.79531696394851,21.149250620774716
428.8701712004049,403.9359317516965,11.078108526924574,20.55020223147031
428.00663817191725,404.70707531524647,11.09443926285493,20.548450077514858
427.73980873792084,405.46160858344956,11.144203782703228,20.406715999604806
427.6842068188753,404.6790068453391,11.214811612493536,19.92208427074765
426.54131684880275,404.966090409058,11.532837188624951,19.632882658446576
426.92532013922806,405.259016241235,11.411486644151255,19.12487370649493
426.02117838905184,405.60878202757505,11.311135958712688,18.617652467066744
425.9095359702158,406.95684240744424,11.385815449705113,17.97361376909584
425.3180328776265,407.18266281269274,11.206547464961844,17.521290127788372
425.13332052468735,408.125324836941,10.797007174502294,17.153296248969525
424.5638176738276,408.02703680153695,10.66947616357524,16.837737767775696
424.08194160461426,408.3285296089223,10,16.442008470143776
423.8925075531006,407.85272384612574,10,16.292088013314974
423.7641792297363,408.59192489599207,10,16.31236984302561
423.76027488708496,408.3116056859554,10,16.289088737952547
423.69324684143066,409.6442790877784,10,16.438927481181505
423.40171813964844,409.1221226338675,10,16.461782716884194
423.78971925201057,410.546691436811,10.007155123908547,17.309147796544067
422.91492652893066,410.615631226425,10,18.292766325226168
422.4015350341797,410.6729122769534,10,18.982304260790464
422.6081008911133,409.82836231355395,10,18.94306022396635
422.43618965148926,411.1439899022905,10,19.332396782333056
422.7089080810547,411.25577728802546,10,19.626934193480363
421.896747210089,410.6458641559613,10.118881983630558,18.71228093490357
421.3482625449139,411.42013227567315,10.260624415787419,18.18045306950329
421.06941181262687,411.9919951310096,10.770287397695537,17.905173708928025
420.346416132899,413.51479730463177,11.177498544748898,17.809230616566484
419.4754289701948,413.648786767658,11.86111944608502,17.64862015975239
419.39162131176414,415.2109428077733,11.512373526374054,17.689751499931912
419.20583940624425,415.0923236902522,12.069385030284883,17.43755263170266
418.7052950884975,415.0901542668677,11.522431368415097,17.237595366411043
418.20821724334826,415.64683536286185,10.844700614621807,16.904277730086797
417.80360515201556,415.5961873683843,11.011754844894684,16.646725147264657
417.0776401667915,416.6819897823141,10.911186951573226,16.533118976631556
416.46186036974075,416.9248868421043,10.601181604268513,16.359210690791418
416.8347275899214,417.28538019700915,10.493108144131803,16.358415936548155
415.8240669375441,418.00783418047706,10.083330510898108,16.627157719368128
416.4032726287842,418.64999786738025,10,16.9509274219778
415.78062194325776,418.3645402685086,10.043740396931753,17.087257048431994
415.5163341505896,417.76318488778065,10.079163363859802,17.510293279858665
415.566021562469,417.94436060443473,10.195883510804123,18.659416455925466
415.3722884236352,419.06612480200124,10.408514583393641,18.162557830079585
415.163631681392,419.5358099390943,10.48244427881751,18.6049433847509
415.47641712117786,420.3145506783922,10.823353654372845,18.845855155666783
415.2027946210752,420.596783424325,10.859639029333948,18.966288040266065
414.5341527567715,420.29604142370295,10.877373197394455,18.822719703863665
414.43034949938027,421.52371064280686,10.817443548846931,18.58397214700345
413.7981620128301,421.09009139111913,10.9004258522694,18.062122973376987
413.23280933246514,421.40262328450603,11.128718798448578,18.03300263753087
412.91204559856084,422.3373473455825,11.27602171791742,17.859069194333117
412.0073181825628,422.84898898675704,11.521145495225927,17.462174461788678
412.76724510597427,423.0540106096525,11.268564597621777,17.2796397609196
412.424599701422,423.479879930365,11.27169216820101,17.117358059191886
412.28701670315195,423.6606944412051,10.994001719428544,17.029788333165918
412.71687036226916,423.7282589662346,10.495309721018282,16.867910625880377
412.9778439115042,424.52168518938186,10.21108311205026,16.689810620992205
412.4492108279052,425.0368243408394,10.14929639228537,16.49474121089929
412.8832551885306,424.5623964128854,10.204322447645833,16.300610769199864
412.71155727111,424.4545066022863,10.607700582291752,16.345564432146173
412.63599993463777,425.0438540913539,10.824508156847477,16.167903236969885
412.4777693295387,424.01506705995473,10.888856024760411,15.976907811242874
413.67493750539376,423.70912245701317,10.894879780472246,15.895414753942411
413.404141649198,423.8852742687478,11.009095699406828,16.022118851420423
413.76164815982077,422.9854996716848,10.850093878112318,15.91724147083939
413.36614597999085,423.0872647129165,10.29859945847538,16.684559471872035
414.60698865394795,420.8309944490484,10.181011705775957,16.085832909764598
414.0931453704834,419.11645391960826,10,16.622919492326414
414.14519691467285,417.1682133412921,10,16.642329268343598
414.24524307250977,415.91079169308375,10,16.54207170416454
415.49714851379395,415.46931566273196,10,16.336206168432547
415.7119255065918,413.44230434613513,10,16.600071483511005
415.5996437072754,411.862275763393,10,17.987541826485508
415.72438621520996,409.19406851639303,10,17.265194723805735
415.7315731048584,406.7040748175214,10,17.147216881070474
416.50358556183755,405.5063912709388,10.002644092389346,16.98524144493872
417.40703411982946,403.4275257612285,10.09523351815356,17.252988333500063
417.75222585042565,400.54963244834795,10.293472340896756,16.829976283724072
417.9203840191161,399.4308804040196,10.908629239599833,16.585417078923705
418.864961984558,396.44095395078614,10.42739796081554,16.9727483179101
419.1561848369917,394.53017319136484,10.94125810311615,17.697454673178484
419.9976764784945,391.3247547366222,10.897145059368466,17.381584124167688
420.9059499025147,389.83008369520206,11.02732596401363,17.50003463596306
421.33337344980146,386.9093439096756,11.078881457330665,17.75949821580497
421.9896672507419,385.50034674526705,11.153725953838451,18.10239488837216
422.2306669375511,382.5721964951842,11.22779881532747,17.608635879260504
423.185503766794,381.45338441797094,11.202883152447182,17.785461388667517
422.91411556237665,379.9335803094122,10.902535171633417,18.473377406077937
423.77060827401925,378.2216197694658,10.762643162654859,17.982240349984462
423.24736665642826,376.9267753605955,10.577131768930572,17.503043364502336
423.5384196585016,375.63468896704114,10.435726295789744,17.103085292236123
424.6465948874826,376.2369338455876,10.074207533384463,16.828157150133446
426.02312660217285,375.9427509758708,10,16.945125489664687
425.90496029609125,375.80902084829853,10.409397797710108,17.03099471087365
426.9347450241183,376.301608816546,10.409864047222415,17.005119769251756
427.6618169966438,376.1993412070229,10.859193002562005,16.73403090382529
427.1937963701255,377.02227893394394,11.362914614485387,16.63835686599886
428.86946425841853,377.5293926091451,11.418164531258679,16.70079730124111
429.27035609586625,378.6741099093948,10.928423092691308,16.723099761288548
430.1975461830706,379.01481810242774,10.570277812081486,16.904873072488268
431.20149927545907,381.3293560493021,10.11446894786118,17.817766478055994
430.3860836029053,380.9984848916318,10,17.627522862000077
431.4601631164551,383.1830020232718,10,17.27783292855407
432.2413444519043,383.1928284310522,10,17.139501066362445
432.6406211904494,383.4174315913775,10.034988393027016,16.855204108504743
433.3352405823227,384.89489242640354,10.246041815090955,16.64467101877498
433.1906361619099,384.6609170520632,10.125723830965379,16.391853792602134
435.09218978881836,386.04297483126504,10,16.39807057062424
436.53086280822754,386.91953224196914,10,16.594884032907384
437.7457466125488,386.9292521296061,10,16.62266258038745
439.08710289001465,387.4638169072647,10,16.196008153244115
439.7333297729492,387.82676129909106,10,15.922500503624562
440.7444705963135,389.0130518034135,10,15.889446625106633
442.909986408434,388.4633728250592,10.03272264821985,15.971295121366037
444.2990484893018,388.26688845090973,10.056402075351471,15.955755568883632
446.0059861850679,388.4744597829618,10.17269712449313,15.57818004345143
446.62124252319336,388.4033164471859,10,15.880466562415311
447.9545192718506,388.5237450089435,10,15.890265566829843
450.1916119757157,387.9646808312972,10.293575822738536,15.842965760501343
451.1868384971002,388.34234903850614,10.207907936219483,15.473569897841227
452.1345642960136,387.6445563293667,10.121183602797004,15.330588726764656
453.88619232177734,388.80205570479194,10,15.382254862388734
454.8254051208496,389.00716678921714,10,15.531934884700455
455.55838203430176,388.2337178783109,10,15.810884555878179
457.59925011175557,387.8696853359028,10.13026183093218,15.967042597237366
458.9747541374031,388.04984127807717,10.327011500584408,16.641791595457043
460.0570860020727,387.47614882260217,10.029931999760821,16.726851982481193
462.3214797973633,387.28249466331937,10,17.01400923903504
463.24548721313477,386.9644464764094,10,17.282342093567852
464.44198196173886,385.8375001694453,10.073418278670715,17.413596005103464
466.18553957837435,385.4445095957716,10.186385442860654,17.50552350254866
467.0809862098527,385.08395350845683,10.288592918429321,17.329685909111767
468.4801168645245,385.1618939876101,10.660623509720498,17.073356342406804
470.33409642748296,385.13721284650444,10.360253342543894,16.565673641707914
471.35789680480957,384.7177717304598,10,16.30694921486168
473.02149640306834,384.59357597549666,10.356280112564491,16.094437557063344
474.36442793792827,383.7197250163989,10.286120625608316,16.088019602211908
476.0610782223192,384.0626212909112,10.64381569281267,16.019395479701046
477.7418217001237,383.43488290795204,10.491576326315151,16.14110225660572
479.64048089909926,383.67532156872835,10.22786541127411,16.4056015219671
480.81585121154785,383.6552288880282,10,16.478875567449485
482.1463146209717,382.943705561986,10,16.541322701711575
483.9573040008545,382.7167979766814,10,16.75103920899079
485.9585781097412,381.4663636889791,10,16.77552457516682
487.4011878967285,381.76977781301673,10,17.053156776310253
488.04471588134766,380.64655565207704,10,17.386862298140873
489.80970192667274,380.8124877853943,10.062751755785348,17.8424278410767
491.68899113813035,380.0306019281026,10.276913506210022,18.27872000243732
493.1706266421332,379.17545959247803,10.203561779210233,18.606115879741168
494.6737714902635,378.3890151151497,10.046961566592167,18.922260449632297
495.9055118560791,378.11471002308275,10,19.069373746559123
497.1984409884008,377.92470819640386,10.166716656010884,19.351667744155137
499.6518796107016,376.4640444859781,10.577550287874129,19.604267290250792
500.5149080651108,376.58353767143467,10.735034486233559,19.81983261611508
502.0636611073798,376.4269980348577,10.519104939781379,19.773437707140054
503.6556767643334,375.65243162964555,10.504064714741359,20.092391684556564
505.3399370181453,375.1061337480431,10.775223162195713,19.94157542993925
506.861646759391,374.0389075667441,10.829749846696515,20.216610830867197
507.94788288551064,373.3191051493919,10.884999762426022,19.93642806791545
510.14352890066573,372.69972923099397,10.334856108580636,19.84959549309018
511.63388442993164,372.323488122692,10,19.53915046360035
512.6639575958252,372.823843824599,10,19.340303683809807
513.9602527882784,372.77863177425854,10.017356819683528,19.03921777472514
515.8467086223699,372.04181284607154,10.133525199107805,18.97479258178266
517.3039163508166,371.67885173883644,10.199681489040525,19.03983756846975
519.0986251831055,371.9365427045572,10,19.24792823224299
519.8906745910645,371.09033307465114,10,19.500352680043456
520.831207951493,370.47615867041696,10.081995565519993,19.873232738511774
523.3486771725463,370.25777848169287,10.316077203979496,19.918452588616262
524.3577356878478,370.5804207565683,10.622423064001724,20.156674813767683
526.6215539475706,370.4842650418593,10.19772233557154,20.126490210470806
527.0240440368652,369.62189199226776,10,20.30097385848202
528.1485347747803,369.57408128815683,10,20.496917990092633
530.0289516448975,369.42383674903783,10,20.426008142549314
531.586347579956,369.1684587986392,10,20.408867162243084
533.3186931610107,369.9856658471274,10,20.584744355549905
535.0920505523682,369.63459296498024,10,20.628786176973083
535.3447856903076,369.5910943322119,10,20.700021113408162
537.3711528778076,369.6638616437592,10,20.6249668369933
538.9420640020129,369.50518796152664,10.504379838991735,20.520458274944726
540.0753390615695,369.4171579431215,10.845533882476246,20.47200048948949
542.3513166931309,368.6792589223189,10.835799688689342,20.422476570645358
543.253571232635,368.2804232175353,10.707277853333707,19.75400723314228
544.2371077063425,368.83581882083706,10.668881511143198,19.27652062248603
545.3810346794043,368.58951072375976,10.793835029619196,18.677973181386786
546.1223455740111,368.77421378418586,11.295355543872267,18.300281538073556
547.0097579695898,369.86473734484366,11.957305960234335,18.31858286646507
547.966952070695,370.4741681095559,12.21423199752601,18.744973564823788
547.9933792857429,370.206498680895,12.275753635545382,18.312809828151426
548.8229574444644,370.1207933889387,12.017609738756821,18.834234144974175
550.2561424007615,370.6311969246947,11.589876605947556,18.762256724341093
551.174893862323,370.37939023042287,10.89858721431903,18.587380427826133
551.250207422834,370.7149384684717,10.285950663365185,18.14642845246094
552.7686023712158,370.8629654557871,10,17.64885165068165
553.0383472442627,371.6528353680352,10,17.39167118287492
553.157265902278,371.53845257627523,10.123689173227149,17.414511778601906
553.9236456878679,371.49236417988766,10.100939367672423,17.366254306240265
554.7131204783062,371.5093428436313,10.375246012381789,17.229414593499055
555.8429692691685,370.90307900914877,10.616940795159135,17.197263765149724
556.5903697148278,371.0290001228799,10.75251099759036,17.234220823576123
559.5667376397056,371.52829426930725,10.338173890510763,17.185759178670644
560.3555794838852,370.72551583916936,10.48293664380179,17.02651882825303
561.2346786902991,371.46606697142334,11.201033702165322,16.776434630151357
563.9470958046388,372.2448115347889,11.784381999120743,16.78001117724837
565.4219996536323,372.12061321018473,12.194685537706142,16.783862843546583
566.3138255705948,372.54527393725624,12.089038922287111,16.983312293944575
569.0131379002366,372.07110525415015,12.909576250307964,16.703175996826616
569.7788940057727,372.0893592088455,13.309613111501426,16.694828182650816
570.7322317045514,372.4796620880086,13.450091186844528,16.699321453865657
572.9162380218105,372.15466068535653,13.158647155841797,16.568837198622873
574.6802836348278,372.13507142992006,12.792787375119893,16.515890770531012
576.6106153679706,372.31186143958433,12.615038642720986,16.43087306809698
578.3314700409651,371.7765735296496,12.461358013772863,16.59469916262461
579.3263974275986,372.728140101876,12.219439489285131,16.83177903086713
582.2921962323298,373.09353197370496,11.509819113709469,17.20633433750217
582.8610552698798,373.12610775698437,10.662777155553012,17.554612031197255
585.149521777773,373.5474344593856,10.683923821163058,17.838244179373326
586.814263454992,374.93841340089654,11.758348242603876,17.83081861446671
586.8115913180768,375.07662833588176,12.294721263992914,17.733114940785292
588.3785993956229,375.60938227005994,12.239638824720853,17.73109889371797
588.7322141638222,375.7894423733871,11.948436357414266,17.432360980764834
589.9394807377379,376.04531987315494,11.508958904162816,17.476872765897113
591.4281902869628,377.1452966924742,11.246494181933725,17.44381594732701
592.1426795962732,377.4319124159786,11.410269927326574,17.441610348706877
593.1965238108268,377.54668668903327,11.456527421071169,17.246203343124854
594.4169725647362,378.3334873242846,11.248891021650731,17.216452017690592
594.5447962425044,379.1505492217321,11.12422129672958,16.933078192278032
595.3464377972443,379.27977006906536,11.352557449944975,16.734832420463018
595.3291978496547,380.5679967422285,11.625707694245222,17.08150529483987
595.7293049649943,381.5286220176007,12.014233240177498,17.11405876020875
596.6294464190066,382.740068059204,11.950682815062946,16.970513143066526
597.3758786303506,383.16620533062746,11.68549478397654,16.904844435180593
597.5203418848776,384.02438471694836,11.208480811543724,16.710668127138405
597.9579104557649,384.87034714889734,10.91946427523772,16.333760963435825
598.9914750038716,386.31110236481317,10.656046116524337,16.046683362414687
598.4728877015465,387.25799941709926,10.406389819075088,15.748626715117918
598.909308038908,389.5608580925832,10.67251856573887,15.69467099134722
599.3521726376704,390.87401387157945,11.096725891651491,15.58096319312038
598.9132863038641,391.72205219413496,11.744449425963307,15.550623700109035
598.4188557178552,392.6763948277928,12.14962376936774,15.635464891533509
599.4322338752179,393.22919043232866,11.982448448294754,15.722424341641549
598.6763323289517,393.8938267277449,12.020099929498965,15.50496052766444
598.4395855635412,396.394818895687,11.83414674401131,15.813030970832962
597.6885893018418,397.74227851927174,11.72254902693153,16.34588348269672
597.5059381084722,398.90312038372434,11.245676883641638,16.28763893225831
597.8055996969164,399.77603132993016,10.795428261196546,16.36709246098931
598.2907983937625,402.19777683620265,10.524413649486617,17.158405220416924
597.6438743923042,403.7284031087749,10.628236322813647,18.176185573221662
597.2241800409836,405.3785216383802,10.934170130435177,18.658976162936774
596.4565609434424,407.1333823177644,11.350397400224686,19.26425266793795
595.5442333965449,408.70160121331037,11.213600009888752,19.491065609267977
594.7113137240327,409.4808028414894,11.20273494817489,19.467959746708743
593.7638654223642,410.87808431473263,11.335367299802733,19.50378773039803
592.7838497506307,412.70372735234446,11.528098991170284,19.006340766502483
591.7969745127306,414.5337299209291,11.219157511404056,18.422972897399617
591.3323434175583,415.3354428988081,10.864911400967472,17.880200628165078
590.5587361358081,415.86508001992064,10.889172931020472,17.36211748701423
589.0080804381413,417.24481459304366,11.147646039000724,17.548468195504523
587.6225854055192,419.0586506347614,11.73747994579752,17.697216705330636
586.309958209085,421.4427385135724,12.67173626127321,17.832510033402023
583.9085808679702,423.0072310745106,13.345977607321473,17.97893079531469
582.3458825053973,423.8058618890705,13.937228977242572,17.845849158870656
579.9221808920425,426.1338533010122,14.473471162692263,18.077431947780298
578.6072670392114,427.45414767422864,14.239033426460193,18.61246423406231
577.6528232503496,430.051878276201,14.182360091097781,18.68770157748073
576.0507484836562,430.63099419831985,14.046116558078303,18.50134778500092
574.2394595896594,431.9385446805762,13.472187845827607,17.822007318535103
571.6244712034947,432.92694131854853,13.344017950676605,17.87158885948494
569.7130037421962,435.7336276699835,13.417925621076302,18.484458222044722
567.1266731086748,437.44814595762784,13.242068516536976,18.75154286257639
565.0814897650752,439.9487890739357,12.56817205066016,19.245480628984115
562.7274125621034,441.20260589312113,12.428693094787281,19.86990418055458
560.1443273073613,442.4720359582608,12.535518358910275,20.588597150861247
557.4783374650412,444.5444642219279,12.349660519136222,20.435333030753554
554.1024867552151,447.27551003008966,13.183141418769031,20.264035786988593
550.8563750472626,449.1660950505536,13.099566800005846,20.584382469693562
548.2616302825285,450.5322434802397,12.89053490613444,20.564190407684723
545.013977576462,452.41762830170654,13.732634446685218,20.22675511533695
542.6460396721541,454.91014450801714,13.49534283586754,19.88681852791104
537.8079766212687,456.52437753717044,14.188417637589604,19.64703807751454
534.9603096426212,458.9885305712812,14.090412819249885,20.058476577164146
530.4527166536416,461.98341194443606,14.411331524259797,19.17358748808098
528.0862145375156,463.3935080399998,14.978640566082078,18.800958468340284
522.9971386323207,466.1688508816758,15.05588218970433,18.537694965164103
519.2481741404663,468.592019710835,15.878949265454146,18.578434638388572
515.4917152168367,471.189916652037,15.880506944256254,18.548335946414262
511.89946107227456,474.2113921144078,16.181687749249647,18.639105419621938
508.05487553875855,476.89725314661786,16.86539616979738,18.338016289772057
503.8325397837634,478.9220743983934,16.952905204201663,18.00623114706076
499.5492128565787,481.9894832940787,16.656155738258587,17.894744044166792
496.5386918838316,484.35131518808095,16.594559896887628,18.433058405576386
494.89662355112364,485.48889867759954,16.04349911357306,18.302209053492387
491.6834427563073,487.92696915243647,15.408894211506539,18.12353972247076
487.9169345432635,490.5419182737826,15.635659111715247,18.389170654583317
486.2500450269526,493.3739653531693,15.118676730762742,18.504915057821545
483.9022020042822,495.5224329507204,14.551743757548962,18.298762028246724
480.8354634237092,498.0718121796551,14.589380464593372,18.93027395611946
478.9983248385637,499.3773738149828,14.398903911739797,19.339154957925047
475.9896948007912,501.75603627436004,14.004657334452812,19.048367514756432
472.69850795296617,504.3401814620226,14.403757714673162,19.028552786404056
469.27404958732103,507.2989070992945,14.570377693033707,18.909685496235156
466.22243411740783,509.31611979324475,14.42165550786016,18.284714454037857
464.2604019209294,510.7369978241374,15.126370993346287,18.10170320426429
461.31344591333146,513.6428378825242,14.686001087155457,18.31024861239301
458.2577384853593,515.9774775542746,15.437552661849729,18.371277801607096
456.0409609744287,517.8055199939489,15.559549913935587,18.227705129289625
