454.0,521.0,15.0,18.0
451.1763330835082,521.9564415634134,15.348276826147684,17.945286428837242
449.24823198709026,524.8341190047925,15.335841934022636,17.93137899480961
448.2566159768992,526.6093246359727,15.617520609678166,17.59295045949994
447.89809480714797,528.1096523287459,15.496573142051673,17.210176848855802
448.25002461780946,529.1935492190248,15.339702961646745,17.219392650817554
448.28564656857407,530.5549666747845,15.037418105527646,17.138510253946645
447.6952401824459,531.9686394656499,14.855498944190282,16.975578124364425
447.8169620557597,533.5684680800341,14.690943137015768,16.728115109463005
448.71631856553665,534.4047229623229,14.966029250762656,16.620645933264203
447.5997794392126,536.2292927079469,14.818244313713368,16.376955355590596
448.54303978983364,537.5053604504856,14.676039713545627,16.072103806060074
449.27917909495454,538.5693570490045,14.23571300760069,16.189517713514476
450.13360099277065,539.1474896377185,14.24591675835521,16.612682162551113
449.0095275711062,540.1825840021878,14.452147708129345,16.65002212013615
451.3493192614896,541.6855535768138,13.994686519745382,16.52874941375502
452.1414376264222,543.3195790296414,13.484367178796258,16.179323386029623
452.641114478163,543.4548069388941,13.7218413256564,16.199440687641435
453.52587231701057,544.1620754296713,13.749032801281576,16.237078846468066
454.33111622815323,544.4282668612844,13.979407253166146,16.16329507381785
455.47985223698504,545.2182666724167,14.071591302397119,15.897893535049374
456.09307879384414,546.0256006685222,14.769534703571509,15.814551836783684
455.51304877924923,547.8589116674593,14.47977326059337,15.929828337444544
455.9488014071518,548.0455359683643,14.475005370510898,16.08605971610338
455.0146294973435,549.2432011659545,14.419131966006393,15.981981457153623
455.82933308779934,551.6605375167346,14.557608085875964,16.076599527077597
453.95859205969657,552.9177645463241,14.676039452384252,16.091320272586252
452.65916590417953,555.7915533879197,14.467713266103843,16.15026114408249
451.9643335415283,558.8801196600048,14.023714050976693,16.619895262509935
450.9312148512172,560.4316036695466,13.912190353718014,17.619016171649044
448.7526007317026,562.6751578254526,14.187692518528314,18.69938985446575
447.5597265705707,566.1190945592502,14.036995223116415,19.212807280425192
445.03375643404655,569.1464641792071,13.558356882883444,20.394548753402244
443.22859961893903,572.9944367395811,13.965041973059424,20.217547419275302
441.74202079050656,576.9217441915348,14.301862349650982,20.653116536364006
440.5733081199038,579.9226992442342,14.625463227965822,20.612410959773833
437.67716456571236,584.5631927198833,14.799525238692414,21.126254330741126
435.53086257374156,587.7717709821974,14.163464061501271,20.866042081015426
434.4558579774722,591.9137114636046,14.199253588512594,21.460228134802474
433.0561731239842,596.3991406081312,14.48295251912148,21.03315494096402
432.3474104294979,600.8484860304312,14.652888796765822,21.35388548308292
431.261169896767,605.696457075038,14.454276112227676,20.439231540842005
428.3356888894039,610.2197692539446,14.523141264160962,20.651762456466173
426.5727383392434,613.9228352123348,14.661041876200638,20.408724106580483
425.4389764441672,618.4687577169753,14.728332206880358,20.496223274545304
423.14420180452254,623.0019973609122,15.106745621911951,20.2036621385271
422.11832070748216,628.2778487868829,15.0734324375748,19.95305334176151
420.47434711094263,632.8914847234789,14.248151786415512,20.08571341437033
419.26494572450565,637.5370529587486,13.781456512414445,19.71475821824491
418.1014504046713,642.4886266709957,13.891299324934755,20.515674209278156
417.05102186967565,644.9846114895547,14.40441835781671,20.667808576066335
416.13105668818656,648.1973396546614,14.605852321869039,20.52738642554049
415.6299881051224,650.7739032886296,14.735575852743548,20.66971509022109
413.8453301983408,650.4642126239672,14.507436832322337,20.589946334096837
412.6746772023291,649.1092067365066,14.388781886845646,20.67889487659602
411.8132059252654,647.042022168943,14.368659560602097,20.520714878422545
411.19760849754033,641.6994884856173,14.431664413610719,20.793405841265393
410.4595374486173,635.6621886423245,14.57557689719901,21.113569034930958
409.83933544674665,630.1297196249204,14.8107547656864,21.45424483219031
409.67936767742106,623.7425288922245,15.175696102677378,21.81126789914481
408.90028994068956,616.1506452780834,15.558116102507546,21.884401277329232
407.98253301065296,608.4786585599961,16.10948079265896,22.246967547976475
407.7182630618042,600.1439227866539,16.70823400822761,22.50349430095971
407.70407800799694,592.8395652087388,16.70360698449435,22.798389571535957
406.9158602776012,584.8400752543171,16.335172450168667,22.708021641024118
407.18958357250983,577.1983761923921,16.23872225927724,22.91499993455179
407.4799189035926,568.2361521625263,16.233773337834315,22.79129888539665
406.58238850398214,560.8905076101742,15.73028829965294,22.924223121936887
407.3254082196112,552.5556773624517,15.699967862535452,22.941547496776423
406.59478234925876,543.8913692075324,15.331362730681725,23.097163470921412
407.3864680934412,536.703671027563,15.455106415656658,22.99516191215905
407.8024895516216,528.5130555109947,15.333886558377895,23.16994152928005
408.5177209869437,520.3841281136054,15.513874432362583,23.12005706624643
407.48612711887074,512.812637084137,15.572881260305405,23.219467653014974
407.6527288385422,503.870341322025,15.867363367837426,23.22221942504174
407.2389817173824,496.3606640390437,16.313487065723464,23.3209807292857
407.92806758804295,486.89186027145735,16.35293312225398,23.426305244438797
407.40858382892304,480.31026915824367,16.493928533560215,23.578195966959917
407.17403315614246,471.8443962838804,16.56601907589872,23.893448490588792
408.6788590033123,463.70141340739127,16.51540516232067,23.921426267492812
407.96398220809954,455.0479888795471,16.46963385040249,23.55924990203855
407.70755422769764,447.60730591504154,16.382071720385927,23.06760710302241
407.4130968154879,439.3785016430087,16.168763339239046,23.07677509533031
407.97296374383535,431.5255759369083,15.647700442016758,23.296264050255637
407.8352832025457,422.28617842972807,15.252002869810841,23.397133191813445
407.7573410594201,415.2696097026676,14.990360910944862,23.30882212908867
407.69696035100924,406.45981960100045,15.063896375618228,23.308662799952245
407.93533057149114,398.8455750389889,14.945630666099802,22.766598335108124
406.5746356695956,390.0941855084039,15.186162620769746,22.41114299076058
406.92748715547566,383.4160671158013,15.273825127525189,22.427185073817277
407.21349560948886,376.14575916379636,15.60874486500665,22.137627485395534
406.42513143144,368.9097417832581,16.004771011631707,21.702958297497545
406.80448677235336,362.9000338394315,16.30371566427771,21.641525491303053
406.8775383535197,357.4116260140274,16.411823927726285,20.602296525412093
405.7429497716267,351.26363009139163,16.53656902364111,19.796725870683495
406.315191495623,346.90229794409066,16.727130436488313,19.930240690187798
405.57802480427813,341.45632901742084,17.097681165369465,19.31144398542194
405.3797114156541,335.38682913427647,17.068084187734716,18.66059160937676
404.94241726219605,331.29466457882785,17.65757727980713,18.502231206113848
404.1849888579408,326.11356684626185,18.011430975524593,18.15956979868729
404.01605436624476,321.58284854209325,18.30702548381907,17.805025114299845
402.96410770370983,319.09777043272004,18.437888718556863,17.802906552772804
402.9007438297594,314.3138313773526,18.41940620034455,17.971218013117145
402.4113145441732,311.1916448467212,18.53245819192705,17.315749765786073
401.94735988505903,309.6231234859505,18.27175361855378,16.993686042015092
401.3459219759846,307.9806536627017,17.482556377620618,16.793358049352516
400.961871287509,306.55581950767566,16.81663675847816,16.715948112334168
400.4319051400743,305.1259997933452,15.964894553835759,16.418277055155297
401.4066101194799,304.49254281292684,15.80376126738785,16.62015805700767
400.479593366622,303.30019034160455,15.696616947175903,16.51825258705453
400.7203454867796,302.90492542249837,15.48722269221231,16.596235123020797
401.3873757687248,303.33977006097206,15.059198505275075,16.520720040409394
401.5098950085435,303.1706758595712,14.801224387209876,16.47257497763496
400.5456779638605,302.9785776279952,14.305944792493861,16.512231798452977
401.0126342786363,301.9499796627967,13.694751736916878,16.761505365568716
400.3762667339564,302.08734273308784,13.474856821393768,16.9340067030138
401.12886711969156,300.99528563377476,13.815572797970418,17.36173509841723
400.3374823434659,300.68126888858063,13.780632236896333,17.90337332513362
400.4909903693413,300.38396225322754,13.909613194422846,17.999031822890615
400.3060080268332,299.5408127772041,13.857077269087515,18.07843914285738
399.1551704257222,299.3090081554637,14.205657988887651,18.012453964951558
400.38370638511486,298.70385951876153,14.129521739047657,17.76765785456679
399.68593900560575,298.5757066840236,13.779420511737728,17.537124229609034
399.8286457677157,298.0756519213389,13.99428927511546,17.137392446384723
399.454529596921,296.8784429877361,13.942175242193066,16.482017070182135
400.1182662715958,297.1665329027634,14.142106677999724,16.146788778213445
398.95026731167087,297.21162273968145,14.294995314402355,16.20117850135001
399.55975344995454,296.6578655835522,14.55492776195618,16.363738895151407
399.7758984511081,296.61138710839214,14.67807675501031,16.518284132825087
398.4909226272442,296.0967872950158,14.820862417630813,16.642565088923433
398.77451117987283,296.1783438050467,14.906582193476986,17.054063732680007
398.8074466288042,295.93434481803695,15.175679862508774,17.104523559726857
397.7486122103902,295.9647648611506,15.23077622008871,17.410504762562013
397.9527612527666,295.3852387034858,15.372282822835894,17.5269545388292
397.54056606608475,294.564919718443,15.516581338289438,17.661885721805454
396.5469339758271,294.77591586017184,15.895172423101714,17.773661138543062
397.0078547013627,294.14103139744043,15.623439309432804,18.05598804740429
395.92015935728995,292.05557576645884,15.85231205324234,18.64931599637916
395.6291515229376,290.00544663284205,15.679353356712664,19.058648665468233
396.71632995024345,287.0417214765999,15.789199077784634,19.220336648851035
395.61842728296523,282.9052350938035,15.745235430407414,20.096348202285487
395.88565682908484,277.34230740854713,15.520682344027563,20.79298146586475
396.0647446603392,271.85507647021376,14.996773344116434,21.254103346193613
395.9344027098337,265.595746252618,14.293437469736924,21.896180682019846
397.372642332544,256.51285378285803,13.369724642773296,22.790321029254628
397.383837649294,250.8538522826288,13.132688623531175,22.70843694475219
397.37329441005613,244.9230091524679,12.635662919389684,23.183587560542694
397.4428587021114,238.38890316239767,12.18726156916591,23.2716512252535
396.8469746020679,230.66326348477992,12.010705489467693,23.21559873234447
395.3867379172507,223.70473212935022,12.536922267305322,23.445691686123773
395.9780040848982,215.2430083434568,12.679402139041475,23.651045385840305
395.54764189843866,207.90931611182287,12.7225453352028,24.058885476549534
394.3115452891174,200.84807748041638,13.59608285316163,24.00180112437231
393.82010294634586,193.3890822710483,13.75783106409542,23.76848157606745
393.2305041529293,185.17887679614964,13.851640467334683,23.940654916001513
393.94649526416214,177.7855356639651,13.616633952876935,24.067703543895977
393.6838472104716,171.15055198603392,13.803825812211084,24.427335358986834
393.51083698437134,164.72186526123272,13.64423865943115,24.74489099853063
394.51998068511614,157.8286808474212,13.52746340393763,24.143587401837284
393.14625893568245,150.1634037523901,13.226521282687775,23.922196859233477
392.561622372814,143.41927361586337,13.270618932350533,23.72754621309747
392.22049505626796,136.26131301846655,13.52762637305978,23.529765015313
393.13418606915934,129.05622729033584,13.666263024034832,23.287859750383014
391.6357142870969,123.67075371705968,13.78490306032768,23.23126936031424
391.3802130378251,117.73115817098092,13.951606242465022,23.162771396075264
391.41360196076954,112.22143529609417,14.23326284481831,22.98198750107337
390.40834333404433,106.13703321757171,14.018300972292186,22.42707110758117
390.88377022104197,102.00346200732938,14.13970519390239,22.224723476796335
390.3521300226581,96.65823348286676,13.653379267427859,22.336143813075076
390.2544741259048,94.15607434031908,13.893918111715887,21.667740235377465
389.9878310638407,90.53355970351973,13.793666943363508,21.310955238956634
389.890271152327,87.89505204904356,13.663972923617562,20.75635891460821
389.86701244353503,86.25513851472677,13.81784355165065,20.12973761898396
389.05074643202437,84.59332328315476,14.07039358004309,19.660086526952192
388.9800983092,83.09259889104764,14.568653937019885,19.354238558236737
388.361733713506,82.4115656047687,15.053964061025166,19.411266678646186
388.6583131543438,81.50128616991346,15.14769482778709,19.314009386247296
388.24438262038973,81.34435070080956,15.232513903507614,19.272487868400425
388.783894611943,80.84339901946053,15.270662161612009,19.1672974200633
388.7484678559412,80.73646085776879,15.281106127717193,19.029458655556173
389.28265748171435,80.57233799443243,15.33597211542876,18.677505712795302
389.06978165206164,80.20110844913104,15.311749714675567,18.503041280448862
389.40827709949195,80.14017567097751,15.3413323061431,18.244207679041057
388.9517582710158,80.0589093533403,15.310560453818006,18.009386188338937
387.95921094266464,80.16835809958516,15.277001240891392,17.922301745165626
389.07945364964576,80.28143041094336,15.242837543237755,17.828557635144534
387.8782600690825,80.41045143364013,15.28847421608306,17.889599757231466
388.81279382992176,80.57705831000206,15.223964494697483,17.767865191519306
388.0547534731834,80.36124297693051,14.966699260908628,17.65828949779912
389.3213993467699,80.0216328795552,14.657704083559743,17.492340625166932
388.66962715716664,80.22115595081128,14.29504210290299,17.27849803490087
389.61649789286764,80.71951421189783,14.120409213044017,17.296468097200425
388.5385481877278,81.08156838695005,14.131472197542369,17.198294347926065
388.4597434513971,80.46631109553906,14.257824040809252,17.00422168099221
388.03774408833334,80.68969992738917,14.533902082122392,17.033964555622035
388.624493995621,80.8864254644615,14.57694737252757,16.94553667483676
388.11670360289963,80.85800383317614,14.68210487916172,17.128043694731705
386.79764295264073,80.83274812256815,14.902497755607202,17.42255078245161
387.4996806331764,80.7481152138152,14.747773896000659,17.39773243247703
386.4302203435402,81.19189634703602,14.734835191825859,17.723327819843973
384.9376656740379,81.46924054393328,15.172134930000455,17.97110677224086
385.28446003873967,82.28251200002443,15.305374203526561,18.256696123242154
384.6938989199153,82.10994247642395,15.695160381605,18.167463222200908
384.6524252227931,81.89737685819816,15.866799487275138,17.82381851871112
383.4948870320739,82.53205328637071,15.91879908648697,17.571074854260523
384.11615603493755,83.09741172258002,16.096869601267535,17.563572703521608
382.6631359182041,83.44624564409828,16.11793058668749,17.501906447399136
381.7017135013024,83.6474370420417,16.55374539119405,17.952825653465425
380.8271683474875,84.21248496139322,16.810716863374672,17.902594316715536
378.96918304618987,84.35900202859536,17.472221218411306,17.65858667156905
377.2667467620465,85.52148347598798,18.085422033768257,17.484060178150994
375.89117010261003,85.62751802093827,18.344296299906844,17.46878369078948
374.80663688256726,86.24639958178003,18.200305794191696,17.385004638930198
373.0903251225951,87.27485907794139,18.435503471850794,17.419325575806667
371.95976268636406,88.38702319431549,18.727115404859813,17.18227151298036
370.5290678673841,89.03066972255853,18.677776588229875,17.33629315375989
368.58929802091654,89.09452226395697,19.064968563879752,17.42495769986924
367.68098315323755,89.791754221857,18.908751314374527,17.571661996959815
366.76388849235235,90.0130087050859,18.477552147375356,17.95190693675204
365.39830187539764,91.21072791291706,18.809761453062166,18.091388259859237
364.069465408438,91.47402463918876,19.215443115008686,17.929640083194762
362.39663782931314,93.60187193329328,19.628671820621825,17.791338988638046
361.3770876471185,94.75736978300176,19.981492888136053,17.455479092443735
360.0305763552693,95.53579126538808,19.534523711580484,17.210548664292197
358.3264029336513,94.87477756749475,19.050071177375152,16.930578684590575
357.4909754777225,95.79646884651255,18.871110720580432,16.844474568937784
356.2002198572426,96.5955033449462,18.572044874137827,16.982115716113483
354.48231032426463,97.31759454436312,17.73969835171487,17.378028837299162
353.2787027800672,98.4490373413908,17.287958056809003,17.858391229083637
352.4812737758493,99.74999408770614,16.799640406065155,18.319084547976374
351.63577178919127,100.11181486892673,16.695669098619376,18.44796678924614
350.8588453478161,101.1823344690955,16.50785328019783,18.583859351603927
350.3576690535922,102.31235793675783,17.067510250969917,18.832242897236277
348.29302531353136,103.18640668662476,17.13777673499788,18.926262707072745
346.34759506821996,103.47306350260962,17.484333331577638,19.462903909087395
344.4939752357556,104.77359413811632,17.09662518156498,20.005305772839627
343.749582132195,105.87374990443466,17.020073253920657,20.234056129851382
344.4058089273512,106.42200907578297,16.505440708529996,20.58549005766258
342.8846392255284,107.49926501784671,16.45898921862086,20.608842248242127
342.9994457679407,109.68613669499989,16.383596714851016,20.490408952529528
342.1722838048795,111.42144816139333,16.63638560679371,20.295657296598097
341.44916026617454,112.44166151154191,16.337347650023997,20.516956975695475
341.20852076068496,113.2940974793805,16.33677699059293,20.7607926205847
340.1286042381379,113.66898350045307,16.039296498089456,20.807582773263775
339.0976853983692,115.30504665704905,15.824187156142425,20.436243813587456
337.9503782735344,116.41612056591904,16.097164442921404,19.877677843992004
337.7375721684687,118.1100651319985,16.18943314719342,19.26562947111043
337.1314452008075,119.36152550475158,15.94397681640261,18.952695908221443
335.5657153691073,121.20849813932509,16.09847725128741,18.522453031652546
335.5542060510799,122.17379708172095,16.110227271619515,18.06421385047412
334.03331904588896,123.54245932735067,16.21858300807559,18.12117036507405
333.2792887063937,125.87802067242873,16.60788453179274,17.757481756949165
331.96793487465294,127.20203705214288,17.003701631309355,17.497891990684927
331.4607378626737,129.381007208957,17.146666211908546,16.906194658013774
330.10064522954286,130.75318684794397,17.320365577291177,16.995949454746853
328.72664684803885,133.01925169570177,17.526263341275857,16.882025020461704
327.3058099151276,134.75094468741892,17.702104687567065,16.78159985245708
327.1056297504611,136.08494832065423,17.598009450493755,16.633474788134915
325.83935004376093,138.1087805172996,17.492019059206648,16.07715866144572
324.27311984829976,139.69615263560786,18.07558266057827,16.269693477563603
323.9222054810739,141.80765140298922,18.556960040049447,15.881496663015671
322.20958472029275,143.60588714147042,19.057908043545346,16.05244309376814
321.7145927333186,144.3392197755489,19.147776050696738,15.861061639087746
321.1333356099763,146.49314950467175,19.188563307635256,15.651148347834212
320.6817228236173,148.48423366628109,19.150657288556395,15.574619673053066
319.49175060351354,150.26051490878245,19.122940290775688,15.950417173401892
320.1848381227125,151.61369206374874,19.32126079681137,16.095907651066963
318.79658043593696,152.73430719116908,19.290807481397607,15.810571866441126
319.7803203249641,154.64576183524926,19.281739873753367,15.746695781405757
319.14022540916187,156.47532903143113,19.065652849889165,15.791838427616232
319.6711343830948,158.9478834537151,19.015431581710768,15.811634368204572
318.26851635089076,159.91082187309334,18.945644757935234,15.781112754057446
319.5792704245247,162.05972833343213,19.297090407054206,15.544922453008759
319.2852013361795,163.36302588565928,19.29588837378356,15.195872819745894
318.89395113161953,164.82848819908884,19.11814555780586,15.355272594742242
320.1008003727118,166.40195824537255,19.456987664000323,15.276028119850608
320.4742849261537,167.72404768421356,19.59585992674534,15.185186339336546
319.15292705516765,169.39292513882037,19.540142746354107,15.119320163033084
321.3436562347958,171.30632673800557,20.251694335828297,15.059454220522067
321.21306656261424,172.29873746249572,20.422076255875066,15.099405415584728
321.76435957217046,174.82300502581555,20.837816042426624,14.845776905156026
320.74822537672503,175.55658597935712,20.936757712126123,15.069952583522081
321.9453224265153,176.0033111855103,20.913657362545607,15.365093174633676
323.88164531481334,177.5113002696293,20.601367726086195,14.939881913134027
323.0338231931638,179.35875158931475,20.691665289697813,14.830161463704489
324.9094221535997,180.80071362916462,20.578345786794785,14.699502764864107
325.31818497376173,182.738249177216,20.469796892076154,14.832244168761362
326.5763349951966,183.5603490324322,20.13336745467523,14.822344690262529
328.09879896345376,184.64038952049881,20.019416385836628,15.065324627215256
328.8750905683408,185.7257887992821,20.207098068640704,15.059938972480712
329.08029420865927,186.40081745797184,20.434668388101358,15.092205873851238
330.67913308003966,188.1253055695836,20.568838789871847,14.888819860588661
330.1295769081458,188.16480310440235,21.12589791100331,14.905039634701149
332.70302277457745,189.6049287901346,20.70108259415567,14.679932001029593
335.3089725085272,190.8756224382112,20.236619649693658,14.275057461224073
336.67569244425516,191.7717611726834,20.242590178628316,14.854064477142998
336.62870744718015,191.71121440807985,20.708775443774503,14.760039598146944
338.82985512716346,192.68018289058887,20.693580303534418,14.910466280589821
340.3112878478785,192.88715179041117,20.02623182987781,14.93737778514449
342.0230103731377,192.7374586905562,19.606082677796906,15.097435981924697
344.51034402368265,193.92134765217767,19.796988496824156,14.813665321865383
344.6123234190974,194.50941038562289,19.91975089740089,14.514164916010092
346.1286146969903,195.45575855053838,19.729339056947026,13.975312275143963
348.0326199802267,196.3267387213842,19.781107848384508,13.834601628276529
349.79447440103405,197.07723272101455,19.188642903254124,14.082392925890794
351.83503495653656,198.12197352365553,18.919846316174873,14.195868473929195
353.00563743618125,198.89627537887745,19.218953551709816,13.91237096465724
354.1213114206912,198.89280421382838,19.008319388842203,13.93585382209911
355.52800959709685,200.22719680369073,18.993743531636344,14.38685776590955
356.8149954734494,201.0047144070186,18.914888966431228,14.516026660816294
358.8162512622276,200.74493044207014,18.59383490840618,14.581233628799172
359.9569809959249,201.40757521495195,18.79240931552333,14.529557059109788
361.321633220013,201.8635903328922,19.079866647132278,14.331493192858185
362.2073703697213,202.5314681035806,19.406338514707876,14.165247539176658
363.9251924400701,203.71878367795432,19.709334205553155,13.88522088261676
365.4031501735917,203.64383754283952,19.329819495345895,13.970713433608086
366.5775686532587,203.33237951021002,18.86294054382439,14.435510297206939
368.11647151387484,204.54703057123768,18.961091548666385,14.311826461284397
368.9953063594991,205.5702574821272,19.192618634761537,14.023215657083497
370.2816438198158,206.4399516820152,19.325578784928844,13.725828600080945
372.0098257046506,207.81010684627918,19.245618823853086,13.743696982490459
373.9605929102528,207.82137439446572,18.846411377980814,13.785088582894712
375.6020177011677,208.18991055331037,18.695588468514213,14.135159209541396
377.17455976848936,207.79523892856182,19.06815875281622,14.553416338432985
377.9360976382611,208.06409517421838,19.238137212491438,14.731341054151152
379.30421576233397,209.24076628783905,19.204591088857445,14.690254686284762
381.34466355908444,209.57303924601393,18.975280883540133,14.677846526282693
382.867982802437,210.39421172549734,18.62220776548731,14.68795975823381
383.5506147327545,210.20239485446413,18.594285213446,14.516249872370553
385.1942839288181,211.3851100656121,18.715607709990742,14.277825980836305
386.91281504584623,211.47603454808052,18.97186670396188,14.178992457794035
388.0233627041715,211.6244500491887,19.129349573346474,13.8259938530386
389.5335696051019,212.77387960952115,18.857486186524753,13.619404629834671
390.79394055677335,212.84230596639597,18.475515340310753,13.773010595284235
391.8010875756496,213.16933797212036,18.628404224921503,14.127674611179202
392.828667008087,213.61583952596135,18.656359984070185,14.329382807208159
393.624598246925,214.8832566841611,19.070044076218366,14.373939970300857
395.1319238180471,214.81673739142101,19.50804491151326,14.178365274530998
397.2073017054137,215.7314707882604,19.118069471252593,14.099150250871794
398.39265510319956,215.09916417818704,18.47652679921611,14.308030743967745
399.71878434569754,215.71651012948803,17.993808719493604,14.391202305721219
400.43557906937656,215.46072104071254,17.943764194010498,14.53206057360423
401.97559749776855,216.18761269963437,17.98788810382815,14.85839810536995
403.38664700269635,216.61494249009883,18.37282034397252,14.676925780300387
403.3173092590724,216.5756454130546,18.42693925163062,14.613094397279468
404.4408454735045,217.15815250879473,18.546352418469517,14.589689397693759
405.29037623696485,218.11270627337225,18.335656064888703,14.562227071175398
406.61470893506157,217.75106574586388,18.023279120843654,14.534188240938226
407.60522768156585,217.8317002766556,17.83239513125304,14.412088490878249
408.2616846375359,218.67591263966773,17.97602418806296,14.197388130088395
409.13464419066634,219.11989411430994,18.20340220094269,14.023094004046104
409.3211281019854,219.703558486187,18.514249380746044,13.976363099647484
409.1145425289212,219.38022506648124,18.863325983417273,13.863966218355845
410.25728099899084,219.7319763314227,19.7300096878093,14.024088261226906
410.0099365425085,220.17277235016653,19.88599925995372,14.246149177840751
411.5762121081601,221.35678087990294,19.621764779041076,14.175205482625778
412.5097651930696,221.3133463738184,19.377537637542442,14.194485688642487
412.9882678622356,221.6630212326844,19.035667492081572,14.162913986047236
414.0774151094462,221.65885484491392,18.661236523051027,14.25349926402959
415.17945098752875,222.9295645243654,18.369770052530402,13.858640574071952
416.1055455997241,222.83780460339625,18.48863490528813,13.76291694677193
416.03167080505665,222.9212381384723,18.452043063959017,14.158839793612076
415.37771835264846,222.63989117355248,18.5520317090097,14.177077241518067
416.47449389617054,223.83285255572193,18.700163056047604,14.29443511682764
416.9747565994262,224.1289075351922,18.710074661254993,14.507043175465196
417.51928102133195,224.24604806076186,18.923714416076375,14.807147805478214
418.28174089660297,223.98495634761062,18.990652575690568,14.820175958343235
418.61297641803384,223.7959797504126,18.603549269645235,14.733308290922807
419.0376665247951,224.2708278216882,17.957202503388284,14.816128627863835
419.3569330231901,223.77677644399603,17.349835583258454,15.029824950142716
420.6879146224983,224.18086844441248,17.042158578489737,15.099555378020746
419.8045924077302,223.80237123880465,16.824130461639275,15.471005965994209
421.1306653713181,223.87520766210892,16.29985318680717,15.424721241944296
421.1655961334816,224.5560881468487,15.943877923466543,15.397638922367024
422.26611204313303,224.6082644040483,15.612665745276955,15.505620087167086
421.78652154703155,225.0006900529517,15.44912411174747,15.52538762480944
422.00970324183055,224.6216559327385,15.410696818340803,15.686539666505462
422.1816172260397,224.9244392121268,15.363987990547598,15.572424371156556
422.4135913961164,224.49692372107583,15.18158338208368,15.707972931383509
421.8110205690239,224.12122738950336,14.676119414930707,15.784618127487402
422.83971185975673,224.2119630120537,14.543217271697447,15.978799195619157
421.3771050629626,224.0453969960294,14.975400317190065,16.009482954962685
422.0823516709941,223.90968445746643,15.328727749320377,15.895623608260522
421.79879265891094,224.3780839488992,15.603620889453493,15.715485086820753
420.93460305208333,224.73662056860886,15.538150158040313,15.602995587635805
420.29432671266454,224.0530629877007,15.727539201623994,15.74781308099504
421.4723285072943,224.15059490421524,15.507499052305894,15.590255351481623
420.2817965747656,224.3261458558779,15.489564656865195,15.46330124478714
420.555120326175,224.15008928828766,14.999126718255544,15.090553234948104
420.57033586804033,224.34502248606714,14.61904811255215,14.923072245883294
419.8967197754704,224.8335952131909,14.82902367537763,14.632530337778338
419.6536684189224,224.9707116860861,14.847742050094617,14.808630033589534
418.2137789560899,224.51745359368505,14.832829508474402,15.199685250374053
418.84819593072683,225.19493184580196,14.642158706173273,15.09704426738047
418.42863483565907,225.82422080745408,14.550273511054932,14.992767033773475
418.468080007953,225.87061640580922,14.540040087853765,14.977181495022199
417.1372482160497,226.08478357178083,14.928449277129078,14.976261103508666
416.97377880487625,226.9906335750178,15.278169471546308,14.980200592884351
415.8416710128269,227.70959525882057,15.220085098369587,15.200240024351046
416.5886438808869,228.6729370542568,15.417415912542612,15.275341711798905
415.4712368685261,228.30820513027612,15.641106280037675,15.503626818305193
415.6237394204969,229.72555424001425,15.777782084299176,15.643850779004705
414.70233766440475,230.04070776180825,15.634234583299914,15.647088657291718
412.9488473358683,231.21099007596365,15.919939910782942,15.9295022394301
413.9724312275294,231.82416657572372,16.017379671406097,16.257584969890452
412.27046425217077,232.52763205464123,16.482272484427973,16.525359517426537
411.17744595723696,233.2440645725848,16.861935478104243,16.82490109775036
409.7090268017611,235.1889409726536,17.47119810546214,16.941564618413537
410.38077194257954,235.63451866499244,17.5761865225558,16.994020378755327
409.06132336638785,237.45151959328894,18.038470820935203,17.10116079511156
408.42670208910124,238.44367812480567,18.475216732442043,17.207480939109335
408.5826382075224,238.74515437687273,18.38456641942791,17.190397270424462
407.2146158667623,240.5746401240443,18.151845842159016,17.331764521198544
407.6128415221849,241.9565407679916,18.17211358648961,17.75037442715153
406.06014459906703,243.67382712087547,18.027461656358142,17.75877962665727
405.4710410061687,245.79583490543308,18.218081867057066,17.573800312424847
405.59759534366054,247.01481316168957,18.261955003596853,17.15341429551731
404.6173560517269,248.2141131369097,18.461103936585225,16.809425551131795
403.224416424672,250.32505540616248,18.777348180929447,16.877976803641833
403.8744840133224,253.46415060847423,19.147226431363038,16.76813661874493
403.0358110619015,255.53758168925162,19.08119464865799,16.820600018713577
401.6089440811564,256.7079248446934,19.59615297538258,16.824426647283055
400.3768024897485,258.40373246225704,20.09444036962403,17.02966657573008
401.0303935913897,260.7607964688178,20.123767870931538,16.885225452257068
400.284983055657,263.58498606306665,20.045924391615753,16.8052514151265
399.12385118354337,266.380556070692,19.888642542581263,16.845581126438226
398.5976367081829,267.4771157824639,19.6558389493568,17.178485567640525
399.1344026360239,270.50618047056656,19.46980404191709,16.982210744657888
397.81778703855014,272.442832597952,19.19893672612238,17.239346248187704
398.824132147718,275.65070569175947,19.03123246970079,17.40077901565096
397.7035554681972,279.12557482027546,19.111314051398637,17.18877269221277
396.661931612701,280.3202718117087,19.360844416199576,17.22450383141659
394.90951800644496,284.35782922348847,20.017412656543627,17.334974029829702
393.68587901109237,286.89651635037654,20.031691990022342,17.071694319510613
394.37563458054484,289.6324022553719,20.305401981488497,17.201858849851913
393.0105443133482,293.3116429221345,20.95125481812788,16.980691359100142
392.22459109326417,295.83141849346566,21.080808963373997,17.162110370246452
391.39695883853125,299.0160468950942,21.141346910339806,17.397109243258953
392.5354084355907,303.0674748186091,21.162795189365553,17.353045510486826
390.73948705290906,305.13642940497726,21.202384231584272,17.08956413316067
391.37768680565046,308.4735138245904,21.03796897903112,17.488050018055514
390.6144693336092,311.1118102403528,20.764027031023875,17.459084444831525
389.29241954472536,315.4453463798261,20.7786786717798,17.761029194693496
388.82521728386826,319.0393085273182,20.710611269665847,17.410011332814726
388.00656826797893,322.62378676915284,20.685777038260902,17.391262368676742
387.3572497162274,327.13518824425586,20.941987078775668,17.52523584669332
385.75352472772926,331.4990327628527,21.19342051524457,18.425941890066053
385.83072839041944,336.80357562269296,21.31765393693459,18.389549041479334
385.4392322975069,343.86440388491394,21.456008061236176,18.355111755318653
384.5295662547367,350.9664552980056,21.368998594042203,18.398895586850088
384.42182748371005,359.21064306015467,21.086909912951008,19.15901707182939
383.7354473947887,368.1293513035973,21.249686265110064,19.588759093244953
383.24534856116986,377.87953462986724,21.220011495824306,19.800398055939365
382.2122221928951,387.18850083710896,21.269082835889463,20.319069950537965
383.5665810575615,398.29792692101375,21.252313043568442,20.1055507295057
382.38463611991625,409.07038200351707,20.812667457433093,21.016634216842856
381.57361057126906,418.3630383285363,20.02679771732518,21.093537753327823
381.28121240388475,430.0321086909885,19.488669247406285,20.442851252056286
380.1893396283188,440.5752156117224,19.37348749140927,21.248185567326647
381.14067550924665,450.42352302101665,19.29247863238559,21.466625070027284
379.62511589788045,461.71819281705854,19.60886854603598,20.753674027748158
379.0149660748743,473.13019286530107,20.166066995759248,21.25449540343106
377.8086152727223,483.01612341794925,20.274515975551466,20.930487386513626
377.37024072892945,494.0285190617351,20.264141955227064,20.03791350616845
375.77564198118665,501.6411855037308,20.514656894560325,19.676693476180947
376.26488453057067,510.71830905935354,21.410820843643837,19.076927871283175
374.4282380237967,517.4996581636116,21.46613290016049,19.19132316862643
373.12625556302254,522.4082510403304,21.359244245048707,18.566993250149785
372.8960551296177,528.6267406873902,21.57188815385048,17.734620584448116
370.79811956620466,535.1132534545035,21.988515811438322,17.38073567522161
370.4007957155017,537.0118649427342,22.169111693996523,16.690301334014087
370.1649684770127,541.8350398572513,22.366931942459033,15.99071358994061
370.64594314434186,544.3375414585397,22.25517181678506,16.090599303379506
368.8347453265236,547.2653179866247,22.21788422488247,15.646118024553273
369.616039875618,550.2592150124098,22.11856722142019,15.411276548666867
367.553137566595,552.9975267484277,21.975603528919322,15.645430359345731
368.03429964778996,556.2060265494146,21.542431283033363,15.227576265184538
367.2790645146228,559.9410104847436,21.000151915578627,15.695558528803733
366.5598916947372,560.7970464064825,19.9918193937287,15.83527806716178
365.6325018635376,562.701435410428,19.571444942358383,16.153048826360763
366.16305112175513,566.3576666516512,18.993500722798363,16.18565622916815
365.06713470095207,568.2088688693193,18.98762543452162,16.14268325135162
364.2650694830586,569.9745385276409,19.075222972359384,16.41478021400528
363.36134512020817,571.254876958745,19.77985034796259,17.37221553441438
363.2140703108437,573.263804520886,20.114622134660348,17.606481381811985
361.663433194418,574.3622064839367,20.333862065753777,17.328233669089503
362.0455100335493,575.367716788455,20.851782362100597,17.28447532811931
361.43593722913636,577.4483511136262,21.756085746805386,17.31687122855807
360.45389814417985,580.7482043733467,22.084978675019187,18.102517797496137
359.30654786376505,582.2070622574105,20.887423071298027,17.615138027903626
358.6262777164344,583.8215114835517,19.751732286857802,16.96286921429313
358.37367457888826,584.632708258864,19.246989831481258,16.755560502535623
358.7364643285487,586.4755308833503,18.69708477063696,16.263846833152833
357.46856609768565,590.5721918876036,18.25289313421851,15.929175032165874
357.01583404965464,592.05311170422,18.135232535456325,15.974140818854906
357.2856168223025,592.5307286943446,18.48519335734815,15.809380776594086
355.6164248423626,595.3679502477627,18.86862126254039,15.238567735675712
355.96214880963646,596.6467128111711,19.3742634769185,15.120587286593182
354.8212058418583,599.1027373015802,19.75797894128347,15.198536169544624
354.45114608170275,599.408130373973,20.396459667649154,15.20773751255216
353.9938341257159,600.1083354271069,20.783571982943133,15.489769117710072
354.99808635183433,601.1082142813683,20.75071450336255,15.378301814460645
353.58364893578346,601.9872376934939,20.838935343765137,15.900894638647001
352.98782388857893,603.2475510947023,20.875502735537495,15.773105360644255
351.47894458681134,603.5454796702628,20.600101854209388,16.08947202544129
352.75571320640415,605.4333545717068,21.496027505648726,15.56669768642032
351.929672022288,606.9644885042062,22.196304759134904,15.246212963511365
352.27190186335775,607.7558536042346,22.897098983245378,15.953529455349031
351.7815814509716,608.1093667484055,23.204399964267733,15.768224053237835
353.12886395554557,608.8199555100776,22.915680597209594,15.2880941983506
351.8418298198296,609.7000639541538,22.912760648426648,15.18019817201465
351.92687087314573,610.3368301500288,22.664736647263275,15.079441048819263
351.7824330725232,610.6907218277726,22.51851550778563,14.933966958468579
353.2029996198531,610.9430097330096,22.331839505410997,14.658158543014007
353.6361683781575,611.1892453481813,21.72845670071623,14.276183833666678
352.7166802480765,612.0863344223739,21.897587379823612,13.743571847390957
354.4908718318335,611.350832398194,21.441390186430695,14.716216215574875
355.0717913627986,612.0732469560439,21.33601627342624,14.873636245382762
354.3323702816164,612.6400898070652,21.196000098388296,14.933439618047242
354.06143400781036,612.9980232045492,21.219195888187894,15.65055622151688
354.8234170781459,613.9010298871417,20.97781489155981,15.894065256234184
353.7970273150568,613.3879511877648,20.823959896253584,16.112925902058308
353.944667174435,614.284798590896,20.300256105231647,15.82691389608889
353.06913635056344,615.0812650146667,20.184862674849718,15.543955718957676
352.14555160203463,615.49493636273,20.040790716829132,15.342078415897586
352.1969992748744,615.1001499618051,19.647528244684846,15.032728488255144
351.6234185752281,615.292678957963,19.67674683391882,14.965045679044868
352.27766770413143,616.0630312042508,19.662598246522307,14.842378601019837
352.09882608089595,615.893624831947,19.63243359260263,14.674370666916573
351.9372080362823,615.8818427931119,19.898632328314314,14.507611868610162
351.70198691298197,615.5538710817293,20.062067738977426,14.288471368035584
350.8892010151642,615.9165720989264,20.007921517034905,14.4949769874499
351.1067219008798,616.2108070737912,20.016284896970838,14.732961200317916
350.41786377753004,615.5964185344142,20.210086959100117,14.73507659694315
350.47475562703994,616.1681830198422,20.68575028156466,14.67257179600886
349.5096379509339,615.6417908622343,21.57347464744867,14.72055722206463
349.42483037726083,616.0777258450614,21.93499958483376,14.92697247369546
347.9468009922502,615.606544551308,22.341185002804284,14.937068825850606
347.12855647640583,615.0845030631752,22.08314278449297,14.704372627311612
346.40685953135045,615.0798384430968,21.839242668256137,15.04052987039815
345.40858213924827,613.5454638049303,21.009259366523043,14.538600435793825
345.73259410767935,613.1510413105534,20.003645707981196,14.52733556126622
345.36242627433023,612.2470468304662,19.29721166032394,14.545308347124255
344.50997113257023,611.6272986057318,19.215333003414248,14.608046984093006
344.31617251829863,611.417372327876,18.940103693871542,15.052336490488274
343.9994727713235,610.5583793220839,18.850694349931125,15.47394341271697
344.3664483670234,610.5739306249451,18.943945001793086,15.629539720568701
343.72237734075196,609.2371334054696,19.189980425917973,15.847232059910318
342.9606264395077,608.9140538521787,19.012523976453412,16.037046562000082
342.43728187833085,608.791954647546,19.04499190740079,16.077006079663654
341.92025029569805,608.5553946273741,18.658713580967127,15.936799093640447
340.488885722459,608.7084753659108,18.586269692777364,15.70180460875461
340.78872914704766,608.0321910909621,18.286585895357852,15.213690175253603
339.30591557382894,608.0200159810045,18.822502653611703,15.005328603176661
340.10527454761484,608.0187036035024,18.857344886703903,14.656078053004835
339.06533336020675,607.7618731543087,19.494462979293488,14.086776915259545
340.48083462966076,608.2695642591043,19.369309134233127,13.535895132914357
338.76992597503477,606.7766982831815,20.188331796268372,12.97694172099049
337.9588322463477,606.9774073518603,20.91606429758781,12.465614526015687
338.85879185844203,607.3144556776078,21.54978459976634,11.956244131844871
337.8565218286056,606.8741527409352,21.875339063736092,11.574696379701834
337.9342903533093,606.3581686800453,22.47141181657481,11.280752025895676
336.8098316209333,606.3814053286994,23.123611446854085,11.353579570872558
339.2792527175466,605.1725752091129,23.462814907924297,11.959548525865909
339.11244952796847,605.3175319566755,23.374378440400925,12.238993856424415
339.58884791739126,605.05717670935,23.691540157649083,12.323524236329282
339.0603725817654,603.8942160860514,24.07929374638127,12.064553209977246
340.141782736572,602.6095883185542,24.357696581299354,12.306652678077242
339.08719431017346,602.6392761094974,24.48325374415505,12.904846981444672
341.07879181362284,602.1235842182507,24.558896627881218,13.480237111594256
340.7212101434453,601.5771800530666,24.137463288548833,14.332544038153829
340.38286470479636,600.007609918649,23.547117727858488,14.409611553082868
340.325537988216,600.5679760381126,23.092130047737893,14.794128337593087
341.67586008526166,600.6812747885126,22.178274794076295,15.353846754761891
340.9875955983826,599.6018099444758,21.197992244396865,15.611325331995658
342.2874745679525,598.760304275998,20.742284903401753,15.412264220220681
342.4536566277316,599.1518262044914,20.74732312759337,15.76954781684724
344.10276671194816,596.7552826918251,20.966574272636823,15.726094620011885
345.06119167423645,592.8549549885389,21.64308524893915,16.76349013888896
346.03921808268734,592.0817397488928,21.862127036529582,17.31349880421632
345.3712984968377,594.0387820451731,22.523787131080493,16.627716213608796
347.4360191978735,592.615794975463,21.908330409184643,16.78792222558757
349.41313469316475,590.8041347539616,20.70229125209827,16.932383720836512
350.348087232477,592.1384529985377,19.672580875622153,16.68258573266089
351.58566036234026,592.408877664016,19.238961410329296,16.56669367709484
352.2809286237483,592.6617075751539,20.303342795227934,16.5348345139989
353.24287091230195,592.83555622766,21.278559475444936,16.287623964357692
354.2968351282589,592.5994703013718,21.75411950788646,16.120551737344382
355.759058999241,591.7588078299372,21.385381604789494,16.081074373084597
358.90135298968914,591.4460983470333,21.907075667350203,16.13913341457608
358.5537416391294,590.145057589096,22.47742806817672,16.272976099884126
360.1361811998297,590.3961267149002,22.725283932127752,16.75206953772896
361.6310570537144,589.2999345869523,22.514699399651303,17.149478512862913
362.12961326041517,589.1168415746864,22.393449107831728,18.499627550089983
363.0278197796963,587.6611155986615,22.79929894768747,19.079979038272775
364.20699565533306,585.0556448353357,22.61862053625772,18.716106722150812
365.69868643337196,584.9042806123069,22.344749783402552,18.276472192134268
367.72408705127896,583.8286584116897,22.249743835674472,17.823415140731978
367.9825262105485,583.967838262489,22.22660941361983,17.47364430632099
369.0597335860333,583.8283100860716,22.001576986868958,16.990890356421126
371.34130174969675,583.1613475369182,20.88100657751079,16.562761011368508
373.1440724480077,583.5398964045548,19.619512727275556,16.326300788302536
375.9044290014935,582.07128548052,18.61709490838994,15.941974174458036
377.40394193251586,581.1143359895358,18.797047012653763,15.535522509453767
381.0623789000246,581.0061470659707,18.553476300292623,15.816795986466772
383.206674048627,580.0098775359346,18.110978227208896,15.808610254058417
383.49523055464897,579.6041304018369,17.594007732254767,15.541544646765718
387.10785794018886,578.5141917302179,17.30623770238595,15.351915154066164
389.7705204464932,577.9451809152933,17.301019196124894,15.203399613505013
391.530795014144,577.3528762579903,17.06580178689754,15.345459794810424
394.0050140489453,577.1086380409662,17.017937447763615,15.46476508628044
396.77395432432974,575.6789878408522,17.42108167726824,15.45073250921368
399.0456323002174,575.0502223983129,17.192201738676573,15.038661953862476
399.3166172530149,573.5840604899356,17.299371237378356,14.49985158482608
404.3676055955773,573.5973066621975,17.47663802149189,14.270634783515067
405.81166711230145,571.9467153260144,17.61251706323889,13.797544537180048
407.49385939020465,570.5817167894204,18.02569750987389,13.827716323502932
410.6551201039673,569.8522940743117,18.877149165844685,13.769624497860983
414.3375035300333,568.3574838823483,18.498893544181392,13.44573780170954
417.57224962460424,566.0462554578108,19.079053454648957,12.911856912747474
419.5326481729537,565.1564675579593,19.68535596732495,12.477176425829416
423.2932575507177,564.3690253057258,19.87167963123055,12.377691118284668
426.15042925001626,561.9369762413336,20.510554311246825,12.698183442625904
429.1897120281568,561.4867306327607,20.493023911215687,13.515041236920116
432.4770464423655,558.6111322990258,20.548405741977994,13.716360737641597
435.84015880603476,557.5218157983909,20.315245895010563,14.821042017720245
439.39433906999926,553.8211214430388,19.812880545304242,15.208320163238842
442.4298167393308,552.8353813782668,20.436535802344192,15.79047991924771
445.30815320394277,550.8228689792709,19.507408039135896,16.13378016889967
447.9629927532042,549.8302172724993,19.502897092468547,16.892551600020923
450.2803768919961,547.8069137251995,19.837954559513587,17.326983706827505
454.60187440512993,546.4522552709373,19.47122753861703,17.67786403087947
459.0481259474605,544.2203334944933,19.70715768149495,17.233603640896312
462.8248312941431,543.742374717155,18.868140603852492,16.78749788014299
465.957336318549,542.4656590276799,18.857784485704816,16.625749815734082
471.25565702454867,542.5178173357616,18.492649421361698,16.0699561487893
475.0285623057941,542.7143087211429,18.559441092757574,15.757700001562053
480.03427303391965,542.3509878384093,18.426796186799393,15.371358063415673
484.2166147606863,542.0091183813103,19.19648925914496,14.484135979078589
488.94066877848866,543.2435110991499,19.92354449258323,14.307426654239116
492.0850718634784,544.9748574767625,20.614253398287374,14.155608837978836
496.4403216966282,545.075521714071,21.243429635308082,13.982013212482942
500.5461225301268,546.6772155262705,21.23722652788116,13.973953346873024
505.0657002672608,547.9802807399122,21.75708442031242,13.720835004550574
508.70568247301486,550.9328981448357,21.07290705714408,14.266238012086523
513.43876348559,552.311043943944,20.972421911876715,14.303868838186096
517.3150471385262,553.5894539576682,19.945547355027664,14.718667463081571
521.8547574487319,554.3892250496912,19.4377514904756,14.854812534895
527.0695447378722,555.7212375049207,18.250944246179415,14.596694301681874
531.9250210607847,556.8039892236561,17.51120589478807,14.609848395949431
537.0430711848354,559.6329156883357,16.89796178682341,14.875220869422181
543.9614681596237,559.917578033042,16.847567678555485,15.274218933916018
548.7152873358709,560.5509789927564,18.004586918834324,15.420876792319113
552.2802960579522,561.5771133367035,18.90143257281628,15.619607555108557
558.3874706241364,560.5321793184318,18.560794072771984,15.83979327964036
560.162724798186,561.3495918725247,19.31814705279787,15.872799592353006
565.0077281905544,560.5429022820667,19.432728585932143,16.079234498366606
570.3199199033177,560.2203243234482,19.328654608647817,15.94853439753734
575.4575823671181,559.3654526383044,18.45378897059784,15.871794003176277
579.5737320687433,559.0175465640771,18.096779484339656,15.863626659443629
585.2954434997447,557.6336908668683,17.17197234499306,15.811574870267428
591.4455091389823,555.8849101512973,16.80479394737715,15.881085306536393
595.4609414545008,553.9482995412751,16.00046892815666,15.940246315399087
601.215120163934,552.8306004371265,15.797210996595016,15.533497459487284
607.3813824793251,550.419052697192,16.063380213468918,15.470335767725308
611.2101146014803,549.6208459355613,17.262140029217193,15.30286760763719
615.9367437194744,548.6730768826033,18.55083278199855,15.441707105154897
619.5511651896952,547.1812452063575,19.460493869877176,15.090234044071968
622.9647927352378,546.6036341357693,19.616278634748983,14.73757502069778
625.26829765892,545.1742907707264,20.376441028595533,14.76078201445532
630.621951174173,544.0858630501123,20.105352259808367,14.842010624628951
634.1530093820234,543.640849556059,19.783783024283405,14.862088271915225
637.8720589451539,542.3963210286818,18.751788939526293,14.749613344247742
642.7191001399607,540.4298064900718,18.027501776963422,15.30820699666301
646.5881267851397,538.04840273781,17.093899475374776,15.689960576626252
649.5486785299955,537.6457081360015,16.099477504217845,15.918056384246903
654.5759880738551,535.6365994536686,16.217992266596468,16.308839972057218
657.4281809117763,535.5515131475577,16.95563845110572,16.71215925175955
660.7968070806288,534.2900627820425,17.283754765744302,16.675245529665133
662.5242976271429,533.2304979588891,16.433403189317687,16.393908257026503
665.570293557336,532.0176308333893,16.226352430005903,16.366860830780062
667.2570794199529,530.6879757186152,16.16322076824849,16.458063455347745
671.8345495191609,530.2514139015053,17.48688774756695,16.34037288058317
673.0474055644487,528.4153696548422,18.725940061288256,16.49873609314772
675.7218230386196,527.9115078867611,19.4460748395087,16.135007297766848
676.8755685530866,527.7362501907166,19.437968881375667,16.22775596622285
679.68264362441,526.6431729609592,19.218731458455345,16.028252161577598
681.7619391484741,524.0547722111573,19.175672331713844,16.45442805082974
683.2416453260217,522.559320899128,19.385495206110782,16.535906846763552
685.5720921148805,522.1854992241722,18.973609807104175,16.422985011128322
687.1120984963071,521.4806498760641,18.173458494446358,16.292492056953677
688.6698672933946,519.3128710726226,17.570547548220542,16.427335552508776
691.2421099201346,519.356405780826,16.568121620912535,16.76589479821123
694.0222246179608,518.0569351337449,16.67074165152965,16.48821866073274
696.4474071523742,517.6287670947027,16.448451228698676,16.639591054735227
697.7265427512918,516.8477529552649,15.920514503519726,16.837529367790555
699.6879736361327,516.0775803091957,15.990709984814668,16.82983999196015
701.8636956089464,515.4151457970544,15.152922655398342,17.01599136487565
703.5738484267173,514.8130467582275,15.429638504231512,17.2846654557128
704.282845292295,514.0288714664048,16.00103991467778,17.438541552053728
704.522990478974,513.6348817543578,16.450047942198495,17.41167112263202
705.5683106424455,513.3110594429015,16.722116660665773,17.27161127777112
705.6715130729264,513.6864797622208,17.18927289589536,16.896030038546776
705.0633612895202,513.1751230904613,18.02832579132084,16.476185093491576
705.467890363523,512.9396204814756,18.16084173999492,16.17212775042772
704.4223552038513,512.8359684605365,18.25610059693607,16.01544100861454
704.120593353759,512.7342776100404,17.848233611085472,15.767490617321599
704.1038772430312,512.8488540534621,17.132146484396465,15.57370760352507
705.71870248952,512.7042618840069,16.32363094014963,15.244697362357329
706.6706048687215,512.2471312698225,15.374660166121448,15.114967501858956
706.4739540199665,512.2334110064248,14.947504405135351,15.319986001066379
705.2789838296247,511.89307857933113,15.234940055594176,15.74634787673812
705.7804668450165,512.0729571269546,15.190931696929958,16.04224568871763
705.8935667318729,510.9441468251456,15.268355122680191,15.874786946632582
704.2275712915646,510.9505010941966,15.424721155884619,15.779036263755142
703.6822594492464,509.9861078265776,15.812658530706463,15.379243850018637
702.8023985957793,509.34609534147364,15.7668573189393,15.15648027652532
703.3731417366823,509.20222484447055,15.58150583327604,14.898483050316747
702.3553664954308,507.27599067317846,14.948843425154205,14.518941505205595
702.1933400208922,506.48522257084585,14.92667445040329,14.302778735261377
698.7450524666586,506.4661587444132,15.722228745882,14.242708451115018
698.6836277613342,506.7025000458982,15.861263917029047,14.322832702393006
698.1548828973079,506.3635120480048,15.569804212708538,14.356266004088091
698.0021463199824,505.19732137091455,15.335715142017465,14.713191120475528
697.077457384083,504.1664911239168,15.169075099998022,14.840567404266046
695.8225973589755,504.513661590496,15.602020553045126,15.157334869545148
695.5469301776017,503.4174161810837,15.890716823751779,15.481055089004503
695.9155962995748,504.2396847499431,15.441497220186363,15.595314643180274
693.647079649425,503.8694408103345,15.258269900368683,15.209413972592719
693.0882918647011,504.3208867373996,14.519545115812729,15.264629113091466
692.1027978723522,504.10689142289186,14.129155384446065,15.09673732633544
691.7079680276114,502.7189812313122,13.969886240919742,15.021880219260282
690.3502236241712,502.8417417598882,14.228198839303934,14.900508484618223
689.998027671164,503.3013980656587,14.433361314166156,14.841600841338856
688.7893901643058,502.11451447050484,15.026631200929344,14.98904967227152
687.5531176565785,501.812106619926,15.082798195143768,15.244503953751462
687.2275226366805,502.8063041082838,14.838884780349861,15.162984587387395
686.0318609422891,502.85866125016304,14.331187020451223,15.092514840982528
685.62892585709,502.7415680019274,14.112513428642188,14.992217237111971
685.0087529498176,502.55161221486406,13.442020162376624,14.708527889607842
684.0090012007674,502.67650516942916,13.593409646804982,14.5399568852628
683.5410166257043,502.6463398990469,13.485742474909715,14.438036907228529
683.2167529705373,503.33764196382214,13.529953073817921,14.753827553068598
683.4850389360554,503.0121227052698,13.523501992391072,15.171063274763156
682.946982830075,503.62300783660504,13.217331947272065,15.563875073860252
683.5016727111732,503.4479685455256,13.002536840837164,15.787549847425339
683.3400278602326,504.30392298316406,13.295366185052359,15.741664226543033
684.0077314224724,504.7778806570935,13.400720626734984,15.97656061574472
683.6152967814027,504.6093430167336,13.488198398864501,16.225466798564106
683.3950847352058,505.4474249179281,13.694689996141072,16.417871416585122
683.9447331363872,504.7765951506281,13.91924573284079,17.09660523097034
683.1199083309476,505.62707627505273,14.201513294159394,17.48662351190621
683.8809831143501,505.4338117619517,13.981052875303737,17.80517081813767
685.0603876331405,505.8973399638617,14.330671266922149,17.581536960704316
685.2734527885212,506.73354616868374,14.326316774031639,17.474859414341452
686.3122556759733,506.6271630076908,14.284508118268096,17.48285278710863
687.3240295800485,507.3433763205257,14.219006269590459,17.16115156427083
687.7413660981291,507.4909508932802,14.185549358917498,17.045045234923936
687.4823854047598,509.0721816661391,14.371159061085903,17.16641242455773
688.8003293488398,509.7894613578056,14.273379998609428,16.412837538295058
689.6683743889525,510.64704787092603,14.667226136645773,15.73003603305025
690.7350669680332,510.5583035666776,14.212513769011771,15.599125441107713
691.4132822875384,510.540922033676,14.139644836544322,15.14338328860507
692.3230956245682,511.04088711311437,14.410132755990682,14.625237950284927
692.894403542553,511.7884145797268,14.959914991309972,14.754992282196799
694.9723427681685,511.3404960693805,15.367474955606395,14.673980700594491
695.4373906159233,511.22627896559993,15.516328234706252,14.656576742872348
697.3510820178318,511.6104684761709,15.5617710534477,14.326163114796866
697.0434920599469,513.3889906821546,15.703497447489008,14.352866566598951
699.5079880579457,513.1250191624587,15.651206806471968,14.384364903842329
702.6705801378756,513.632970342413,15.446582338994844,14.382721882312659
703.4846023100826,514.7041086857862,15.352683349805496,14.239449559580018
703.8579199288824,514.2440962989199,15.379146104149129,14.613373716857446
706.2132356467016,515.1809106579819,15.023075520561687,15.138575412551678
708.4678276886762,515.9388803153178,14.724050738370345,15.418668049784447
711.2569345389454,515.8278128018712,15.24475213792944,15.80677292531028
712.8778982023956,516.0909060142093,15.498056439447016,16.28395869301705
714.2638333151493,516.2085825600818,15.326764522045158,16.67436854072506
717.518707609582,517.7364170385237,14.606383608961135,16.748765501810027
719.0087784595346,517.4490106616673,14.465841518430889,16.6296008995657
720.531197139207,517.1418653068476,15.168463570707054,16.702982795728587
721.810301284808,518.6963476978815,14.914462127649584,16.42556861180543
724.7167553397514,518.317325858922,15.327574830751113,16.24355644255628
727.3887662162937,519.7050823985519,15.549394752471137,15.80099777003478
729.3838422990216,519.4329779467014,15.817962984964602,15.731135781401829
731.9732532445051,520.2447397882128,16.16944504907559,15.379432166738443
735.0896304803578,521.5444765772701,16.386641749245353,15.043676239991147
736.6336486853438,520.8951250807472,16.296835319741998,14.701849600468368
739.0192555940431,520.6246403019644,15.753145306054464,13.882704106764505
742.7751541218182,522.1243623081565,16.46608732521132,13.259305321431095
743.4918834886488,522.2652877979195,16.697015340817675,13.341181911485219
744.9635203176024,521.998353503128,16.978930891894763,13.585526422699186
747.3973778826236,522.9844051318246,17.68161218519221,12.995507058128275
749.7774425726458,522.3784967228131,17.65208125485486,13.025614586600328
751.7629842856554,523.4562133528708,17.316999415749773,13.368975882148991
753.8656232470762,522.3118185475608,18.13788268675591,13.544240102143895
756.838040850295,522.0558655212138,18.46433349106052,13.924520025687602
757.7030393297515,520.5400488408897,18.407912887127768,14.494010442
760.2246638172224,520.8255173514689,18.076822115310947,14.580673823673513
761.8826277549948,519.8077299524509,18.502929151875577,14.616084589727055
765.1114621237355,518.9397803694341,18.020602211269313,14.446565359764783
766.6416656501264,518.4750359834284,17.62817153788198,14.557069146424485
768.4922384156118,516.6146791288296,17.049836370680573,14.68587535440134
771.2602165143014,515.7121404189656,15.806536118125647,14.128442092976996
774.0700688205613,515.0234115428959,15.840098412344023,13.790300785057646
776.7125646966111,513.9500317333416,15.6737666333891,13.882708597525738
778.2378843822117,513.3910035608136,15.610042850566781,14.156766987259473
781.0522223822271,511.2368502595015,15.160329558055452,14.435048107705908
783.5441069139638,510.40995067835394,15.37580213276573,14.417491068829285
786.2771882851221,507.63828955560086,14.748720200996136,14.964669973270901
788.402449657615,506.10449992213034,14.223100562699724,14.888477114967776
790.4306203581605,504.999314028631,14.551257757800212,14.827391229847375
792.1375415567569,503.9982284764832,14.752619218029064,14.990336565100053
793.6824906791503,502.8945315303482,15.353596980322497,14.917357837741084
795.78132370804,501.51467642161174,16.67618696502359,14.921094239296089
797.1836410914353,499.259983995547,17.25923225194377,15.23639873864243
800.71076130287,497.1643167346302,16.687909614719022,15.198439437233827
804.4432225525535,497.1434843483631,15.458765923945778,15.1828723066918
806.5873127490984,495.6151976140303,15.346435445406811,15.074917882290979
807.8126315537645,494.43398187346787,15.986724960098012,15.446435972302531
807.9274934056468,492.8969614060158,16.957913731919252,16.477779000712488
811.5546664203189,490.5175661664592,17.42596455316102,16.641121939542533
815.4176553635042,488.28378894442926,16.833745211712305,16.606746146786033
818.2049541773108,486.60448785526245,15.781043946403672,16.79216488395755
820.4996003415771,485.48807381637334,15.916574615917982,16.888625163884125
823.8445045786693,486.6421923912551,15.547910245737564,16.725270216269056
825.2372964779204,484.3930837022953,15.76310464547755,17.17489216572185
828.5287992836256,483.4705929181498,16.627860569711665,18.118964310184758
831.0770378418812,482.52636790051605,17.03669351179429,18.90152597875307
833.640552711505,482.5451662156928,16.94708595272222,19.447257595469836
836.9801552590637,482.6919804024975,17.63004058660892,19.126537241879966
839.7862272596876,481.807372272555,17.94978135098608,18.7011200178782
842.5383328782386,481.8132472605802,19.63346684239964,18.210541611652005
843.3151733963147,481.85750469636645,20.26608799130615,17.7973502264077
848.5868958322104,481.65631762607205,21.032610160530353,17.259836366508203
849.5288537766339,481.46950750415385,21.13422131025754,16.775477789543856
851.7180485111405,482.36556809603195,21.453929070248304,16.238124977369694
856.9533717105337,481.5754279319627,21.902685747633754,16.005264436367607
858.4010472808768,482.06328223654725,21.707255261244427,15.693252116261014
862.1890985706938,480.92546529757254,20.806636385223726,15.58429584528455
863.7948940739317,482.1542132033898,21.18448477083772,15.069701644978135
868.2772429507091,480.9786932755166,21.1351388849586,15.067462386955057
870.7641247975955,480.18017840174645,20.748182442162538,15.731165413303945
873.750585497434,482.5252655155583,21.239242670903522,15.349523900523959
874.5557284147253,481.82193346502584,21.626042407609937,15.089356031374164
878.0592323013219,482.21082406111293,20.81874929506124,14.733007334317055
880.4862826445759,481.9761395767823,21.275378589021955,14.99084371020494
883.4358858566388,483.3472438948193,20.908337692240003,14.718949100009763
885.4190304615004,483.4445054238066,21.030152730563756,14.396198808148508
888.9946899968427,482.3538617841049,21.707401164761894,14.359170963040256
889.2981304045558,482.4205269520066,21.60377810080056,14.313166677041512
891.6950927969436,483.31840430582935,21.087486983016994,14.173311017247553
894.4297122497728,482.95092803968464,20.282089324917308,14.434623107642423
895.6303693736229,482.7927886564591,19.71636925446324,14.475930865792773
897.840664532086,483.32850851849935,19.801813788611355,14.463420585071631
899.2788500533705,482.4904316303153,19.394452145456178,14.595262838002222
902.3647468863888,482.7379452455474,18.732340181079714,14.960892345819259
903.638726654987,481.5735762179579,18.095536344567197,15.334949004513826
904.0963413950109,482.2614567831131,17.835145426531025,15.69750727117621
904.7412083292361,481.00255825980025,18.3635725688227,16.287257137626067
906.7487037913991,481.1897873521356,19.603823038539836,16.7306166409436
906.3715253032128,480.72137876568064,19.592219321552825,17.346777991099604
908.6522557003059,481.23686175017184,19.511303571311977,17.849648386863354
910.1539711870345,480.5806624299714,18.785887734573585,18.513861297283732
909.8816067651568,480.30448146256134,18.578175172079014,18.96515664274842
912.1271857723733,481.17149076832555,17.650371649833396,19.19827822897394
914.1676379450145,481.1002948844084,16.51449751695347,19.510622389386313
914.4312002233145,480.537857689,16.14773520400587,19.92677943401166
916.2695404747207,480.2809283724949,16.251991896017664,19.97160577942426
916.1753873897709,481.3428870456143,17.513586029784378,19.948365923419864
916.8457922385276,481.21696796164935,18.13403426684137,20.685532765666206
916.8659101643543,480.3632548855599,18.806002394679968,20.680289545286417
917.6056895039576,479.8117691957457,19.051465077778204,20.51948986778603
917.0343354281871,479.2073276484844,19.24471033869427,20.284433753324194
917.3688706331868,479.54240396501694,19.360460485335313,20.056038322407467
917.6087440498687,479.19506422018065,19.275443266229416,19.868195229072242
918.2325522787744,479.2931033721458,19.05830623957047,19.675000836274755
916.93615564695,478.5106139560957,19.308905899703326,19.587544365640618
916.5032923518653,478.4649138978132,19.451533734990072,19.419308556912746
917.3092125544332,478.3264359854478,18.80870272926835,18.98970615410441
917.3667341753501,479.0822604727543,18.222025576301732,18.536536488573443
916.1121314746167,477.97650123279993,17.946303609604445,18.386414038306377
915.3822534348134,478.2310362154136,16.722107357668243,18.336427630207915
914.546806062998,477.442552418102,15.721165248271415,18.88818770529991
912.7025439437249,476.426267607352,15.650068820313797,19.339061770159386
911.2407913147134,475.1633936982304,16.113101971403136,20.35827119728921
911.9927321858446,473.07369483894263,16.588369093886882,19.4717356883257
911.3965551032741,471.56279528583764,17.005035087641268,18.64163660117629
908.9327857401697,471.5533810342755,17.49212886756098,17.968891007620876
906.1095705857588,470.72927524536783,18.33911307042586,17.044684372545532
906.7418131495002,470.12190206335583,18.186429090403855,16.675873607663288
905.4235476206254,469.74112699521396,18.321045170126062,16.311653175099377
904.1366478230866,470.3739172973975,18.657692665594254,15.962080566337848
902.7508590835154,469.02402417756133,18.868517276084418,15.840875289896818
902.4894843064978,468.98147546708896,18.74153233304922,15.86644054531432
901.1898483778989,467.6954181696431,19.418410391419044,15.812555689522394
900.0804675703725,465.91983975428025,19.728633188112223,15.599361629134792
898.7294682279143,465.4062539397027,20.676954504864927,15.625015008778139
898.979489457025,464.3632482066242,20.716645933362166,15.937917038900094
897.4213347274432,464.317973015184,20.969819101021862,15.941393141995247
897.505732297072,464.0915390022607,21.055853368502582,16.33749847252939
896.7098794533896,462.9961824330177,21.319228062214876,15.953390138847448
895.6056014849369,463.03610443034427,21.005902895604716,16.292232057280266
894.845798677093,462.26204527917196,20.21248971246453,16.400202959722467
895.3838024347147,460.49590244965196,19.758041340287477,17.20336264219997
894.1167593190473,459.0356751658168,19.31619831136831,17.544799570710047
894.0911689406884,458.9477251715658,19.06227195138704,17.613285313606696
893.5998261994546,457.34815372006045,19.184018407975614,17.33184502569939
892.2078676373633,456.34567950393836,19.403116196220637,16.81609491058032
890.5375734197949,455.6585290371986,19.77906687500994,16.41533328302469
891.0230917948297,454.7343540486561,19.779999729432443,16.554714143898742
889.6078088564169,454.5616343660182,19.867187920711057,16.797316900287786
889.1114212835066,454.02903327554674,19.601288444949716,16.81765061199247
888.7982237110359,453.60676617054116,19.81705431743001,16.677466499249746
887.4395657646273,452.3174655545979,19.545676972942545,16.840601422542502
886.6243463165349,450.7881095988313,19.051993249498544,17.21933591708355
886.3898992547537,450.26204155851406,19.153631208510213,17.279452344397725
885.4429271776756,449.92406117172175,18.65646971081086,16.94879080352917
885.4945675483281,449.63286237453804,18.71947162331459,16.6661218695763
884.1149421730769,449.0719932195146,18.66124800858257,16.311587596615382
882.8199102562407,448.50138527219093,19.158690992645536,16.377859948782202
880.9864799421098,449.1188061537148,19.895665756649464,16.074551999211103
880.4920613562111,447.6000538348922,19.27221349973591,16.46992101673907
879.0025259885589,447.6281409285799,18.937319391290444,16.916668887469065
879.3041564510655,446.27034688933236,18.69427269967555,17.39105365785873
878.1284512513591,443.9016684290522,18.36437816744776,18.392624140430748
878.6145993975324,443.9944232399116,17.76952328135117,18.979689897129873
879.0324409432067,442.26437608101315,17.455896769592524,20.267687962485414
879.3214071252853,440.49501003063,17.423115162271294,21.51214668678688
878.083725412047,437.5298253438911,17.42109211413849,22.113795967491185
878.1272559666147,435.41931203645294,17.06489648351853,23.259032177094163
876.3121929176473,434.9505589672302,16.977111814852005,24.279027329211424
875.694536948709,433.5467016995039,17.132170151654336,24.889872968179695
874.7453047437278,432.29156312444854,16.720675149995465,25.20222073596615
873.5488662692561,432.54713119313504,16.922313695618698,25.15669891744087
873.01132533526,431.87387750778646,16.9920244698608,24.66571239165365
872.041334269513,430.84524827277505,16.946555856725965,24.27516354966472
869.9544917546863,430.0614760325833,17.481271464992773,23.468882956806077
868.6295826438444,428.8785444034409,18.869019984527952,22.051199767336925
866.2809919778531,428.4485572237833,20.11468611875671,21.088519402530963
864.712962138327,426.9771004358724,21.187162423785352,21.363838068684913
862.872474140519,425.38574928396054,21.4631167519211,20.281083219188254
861.6522802863482,423.18596882218276,22.181367009090867,19.21477042448214
859.7602613310823,423.17898443918193,23.332157544134176,18.04143755474165
860.292497249193,422.8894618949901,24.39161759267838,17.73486252593775
856.6139987469685,422.27018133969807,22.604747104451732,17.773792899217106
855.4698987683128,421.42612930314164,21.24198423217335,17.298940734537076
854.5479398802637,419.59903920441377,19.47053030416989,17.58948110044981
854.5542131357251,418.3181071346034,18.50058633230937,18.19345949788307
853.4056714568706,417.29537179252037,18.03916291511626,18.38859601456859
852.2633446197389,417.70862941613564,18.370615295434305,19.048866656009942
850.5658561533884,415.8972143364358,18.258290897568916,19.313275489725992
849.6528350218013,414.92658326885066,17.30135891757906,19.767774624408048
848.9064304857438,411.876158401937,16.675546163522075,20.787233977375983
848.0992640400616,410.4182283197827,16.66501638398821,21.541518824301754
848.488800993663,409.5595929774505,16.146585482156613,21.661682575372392
847.0477156464071,408.96197198928587,15.941292797761832,21.99365093109621
845.5064018090917,409.16203727706386,15.845507081279438,21.671614837962082
842.7690811168599,408.2634513379916,16.55436324845806,20.490522861126085
840.6739968093523,407.8793655254754,16.756838076852034,18.776982144849992
838.72153899518,408.5669037875836,16.977717450313826,17.625317180692115
836.6628626660889,408.6182296667581,16.882698282324014,16.842718522929037
834.8328434601624,409.1848469998664,17.550831481774928,16.147060150657833
832.0091666718793,410.14209056587845,17.37731179784315,15.827940450274358
830.2265901221286,410.8671398100972,17.739641258428353,16.374080670332944
827.8905102310023,410.8746935704745,18.511830032380153,16.54245245866037
825.6635877250418,411.4089677861041,18.945853877308927,16.959698094784024
822.227781133074,412.2066070298334,19.17418703194773,17.75277104775516
821.6904600729688,412.1710081471792,19.182628895810524,17.856561586501
818.6091756894814,414.316404285033,19.74786184735547,17.745212670168346
817.0379340362861,414.6576822134725,20.59202056878526,17.634197645808893
815.1846119014559,415.7757342465077,19.536694318426036,17.711402295558855
814.3726711782296,415.3022993773884,18.717536824449194,17.68234277354354
813.522378429964,415.7186829467353,18.574547797054493,17.601688977134806
811.4590428838637,415.8969509637076,18.841203020114264,17.23766850715517
808.0471295172109,416.29558566455285,18.561262358400537,16.799713070308393
807.1477016865867,418.4026789753232,18.208407509394764,16.143708211462943
805.0950544633513,421.5902270966362,17.94559892852212,15.783199371180704
801.084060283037,422.96620431270594,18.75221711092788,15.147547429275612
798.7448857440452,424.7505527259212,18.3788884850542,15.458893632630243
795.0089000774127,426.32315288720247,19.22243422017464,15.15166022901299
791.760000636585,429.23425695248744,19.965659279808573,15.881202281548582
788.866827636011,431.4544067269519,21.21334713886673,16.39888002754149
786.4078973691376,432.7986337264304,22.074315277594067,16.249137576436024
785.6008421351365,433.49714233645904,21.36778518163119,16.726181940851497
780.4994694801077,436.99144188052526,21.117947178700685,17.037883450863514
779.4392157541548,438.33946537917274,21.210820963614218,16.994874478470905
777.3171325074976,440.2542221079875,21.037651946674806,16.79380950716952
775.6328323739028,442.7126080191022,20.455118485836906,17.297096889041686
774.7517018424206,444.9870952544278,20.144015290988712,17.49172898577334
772.2395541508776,447.2124481113413,19.808546574953898,17.064689653782217
768.2158963859588,448.61900220842404,18.803760969537457,16.761553078269092
767.5668960791483,451.80455434033206,18.12703013784603,16.95524526220698
766.4919772922291,455.3182257402307,17.77394565357902,17.179001095222265
765.0705163171858,456.82639786091744,17.23644310415367,17.377981255704213
762.3963383945775,458.7213632224914,16.961530821929138,17.898574519372655
761.2504549761312,461.9944173238922,17.0887621363606,18.12292835270382
759.8059118534371,464.98717947076386,16.842174858799623,18.672056768921507
757.0971293839038,466.79561548902956,16.335057180678575,19.92769754977296
755.3527268115034,469.4436189591287,15.338037740518512,19.64898644697702
752.5710072180729,472.450131830811,15.531741209606277,19.687070017577213
751.6085298552193,475.4722457908104,15.635475537364158,20.037052913008075
750.9529303065672,478.2531125370944,14.857746412012219,19.185715233428404
749.642739606592,481.36476950201506,14.2446073041498,18.77393999987609
746.6342896729228,485.12792179244184,14.461969512797035,18.896698529374135
744.5550446130056,487.58087037300953,15.09935291266057,18.297098670484853
741.3430866324103,490.8501484133986,15.617751295726215,18.672444872421593
740.1333516369889,494.22504866829706,15.895200107369813,18.61218141096449
736.0662483311057,497.174521310592,16.424872569966254,19.962717327546393
736.0197150279298,499.71326660141364,16.704561795947065,20.176929016411023
735.0173288908278,503.0887074084736,16.57076900667447,20.154715615181697
733.4723701482258,504.8365862484845,16.85961532488627,20.62056682187871
732.2395866272894,509.005452693692,16.18463366070442,19.777790901678472
730.3288424495267,511.6953873528382,16.653041266718052,18.795542738171232
728.2015171868957,515.6330108128692,16.53400404783942,18.002403362054608
726.4332878876834,518.5470598063945,16.55670684792422,17.312244828129018
725.692147157694,520.3023280035364,16.090166286418807,16.814052794196552
722.5811128954721,526.2627482384767,16.32214920905577,17.307328230077907
720.9655777313483,527.596870316732,16.35316155390494,17.14601156380175
720.0982294738349,528.2222015853082,16.46452127693959,17.84872579666869
718.9890289233181,530.2631049988182,16.55318452396934,19.272740197676086
717.9968041088958,532.5500955513505,16.419889707012914,19.589315428060644
717.9385487350189,535.9144311194794,16.769226687677026,19.088236760064653
715.776373916057,538.6294057809309,17.31134213370645,19.68534127016935
713.8321195469075,541.4060948087422,17.14039500042324,19.176686725289052
713.8866195164275,542.9935724630265,16.493438823590353,18.20744278146652
712.5725288468194,544.9820880638526,16.036926254115187,17.541416218486198
712.2790387888042,548.2295325324869,15.528798337918971,16.651286497526055
710.9737775828867,549.9511350237237,15.252342600339865,15.94293716690799
707.8061605840331,552.0827106618129,15.987444609521706,15.775519533307802
705.8008251809486,554.6128274420034,16.775253172038475,15.76761599001654
703.5791408381417,555.7931058802964,17.17876971531812,16.57859842007144
701.9881271624167,556.8137328582825,18.059291024287724,17.005377301013148
701.3721031617409,558.8412805303132,18.51115714087365,17.28105435685405
700.7474897416852,560.1331327994893,19.278877633328936,17.287071498189402
699.3524027060478,561.5513059584025,19.743139229017714,17.802669150089546
697.4433591387703,564.4156405847689,20.338158126267878,18.373491779680904
698.3864942912298,566.5745746952366,20.502661441954366,18.27783730386279
698.2646819648866,568.3491230813794,20.60785836026603,18.62205107845208
697.1062769710127,569.1079093194652,20.296845472037244,18.587190394272724
696.0553687987948,573.0067030665916,19.252932751531503,18.401205683222983
696.2385825534126,573.8503621261317,18.368942376085048,17.901395193537283
695.4411180693688,575.4398400302489,18.11555896624276,17.204578972705317
694.5910643433198,576.9511664069115,17.910713415411266,16.523852794087183
692.5195059365817,578.2589849320997,18.421856962285894,16.139035445859204
693.1439929691451,579.5341813231051,17.98204122235439,15.731625146758482
691.4275414753605,581.3355987569194,18.333012142052517,15.81642760823151
689.7382864926531,582.2663092876415,18.643399243697814,15.610241837314502
690.6728924312044,583.4369580109731,18.597795765032465,15.274651177761019
689.7730872463156,583.5891949725208,18.186117682661738,15.449074349391946
688.986068185608,584.6995502381133,17.576363689819136,15.946289843597619
689.2168760610036,584.6565840409977,17.002176222719278,15.90075251126624
689.71053652322,585.5292443435159,16.587304028755394,15.848661581523057
689.3346349809593,585.8671343721959,16.221637325678962,15.697509209709864
690.1067073038026,586.7533646599535,15.86473328057823,15.703986927651702
688.7724383778346,587.1080393689992,15.944381056830721,15.760590573524897
690.0456017150659,588.808449940212,15.6956312866651,16.05032118891196
689.6848970363535,589.1738274770522,15.455866632859461,17.020249708981602
688.5818339229962,590.1509567699521,16.180414032669685,17.96719046400194
687.3641395532986,589.8802473001197,16.115016944428223,18.644672025737346
687.6348994084539,589.0307706138017,16.232501445543463,18.66439566204502
688.3914944168353,589.741772608383,16.751873684640053,18.672185984405843
687.2116079022347,590.3627672265116,16.834249558079332,18.816686616312772
687.2040380827508,590.9226007476734,16.693421484644904,18.782163616957895
686.3704784935751,591.4733736606642,17.013487135164315,19.055526238242006
686.1270970647028,592.0119397268854,17.55558599144418,19.67885644710814
686.0228405008282,592.4169307204974,18.302040098196976,20.3136910492397
685.6990950223378,592.6084779260761,19.096763110841877,20.704682636617232
684.7023806019033,592.6640501246418,19.31277190776565,21.08662600804064
685.2721876846747,593.2298311323646,19.221787502965118,21.152718716716244
685.8106775944298,592.0236435728608,19.075242864118916,21.094375451934617
686.4141766873182,592.81696613619,18.84502080138891,21.305185159260578
685.5229674748174,595.7579913918208,17.791753496410156,20.54613574663179
686.0605681792621,597.0437006540687,17.000785180782543,19.77141674606174
685.620020260911,597.945019946864,15.823676366605646,19.159772423166512
687.1105631971542,599.098596386346,16.07006852146311,18.191395178968172
685.9906839450196,600.8334779861661,15.282643493017602,17.261762594562214
685.4456572573241,602.0027557634204,14.457016936767785,16.46085810206555
684.5928294372694,602.3905028042991,14.440287170383098,15.897838843306175
682.3371772769159,604.3085227162429,14.709239959107745,15.563416451059002
681.2273263825117,606.594259818668,15.15531351305286,15.986929734001958
680.708185693844,607.1012720047812,15.92727180078859,16.116582119588045
679.7424897475404,608.9391270214758,16.236391201940812,16.17019642701913
679.0507043153781,611.2551881613641,16.51449713096247,16.673106801050977
679.802002043619,614.665092508357,16.79885083219546,16.997524181283993
678.7879051943919,618.339425315039,16.747187658091214,17.303620835986457
680.1477693016824,624.0389746352588,16.679108918607923,17.00249125072271
679.4016246229269,629.452259250887,16.456379050044788,17.29678688763028
680.1811199107328,635.5142551869736,16.52871324249926,17.995480257156167
680.0716989067993,641.333111711228,16.526768202026414,19.262025936674867
680.0001990716066,647.023513762705,16.67611552866169,19.705143037334278
680.7061062489623,653.0446318605162,16.58784853723161,19.606167034582846
682.3226848492205,658.5398104175213,15.840752432906474,20.352160933756362
682.2199925322087,665.3584286413601,16.327272626012356,21.202297838129496
681.3495674181402,672.3791116323026,16.182929983055665,21.650372774213068
681.6429516399078,676.523390566614,16.580460245575008,20.708494593090364
682.3207755516279,683.6988928205368,16.469441328384903,20.56627609598701
683.4033495057673,689.1535365498893,16.04591634491056,20.972799794508564
684.6398305856255,696.3841520203349,15.759508140272388,21.589388677836077
685.5430028392445,701.4792770912936,16.00581408469442,20.453864182891337
684.444605297122,702.4515006343412,16.020091163568356,19.442118207635943
686.8552092123625,708.2859638269433,16.437553682208566,17.277906788251958
683.4158430919947,707.1276671018543,16.172021701752797,16.406679803859745
682.0324133007308,700.6701296060425,16.320942288919245,16.251819950512697
680.867000748849,699.5341226049045,16.320739408063567,16.25197955215389
655.2519233942423,675.7671511318493,16.816960668485578,16.54731509164801
653.6787245552304,671.1007649851176,17.54203266291575,17.288801679545095
654.3718974100024,666.4983310001874,18.044503786867864,18.761549135489552
653.8137043401312,659.4610356721555,18.975899997411048,20.482448690479032
654.3718671518417,652.5878565749895,19.28986459615799,21.348725708053326
655.0251011942553,646.3190358140001,19.8147945215847,23.108611492727178
656.029892856288,638.7085525744069,19.445881973886248,23.91759829662074
657.3057746156229,629.3889348166817,19.920096543595506,24.40461976177809
656.8455149040202,621.7762853859089,20.471452453617243,25.43633036648791
658.0882004484339,613.172866524805,20.477422001997006,25.92301428010176
659.803729747912,605.0313180070893,19.97664599581413,25.34940660361908
660.0544165693499,596.2504914323736,19.789374525790056,25.673251525511688
661.0870646887391,588.9330373518602,20.18185721767561,25.452904559585328
661.3411702346255,580.5883945765788,21.11650196086388,26.055565964640312
661.7455297186709,571.2245559026484,21.81692300742144,26.642137660645652
662.3490023267631,562.9914117681992,22.39058692209652,27.214955165383902
663.8892772317332,554.9820972653274,21.902482485691337,27.826960330795377
665.985238572649,548.2645665193354,20.843189198391038,27.733411593287165
667.4007786022062,541.573266344643,20.40693030626871,26.60716184501565
668.0728720505967,535.855043640456,20.5765144666165,25.633023757296062
669.9337832098157,527.2800325474766,20.0964371432958,24.757128890032067
670.7458152489999,520.5337862313522,19.726843890122833,23.938388001773134
670.4698162048016,513.751172904124,19.067408567874757,24.458906404276338
670.3503756900784,507.4925857768568,17.977897568512518,25.823973420041295
670.7287646676664,499.56043880959544,17.061344833063124,26.950405721263245
671.7068425133484,493.899677047258,16.393946465917953,26.256617051113814
672.2387875071373,486.5483826942884,16.17646913703159,25.82478345480698
672.0150187786159,480.1611610505631,16.02519067610578,24.90416601227702
672.2449024785473,473.35037145257405,15.864014890012523,23.961391265384083
672.8453523608614,466.68865113166805,15.437498670305995,22.969013120574996
673.7118861597984,459.67718417050264,15.066545025068688,23.1924055695172
675.1132687120873,452.0489584330517,14.601517957600098,23.412693714340847
674.8986335822234,446.26083021205324,14.928493295453062,23.01987972176752
674.976019788028,438.3158869724638,15.812386655328202,23.44170284645427
675.3296597992353,430.9376707762639,16.887966435159818,23.783859115807253
675.8848190407112,422.6420508174551,18.041304568418738,24.500526279518617
676.1584022372573,415.4404106405934,19.65035002835414,25.536191887148163
675.7006851282334,404.79233315297995,21.06489160724166,26.780611938058698
675.787998070291,396.64770140061086,22.854880591290495,28.33756037932025
676.6657395306866,389.32753351848106,25.17453957723785,31.219290186548626
677.8188232821301,381.537361484699,26.902559391245212,34.926465308800246
675.5188541876172,372.097178772848,27.851122763376495,37.7671807691234
677.0168666736632,365.2452931139313,29.484965344995224,39.166684203655926
678.2810901084605,356.1782517415976,30.97002250372104,40.108010295491326
678.153293534997,349.2397845292936,30.59467998170277,40.05902614099777
680.4032452372328,342.3681344130913,30.216099209067025,40.09859102183981
682.6644985515811,334.07426376955726,29.542881520800094,41.12533529963059
683.5491365621479,326.7243877688786,29.01794448892459,42.526625386925346
683.6716521666943,321.03751199639316,28.463968577683016,43.440721170177596
685.5715147061514,316.62041459323854,28.75124911400331,43.472013754807115
686.3867750343957,311.41157592185476,29.050950015132,42.91537163956686
688.1268264815792,303.727690993131,29.881317701819622,43.7837213309988
688.5303938347557,299.18024329074893,29.943064221052538,43.648804113692606
691.0516175867442,292.45242006448194,29.64545924637241,43.04935107892183
693.1316877772998,287.99824546763904,28.22228785940174,42.72883369545927
694.946115219501,280.19603105604074,27.33713109511652,42.76684863926131
696.333216270085,274.08165372933337,26.953431923636042,42.99490138837921
697.2536281841358,268.4538102381457,26.9790936912377,42.044640494777916
699.2491810158953,264.9305957456397,27.12533238807028,43.69678237041484
699.1322426474254,258.3184184827935,27.895113055674123,45.37087444493547
701.538068390198,251.91656407808898,27.426814841613343,47.0430219750476
702.5738930088211,245.595936095595,26.975328568234332,49.00632994198873
702.5902230980417,239.57078108923963,26.769862603660098,51.13569574083227
705.0988060255619,234.0642850998601,26.644389863854194,53.50954282213041
707.1095115036843,226.68595008711816,27.109291773820345,53.28514900484083
707.7604792382647,223.7786479854486,27.54318088962056,53.07420999528934
707.604933869279,218.93393664451864,28.184563375638795,48.89096727187582
708.6185126839703,217.93715317367165,28.619396102701547,45.144559237983835
