572.0,359.0,7.0,16.0
570.8594627380371,358.34990329565926,10,16.17198524828109
571.1512603759766,359.30376675157737,10,16.392786931415607
571.2594261169434,358.1854726648164,10,16.156150465044906
571.710563659668,359.5789895292036,10,16.265685034610282
571.2584686279297,359.2174165352749,10,16.18864105054405
571.8859882354736,359.8623168480662,10,16.08126687759803
571.7082099914551,359.6015576433474,10,15.988832650316853
571.865650177002,359.86796264955046,10,15.994619744844435
572.2581977844238,360.60642810749783,10,15.87625511312931
571.987476348877,360.5977137518084,10,15.784739885299238
572.8308906555176,360.66470692207963,10,15.581394719073156
572.8120231628418,360.9079984471176,10,15.554677239065487
572.8542804718018,361.4978419422639,10,15.724233412835506
573.171028137207,361.6566050635707,10,15.993728044245408
572.4313735961914,362.1727750728538,10,15.971649561323648
572.6835060119629,361.89388377473955,10,15.892740110432996
573.2200164794922,362.67636906818007,10,15.690066581657424
572.7313747406006,362.41204944411965,10,15.53682487885052
572.6721515655518,362.71632535046643,10,15.306835993403062
572.3712692260742,363.6018666217887,10,15.699136934645242
572.39501953125,363.014915055313,10,15.862217771454064
572.6421775817871,363.73610908937735,10,15.949851370805838
572.627571105957,363.79743906183506,10,16.122120930285
571.9581699371338,363.90263845456406,10,16.512514075979354
572.2753887176514,364.3447270826788,10,16.759421261888484
571.966875076294,364.7605190172379,10,16.905586263619828
572.6355533599854,364.5706798575104,10,17.00328979059435
572.2432117462158,364.6970935765489,10,17.075165569070116
572.1316318511963,365.6157307409582,10,17.128947301042565
571.9427280426025,365.74591180433606,10,16.99215084811504
572.3736572265625,365.5758461186194,10,16.719214592595254
571.5012493133545,366.38140386815957,10,16.39327441700116
571.0831108093262,365.9758078794805,10,16.47276168244524
572.0141582489014,366.9279453557061,10,16.470277348890576
571.9185009002686,366.87785982561047,10,16.268404494286827
571.8236351013184,366.95183499729615,10,16.071923572302257
571.8631172180176,367.1728621203794,10,15.977365358850506
572.3852519989014,367.0037175886073,10,15.955817844025612
571.9512176513672,368.15176416334094,10,16.077479821511503
571.9680213928223,367.9028584461369,10,16.031109432189083
572.8279361724854,368.3743478648834,10,15.86493647238159
572.6598567962646,367.80472717866246,10,15.866417682470058
572.8191814422607,368.6228576693133,10,15.751919549068706
573.0442790985107,368.618260093785,10,15.794005019949473
572.4751033782959,368.8980772027545,10,15.862731550301554
573.0765056610107,369.4964402368059,10,15.953153004171465
572.969367980957,369.5488501067366,10,16.381952191311964
573.2085838317871,368.9668336444019,10,16.443896187758682
573.5701370239258,369.7134512062043,10,16.314491630560113
573.2916488647461,369.4827038162356,10,16.219284750341373
573.9138450622559,369.47424949280366,10,16.071325996082134
573.6817474365234,369.67386710314184,10,15.864317185317919
573.8086605072021,370.6804378256546,10,16.071207478573534
573.4517955780029,370.31775777515884,10,16.476930280981207
574.0393238067627,370.15747943016265,10,16.529946992946172
573.7387981414795,371.2665352787692,10,16.755873686846357
573.8736782073975,371.26427560675506,10,16.995366938345352
574.3101272583008,371.7850346295928,10,17.088152939300755
574.2236366271973,372.1986248350297,10,17.114682702987512
574.2169704437256,372.37199550612434,10,17.377632980671194
574.0440330505371,373.3994087011466,10,17.71179127080244
573.7590675354004,374.22911371833465,10,17.8100564073249
574.1671104431152,375.1592368180424,10,17.93536394936444
573.7089138031006,376.84027052243664,10,18.087964051562313
573.9984931945801,378.1519506904277,10,18.079685502689507
574.0650901794434,379.9071265495745,10,17.97063230734507
573.9798736572266,382.03327557543207,10,17.921100674086997
575.0371074676514,383.39158296375376,10,17.635905270002283
574.2513561248779,384.37825403439655,10,17.686889453179518
574.5314865112305,386.021493999834,10,17.721179785976577
574.9145317077637,388.80378635960744,10,17.839975193382784
575.7581253051758,390.1075325042991,10,17.766815179390058
575.6895408630371,391.76450431139045,10,17.384222273215144
575.1475296020508,394.09146176475315,10,17.713446404575713
575.252628326416,395.97062645417736,10,17.74822310482884
575.5287399291992,397.7906318729311,10,17.83374479905967
575.6753787994385,398.7888394212502,10,17.649135427519088
576.2111148834229,400.0699213588365,10,17.4658396553739
576.7385368347168,401.1635468895941,10,17.341470063585202
576.5145530700684,401.8938075562576,10,16.975919433383233
576.7247562408447,403.5473537716408,10,17.023639624687085
576.8561954498291,403.7246517643584,10,17.17985449130272
576.4974250793457,404.1915218967298,10,16.83855578539783
577.0947589874268,403.1770418524677,10,16.797867131246164
576.5633010864258,402.6093688268021,10,17.039181657919194
576.9814949035645,400.41544842799414,10,16.6534132941582
577.2727928161621,399.6298955555929,10,16.642129207417696
576.7323474884033,398.4395815188015,10,17.063494433100065
576.9258766174316,395.3816395709153,10,17.51633435304248
577.2276725769043,392.6730792016803,10,18.041620832479232
577.1601448059082,390.1184764384225,10,17.990853214463627
576.9824466705322,387.3251253053345,10,18.245234313647423
577.6210441589355,384.97116053556186,10,17.8785254864935
577.8724975585938,382.94079393011975,10,17.813816192494905
577.8285598754883,380.19690894613814,10,18.254795083797944
577.9839630126953,376.8547512499813,10,18.103573519324545
577.8437232971191,373.7293174075448,10,18.11271146786938
578.1318626403809,370.60363640044903,10,18.13115188171908
578.6694641113281,367.7226152538643,10,18.05613896858968
578.5915622711182,365.65212277507,10,18.012751977936226
578.8086223602295,362.38834139796967,10,17.8683176618243
578.7012100219727,359.192034719711,10,17.570119861115174
579.1371536254883,357.77072221122586,10,17.34912717178659
579.11594581604,355.0409131026207,10,17.34466076375272
579.4474983215332,351.89222310488384,10,17.230888873240083
579.8592891693115,350.04546865772784,10,17.060738862522847
579.2608871459961,348.4185375739388,10,16.882624711741524
579.215799331665,347.3808960389504,10,16.91047583591751
579.3707256317139,346.10352225079555,10,16.9168301627156
579.7114009857178,344.86996927916294,10,17.29703730226984
579.919075012207,342.5079703735067,10,17.046540179500354
580.863748550415,341.8248050168359,10,16.86662913258792
581.1679077148438,341.55075297818,10,16.82416466741931
580.4873542785645,341.7765296809086,10,16.747737146971872
580.7477779388428,340.6638503066919,10,16.665169717426746
580.9813175201416,341.1063709364209,10,16.36790082735355
580.8090648651123,340.91606656833324,10,16.228894390188955
580.6686935424805,340.5674331160761,10,15.989012246851733
580.9283275604248,340.85304929050693,10,15.955781912150254
581.1982116699219,341.53930061654245,10,16.23869765607531
581.1069087982178,340.9412959462754,10,16.896479915310575
581.1303024291992,341.31152920918277,10,17.00670232382201
581.2373161315918,342.1981616458206,10,17.323212535995538
581.8051624298096,342.16205524678384,10,17.597169413658854
582.4181804656982,343.1259818210832,10,17.710564586593335
582.4205837249756,343.3446866880744,10,17.590606329661753
582.8169479370117,342.820395730007,10,17.567868665718322
583.3681755065918,343.9351388224933,10,17.510226963167735
583.5242538452148,343.8552423312889,10,17.436671099140966
583.45041847229,344.3885857448988,10,17.7121359137668
584.1547603607178,344.89357084887325,10,17.769388301032834
584.1337394714355,345.4872068142665,10,17.480962042853754
585.4169673919678,345.9858207728181,10,17.179477686541503
586.048526763916,345.6991793928366,10,16.964003122285803
586.2690296173096,346.5145432020694,10,16.695717520421752
587.0885486602783,347.3902876497483,10,16.410933947329564
588.0765647888184,347.58194583463995,10,16.260241631501295
588.8621082305908,348.6540710002237,10,16.45615548490414
589.3459987640381,349.0400708615795,10,16.30519229173358
590.4771957397461,349.78824465445825,10,15.929183145917445
591.2050132751465,350.9810082733578,10,16.01580098868478
591.3262882232666,351.539594944105,10,15.897548087864305
592.1877307891846,351.335790659448,10,15.803119608838383
593.0950031280518,351.6839104468128,10,15.820552672048336
594.0119857788086,352.4514444271705,10,15.714172760649245
594.8147125244141,352.5669795431527,10,15.280549733274768
595.7249279022217,353.5772568022546,10,15.019932501447812
597.0150356292725,353.7538313178871,10,15.157101768522653
597.8804531097412,354.808699432809,10,14.928457610212082
599.0540180206299,354.7685756849648,10,14.759326901554802
599.0178127288818,355.68622767614386,10,15.00263238574945
600.0541477203369,356.2594975181922,10,15.151075611808974
601.2518100738525,356.8659759140433,10,15.374581222450551
602.5427398681641,357.30407707928396,10,15.665493149781646
603.4124622344971,358.09680316118596,10,15.864899689591013
604.8521060943604,358.5694204071849,10,15.990031103354841
605.9840621948242,359.5432503072978,10,16.08968117861733
606.8547134399414,359.58107454058364,10,16.089407315317118
607.7214298248291,360.19607253050003,10,16.096830463902297
608.7795467376709,361.4598748677096,10,16.247314931328894
609.8964462280273,361.4711799678823,10,16.117641437526494
610.8578758239746,362.227887369799,10,15.957765146876595
612.7426776885986,362.63871439309645,10,15.776369889344197
613.8916149139404,363.7783538198471,10,15.610830049514838
615.0566177368164,364.68346572335605,10,15.360107890446113
616.1178913116455,365.6569229257918,10,15.22082593186366
617.0797691345215,366.15062248526203,10,15.043641809261093
618.415864944458,366.28700286708,10,15.188907016084201
620.1728610992432,367.0279637928783,10,15.197635341489427
621.6990985870361,367.42952118733393,10,15.36863020223646
622.5601806640625,368.5001776418779,10,15.59139962957429
624.1693992614746,368.61632843612836,10,15.623586261288175
625.4246673583984,369.8394891542259,10,15.769370690571677
626.965763092041,370.3030333155683,10,15.66639430636339
629.371603012085,370.74944806350425,10,15.854928488469984
630.1140365600586,371.6734982560416,10,15.820758614869924
631.5732822418213,372.90965215199867,10,16.115822954303482
632.9774398803711,373.23420168212687,10,16.39159724609788
635.2918491363525,374.51459412865285,10,16.531785863788055
637.7150020599365,373.9849479242071,10,16.30326699338267
638.3833560943604,375.2531637765072,10,16.28154476143873
640.3774032592773,375.75551586629945,10,16.361797704656944
641.843994140625,375.88966622821926,10,16.31295651450879
642.8688430786133,376.9795794525819,10,16.138226501330372
644.2434921264648,377.6855700427534,10,16.200148976993216
645.7595310211182,378.5300563772705,10,16.709399421972705
646.9480171203613,379.27793296785075,10,16.7022898870524
648.3511695861816,379.594093057479,10,16.628037029573274
648.4730529785156,380.78540557174057,10,16.69244111481965
649.4226894378662,381.1525267006621,10,17.03856308427141
649.8828125,382.3850964209202,10,17.216715117144
650.8234519958496,382.87961660580936,10,17.471956516164532
651.504322052002,382.8533828136811,10,17.518785977862468
651.7449398040771,383.61971673013784,10,17.449676341970473
652.7633724212646,385.0896137000726,10,17.345133256593083
653.4189281463623,385.02713580437893,10,17.321411222052664
654.325532913208,385.71550666017725,10,17.281030441852543
654.9352951049805,386.6879005977834,10,17.08133686595658
655.1578559875488,387.024029847832,10,16.631856686171897
656.1008949279785,387.29568835474214,10,16.541023803211015
657.060037612915,387.80595008795194,10,16.365966950561003
657.9773235321045,389.3230369787506,10,16.554754594744818
658.9563274383545,389.5726306402884,10,16.338900096376282
659.1470928192139,389.7379508065266,10,16.10146426219093
660.2708511352539,389.94208538208215,10,16.215228802486056
661.1809215545654,390.74680774382034,10,15.945345541412102
660.8426399230957,391.66524747977934,10,15.975489537511615
661.7259674072266,392.1008336585337,10,16.128761760081005
660.9159049987793,392.5263735351392,10,16.136576355014565
660.9601345062256,392.9201564574257,10,16.41892246722861
660.9194278717041,393.4773515958464,10,16.423283716266127
660.6045970916748,393.97166622512196,10,16.905315621045126
660.4108371734619,394.03785250458566,10,16.581090492537726
659.5864105224609,394.5317309110199,10,16.37802835130005
658.8583602905273,394.3774566546922,10,16.08932497186566
659.1162071228027,395.66406964045655,10,15.987641358735303
658.3462944030762,395.7829746823743,10,15.98522098437249
657.5978107452393,396.8001366246163,10,16.28348148099206
656.6031322479248,396.97807755581306,10,16.30943937079573
655.7796669006348,397.7814279588389,10,16.91211966825968
655.451208114624,397.5572580942211,10,17.286377976596906
655.2294540405273,398.1908778122402,10,17.653534139923867
653.3871078491211,397.8539248143611,10,17.838891856873474
652.9210987091064,399.00348538477175,10,17.847468012194767
651.8043270111084,399.3535512473634,10,17.948972029199023
650.7567729949951,399.11528262467044,10,17.90097314177243
648.8844318389893,399.22910155576034,10,17.76156159795195
647.9535694122314,399.55272586093764,10,17.56984506157197
646.3161163330078,400.16446878888723,10,17.494056654403224
644.752607345581,400.3883212580817,10,17.221312806102166
642.6698131561279,400.9726461530887,10,17.124207663305057
640.8414325714111,400.62870153208127,10,17.06412250956795
639.2862186431885,401.3678184261151,10,17.051510669742456
637.5979099273682,401.82957273817414,10,16.85766207980408
635.5382614135742,401.4758156705792,10,16.547975745023248
633.1805572509766,401.8437248567544,10,16.318863610465787
631.5619926452637,402.5496112599119,10,15.99629749970747
629.2751617431641,403.0217114724009,10,15.958938352805554
626.8282241821289,403.349797266453,10,15.96187015825619
625.4046669006348,403.7213272903561,10,15.948107748389324
622.8964176177979,404.3952852304752,10,15.674891270006569
620.5894908905029,404.57741830932446,10,15.711153066409647
618.1363430023193,405.2265123529925,10,15.668404737374402
615.0638694763184,404.9000509778498,10,15.514652530384453
612.9587173461914,405.5739227569568,10,15.715664617922387
610.9911518096924,406.0184645557788,10,15.634408016128004
608.8449077606201,406.74247407857604,10,15.657259942213113
606.172456741333,407.1427256334246,10,15.720610287105805
602.6931686401367,406.7166966841052,10,15.986723056350133
600.8309268951416,408.4360385033974,10,16.58427522709195
598.62038230896,408.8430720215527,10,17.234586547714894
595.4568977355957,409.6616634516556,10,17.825652283700443
593.8758430480957,409.2844773796406,10,18.077605909664108
591.3372611999512,410.1002087400012,10,18.40508560227296
589.6178970336914,410.4600916485968,10,18.23165309807005
586.3669013977051,410.40598485039175,10,18.410671290427388
584.992956161499,410.54937780614824,10,18.362937197762157
582.231258392334,411.37973503144417,10,18.153409880959266
580.2119903564453,413.1352951494688,10,18.1272444788945
577.772439956665,413.0564417945992,10,17.955933549473464
575.6858215332031,413.0467216866305,10,17.680322190703755
573.8825397491455,414.41959271604475,10,17.538584038125393
571.3266010284424,414.5792474592589,10,17.13553050262476
569.2987594604492,415.01577917613963,10,16.940476102066427
567.0632553100586,415.4686153638446,10,16.76604304550412
564.9594917297363,416.17657770982635,10,16.457532599146102
564.0154762268066,416.7652586412275,10,16.31637602809185
562.7159099578857,417.06172499086415,10,16.281438171347816
561.234317779541,417.5476062367831,10,16.096361623113502
561.19482421875,417.3722517064662,10,15.993804539948432
560.3319072723389,418.112437777389,10,15.72574318911842
560.6988620758057,419.0923122854357,10,15.650164705251612
560.9826011657715,419.4768492767018,10,15.628088555971381
561.1424522399902,419.113539493132,10,15.632284569644153
560.3270969390869,420.3464599745554,10,15.846375247422394
560.5384693145752,420.2859641804947,10,16.420621535250852
560.355188369751,420.34566318247704,10,16.139434590856446
561.3946590423584,421.1391136017888,10,16.19417727640294
561.8404388427734,421.0194803047258,10,16.253588523849153
561.3375759124756,420.88991275107384,10,16.467145628223417
562.108003616333,420.49103069921324,10,16.616365420421168
561.3844032287598,420.38681917667407,10,17.25233973503078
562.1371364593506,419.08657180390696,10,17.367078560154816
562.6850700378418,418.49594748966786,10,17.61543915762717
563.0447006225586,418.1190847108137,10,17.778950939700792
562.4516582489014,417.31539561130444,10,17.641543829881364
563.2141094207764,417.44462538914246,10,17.726208663853786
563.0982646942139,417.482646420147,10,17.723919958778325
562.8666477203369,417.5181924323233,10,17.86190386216007
564.163106918335,417.8571724434397,10,17.858477683921336
563.5546970367432,418.62992100093896,10,17.78039161018258
564.191930770874,419.31497522234525,10,17.635396082409127
563.802656173706,419.93712956888305,10,17.64234623943119
564.9746017456055,421.2273123253457,10,17.502604963566462
565.0253391265869,422.0539602015209,10,17.373738532505065
565.1620388031006,422.94314285167707,10,17.208997804946648
565.4200477600098,423.7454808791842,10,16.90749481511792
565.3748016357422,425.21925761019105,10,17.08645960261592
565.984052658081,426.5657611593161,10,17.02591023752013
566.3414134979248,428.25607697439955,10,17.10281721208952
566.7472152709961,429.7291583684715,10,17.01115042614298
567.0299263000488,430.8852177934424,10,17.011459096953157
566.5784320831299,432.2047002256968,10,16.644970428733373
567.3147201538086,433.4494735036328,10,16.256585829648483
567.8509311676025,435.2012187340265,10,16.362733582972346
567.9739818572998,437.1592562184741,10,16.21570539752436
568.1555824279785,438.70399864921626,10,16.263095688628077
568.6512393951416,439.6356854317939,10,16.113677049009866
568.3307838439941,441.19430361374503,10,15.95198801787122
568.7566509246826,442.90876531731794,10,16.295369145637576
568.7045917510986,445.4345583926887,10,16.720540044456584
569.3858280181885,447.22242225826045,10,16.802382198566942
569.2094478607178,448.433412494842,10,16.803215140931194
569.3712139129639,450.7833868511187,10,17.30615873184469
570.2363529205322,451.7333791711305,10,17.445759205346487
570.2026023864746,452.8024869815529,10,17.546980687773154
570.5455703735352,453.01808704794183,10,17.757775031313553
570.7888946533203,454.655063020749,10,17.934228206548838
571.3345546722412,454.45920655883964,10,17.971525236812873
571.0707626342773,454.07138455305363,10,17.86093115024044
570.8129196166992,453.59821890802226,10,17.784050007441824
571.8130722045898,453.1165353017591,10,17.826389082761164
571.7642211914062,451.2485906274638,10,17.75744215815841
572.1491603851318,449.7075908193647,10,17.71041345404394
571.8760261535645,448.52361796228297,10,17.523282569086444
572.5282936096191,447.10543751660725,10,17.30563497655106
572.4871158599854,444.39162547420347,10,17.32859979011846
573.7990570068359,442.27581228505574,10,17.21623202778889
573.4688262939453,439.35508268254137,10,16.99992908682153
573.8355846405029,437.91233696538586,10,16.952017505995855
574.3244361877441,434.9777686175586,10,17.242098415517635
575.3191184997559,431.38940507847514,10,17.00314556204383
574.5014362335205,430.34815721816744,10,17.465188401799914
574.6355724334717,426.2107116456097,10,16.768735552774686
575.5674266815186,423.46210458242155,10,16.538086367383457
575.3602352142334,421.20244864073646,10,16.7520012170622
576.3398284912109,417.8914060225218,10,16.495775296265027
576.4811477661133,415.4237657728671,10,16.4086635226252
577.1234016418457,412.34979255777006,10,16.239318693053608
576.9846591949463,409.6485266431023,10,16.407445004810995
577.0039672851562,406.4077704681846,10,16.468535754304668
576.993673324585,402.97693487497077,10,16.728652070126845
577.4828662872314,400.2609198433594,10,16.740947178515633
577.3016929626465,398.4395512195447,10,16.987852364377403
577.1765098571777,395.59758821845264,10,17.83117167710833
577.4993171691895,392.06232940270974,10,18.215162056396974
578.2759399414062,389.80308986472033,10,18.23769615556909
578.4937038421631,386.9439232508205,10,18.62565752667939
578.2903156280518,384.51061943035586,10,18.668572845831225
578.2973823547363,383.61519247628365,10,18.61735522077257
578.6100769042969,380.62943771809654,10,18.831166678064683
579.0882549285889,377.2304034983782,10,18.73619541413226
578.4184303283691,375.61569778191637,10,18.620441594370433
579.1246814727783,373.72442943582826,10,18.630483016771244
579.3383350372314,370.7437488598107,10,18.437825766706794
579.9044952392578,368.7989245969704,10,18.129697497953753
579.8826599121094,366.91307362858254,10,17.970731557532233
580.6194381713867,365.5457535680191,10,17.95789700824887
580.2375259399414,362.6784744281216,10,17.903701778522464
580.352481842041,360.22982212668046,10,17.503040377986764
581.2868232727051,358.03879033400926,10,17.21811177582912
580.8316040039062,356.01702414148764,10,17.15783098948569
580.8294277191162,353.64161171910575,10,16.868372631124465
581.3933296203613,351.6754496569346,10,16.80501499277146
581.3518161773682,350.0169831766687,10,16.735786149103955
581.0874061584473,348.31613663551434,10,16.64007704025066
580.8724575042725,346.58267810401736,10,16.64263100510005
582.4916133880615,345.3819943682807,10,16.661109682628123
582.4111995697021,343.56798209626,10,16.490153513778836
582.9196224212646,342.1334973868041,10,16.483581245678952
583.047212600708,341.67061959363605,10,16.53938749119468
583.3412437438965,339.90195290134136,10,16.181018513723473
584.0496368408203,339.12563650641846,10,16.291665219584978
584.2731838226318,337.7901997955056,10,15.929755133109932
584.5519256591797,337.2136696273484,10,15.711084664980977
585.1302757263184,336.2432968620667,10,15.775472163317795
584.7353668212891,335.766211362257,10,15.940660771579683
586.1900501251221,335.8856886803408,10,16.22172948135943
587.0378341674805,335.5012251031904,10,16.529379627603603
587.4191493988037,334.761363410007,10,16.855576707818013
588.1996593475342,334.28376156033784,10,16.81860435124814
588.5254287719727,334.91135177859735,10,16.9160507152662
589.5250587463379,334.47256223405685,10,16.8792125375015
590.1261901855469,335.21350357502604,10,16.934500265719414
590.293306350708,334.8540760144029,10,16.90203931640908
590.8714942932129,334.5557024765108,10,16.880698623638544
591.8416404724121,335.454014338082,10,16.859007761824326
592.7826480865479,335.28326303553416,10,16.64776454782811
593.4447269439697,335.15726364338144,10,16.634531245952004
594.0983734130859,335.3487480502174,10,16.551611260405082
594.625904083252,335.49040240330885,10,16.18478357228853
595.2989521026611,335.42552884478977,10,16.018266040889223
596.4435138702393,336.03972744530853,10,16.01661444532042
597.3484764099121,335.79021286591626,10,16.011062152689004
597.9981002807617,336.9321096062829,10,15.73993346687756
599.302885055542,337.1957575638781,10,15.685179360769194
599.6445865631104,336.43271045661885,10,15.386753464203682
600.3273582458496,337.23302160750785,10,15.20899416901754
601.4127006530762,337.8934541809809,10,15.353720452735526
602.2345905303955,337.62392925366606,10,15.398217695060506
603.0115089416504,338.62471382192,10,15.558822783406107
602.3546543121338,338.37505671103986,10,15.72646815140666
603.1536693572998,338.29990310263634,10,15.649209602832741
603.4647846221924,338.6707446791831,10,15.584921316682651
603.9663429260254,339.1544628001337,10,15.55898287751587
604.6278324127197,340.13871885315115,10,15.72834918944964
604.6554355621338,339.3494933946769,10,15.997737148634394
605.0792369842529,340.0148649033124,10,16.180536306656425
605.043571472168,340.52483108818063,10,16.36512893081651
605.1336517333984,340.6492045079992,10,16.71305033458763
605.130937576294,341.26114158413105,10,17.14497223334926
605.916524887085,341.2851759593545,10,17.4550730385664
605.8553047180176,341.85001526014366,10,17.508011624488084
605.7319812774658,341.438274079704,10,17.569321286392732
606.2703876495361,341.85301071676844,10,17.610804433162386
605.2453918457031,342.9129043897415,10,17.42142175030208
605.1791858673096,342.23706515881065,10,17.250467613286958
604.2726097106934,342.76724110328445,10,17.11059073044283
603.5198383331299,343.6029151407013,10,16.985961253021216
601.8016700744629,343.1370176732615,10,16.66143141983446
601.3336124420166,343.9547514184646,10,16.481461671127448
600.1865673065186,344.3876621796622,10,16.47650669536309
599.0028820037842,343.90888476355525,10,16.540976047840708
597.8771896362305,344.64805017047325,10,16.29515484704181
596.3323631286621,344.71430750966266,10,16.125427796836735
595.931079864502,345.0652177047998,10,15.969982681220657
595.1926326751709,345.2491625973679,10,15.810623322109933
593.5790214538574,345.6216548054511,10,15.742316609800962
592.9955615997314,346.1630711751868,10,15.674601515593187
592.3783512115479,345.9598770044575,10,15.509025593135835
591.9464321136475,346.66617432031387,10,15.651202384762898
591.5704860687256,347.27515453911144,10,16.000903232568113
590.5004978179932,347.401237899669,10,16.220805298074048
589.6808376312256,347.3241418120014,10,16.388882971456194
589.5214176177979,347.6084119888799,10,16.11723669118558
588.9904766082764,348.1598932026089,10,16.110942507135743
589.1430530548096,349.4107545308246,10,16.605500520870308
588.449296951294,349.76555793838924,10,17.089985502616074
589.1414451599121,349.7041323104523,10,17.024543301458692
588.1068782806396,349.562114396598,10,17.10575930494847
588.4966201782227,350.3548311100829,10,17.413647868945553
588.7306709289551,350.51255735080144,10,17.79895527520375
588.7693557739258,350.49460928044215,10,17.88537326650823
588.5315475463867,350.97652080515513,10,17.90745491068578
588.3791465759277,351.85344127794133,10,17.909648816187662
588.4332103729248,352.06041513820406,10,17.683010360798853
588.7753238677979,352.31274683016113,10,17.43100200618167
588.7386302947998,352.29057457896596,10,17.0649766355251
588.8951206207275,352.5517991248707,10,16.82489143531721
589.7503700256348,353.45051733235954,10,16.52724139729268
589.1536617279053,353.3511814100782,10,16.608325198642397
589.1918888092041,354.1208307195976,10,16.513511290296975
590.0554485321045,354.5461346128498,10,16.413235382454715
590.1438694000244,354.0010808113499,10,16.472588896099083
590.488037109375,354.7156148823482,10,16.164500063184477
590.9773063659668,354.68834390472057,10,16.13064785340061
590.7741641998291,354.70275555624215,10,16.196375636783287
590.7068214416504,355.3435284150051,10,16.130669305243718
590.8641357421875,356.3121996159952,10,16.28126711932797
591.4022827148438,356.5992281120987,10,16.325866285568292
592.3488121032715,355.90842655530645,10,16.22590964573477
592.9073314666748,356.5863121519,10,16.51507406045779
593.071756362915,356.58870754150337,10,16.531771470948314
593.2380104064941,356.5518025576076,10,16.480955279072006
593.952543258667,356.92726712703865,10,16.463069810864123
593.7984313964844,357.56386223467615,10,16.36970823938793
593.4880638122559,357.58791905121217,10,16.52801169005616
593.991132736206,358.09819371888904,10,16.572327467007085
593.9817447662354,358.70077295579165,10,16.394665331092487
592.9188690185547,359.1343078333515,10,16.47111898295521
592.0413589477539,359.83094907398277,10,16.264508712386068
591.2400169372559,359.64543670480936,10,16.67353165019578
590.4088153839111,360.4554775173373,10,17.12340775829422
590.0279960632324,360.1883620513474,10,18.111644885342383
589.0564460754395,360.4799609261616,10,18.739392265108425
586.9243469238281,360.93813404692446,10,18.529676730369832
586.0288066864014,361.5704323982197,10,18.278183512886855
584.9316101074219,361.4018951944921,10,17.882588090019706
584.7330074310303,362.45445779892066,10,17.495213430479055
582.3597755432129,363.66203703898736,10,16.90633363686905
581.5294481003211,364.67934065998094,10.029097421183813,16.18424546836817
580.7902698516846,365.0769539805555,10,15.944026761789317
579.9876169870683,364.9002108480829,10.062054691634899,15.532898921509934
577.430061340332,366.8866328980757,10,15.726398510489318
576.1102142333984,367.10279282745205,10,15.75293714172673
574.5321979522705,367.88081147851756,10,15.747673460201185
573.8979969024658,368.272493399278,10,15.710246966092395
571.7102607438087,368.1844967304762,10.322695980644312,15.361624062240896
569.8575753163922,369.2783604507552,10.145029268338597,15.353671859720034
568.3290920257568,368.9287220054099,10,15.420117176924368
567.5016479492188,369.7396355041042,10,15.192096637055172
565.1824111938477,370.71484489763094,10,14.871789544337735
562.7320255511195,370.8341021925119,10.064871932429014,14.657666128892124
562.5372447967529,370.97204600087633,10,14.493240151567658
560.1354465484619,373.06122726984717,10,14.728978260598662
559.1677875518799,373.08206875349555,10,14.980473851651464
557.6605033874512,373.22215449273705,10,15.493747960326694
555.3101844787598,373.2013281421611,10,15.816433223734382
554.4879224443378,373.2587181208818,10.0738339138147,15.569908881527422
552.8289451599121,374.03400790383915,10,15.477207428405682
551.3526611328125,375.16886175909195,10,15.612071251103252
550.4625797271729,376.2704311272896,10,16.123555012266507
549.4706344604492,376.79259007304637,10,15.743810790186513
547.2100907250051,377.60445291136546,10.058971229433132,15.548387878440908
546.2069053649902,378.01171617185526,10,15.97952023197308
544.370683670044,379.03671866113376,10,16.96824587475393
543.450927734375,379.4331018314607,10,17.928710582684097
542.6791877746582,380.23057420585445,10,18.123766749423933
541.5173225402832,381.220840296983,10,18.332962350369954
539.3468074798584,381.65394645257527,10,18.304762734497867
539.0497303009033,381.33481738881187,10,18.02353386251299
536.3857021331787,382.43776160824683,10,17.680270545713363
536.6324634552002,383.44635301974273,10,16.979013320866127
535.7644329071045,384.5397774148816,10,16.932148661447695
534.8635139465332,384.3749506692034,10,16.61901803415187
533.8653602600098,385.58702394659997,10,16.436719471302037
533.0484828948975,385.79284643389775,10,16.227703586061917
532.3044681549072,386.6212415023995,10,16.43615163875562
531.8643207550049,387.1923593396393,10,16.1920826207702
531.0006713867188,388.2106209195477,10,16.26111976368785
530.9795799255371,389.18387509795184,10,15.950586290912693
530.5277805328369,388.13464478507393,10,16.102635783855995
529.3791236877441,389.4489958937505,10,16.09221588461807
529.9580383300781,389.77069403305444,10,15.876176325980992
529.5620002746582,389.9324201998666,10,15.88295089054994
528.885440826416,390.5537945706052,10,15.586311920801288
528.7432022094727,390.5537461506221,10,15.449865486841716
528.0237445831299,391.29191787013576,10,15.386218886193369
527.6530418395996,391.54222420443574,10,15.267129349917562
526.7935810089111,392.0985495022967,10,15.04502746025036
526.7092914581299,391.64688838882716,10,15.043759080499989
526.7058258056641,392.1136579721497,10,15.263170200720078
525.9500312805176,391.6567000564941,10,15.431133425830074
525.5590915679932,392.5840252164831,10,15.599542950822919
524.7990589141846,392.40358149935366,10,15.83520150324583
523.9343605041504,392.44181149442886,10,16.11732305606416
522.6828708648682,392.60268357108345,10,16.513928359542074
521.7907695770264,393.8152489560276,10,17.010592481011308
521.1632480621338,394.47734457423905,10,17.599838134236755
519.7203521728516,395.3046696903122,10,17.69563040697319
518.9201927185059,396.2381430525555,10,17.75127584557261
518.010217666626,396.7685870850554,10,17.81196981182285
515.4073505401611,397.4946706232671,10,17.79792071635643
513.9878729211026,398.1024311239955,10.263584449542895,17.461130488825425
511.2783318512748,398.7370355382323,10.098914910731658,17.401215025830282
510.6379108428955,399.5720936651859,10,17.178558946483676
507.51294326782227,400.3294738977113,10,17.028052479235562
505.31190299987793,401.6236069550898,10,16.734387804908227
503.28529930114746,402.3098511669806,10,16.799361234154027
500.7821788787842,403.52505186458967,10,16.272951538154597
498.55525970458984,404.06164835123354,10,16.167482411302444
496.89468002319336,404.68408710396346,10,16.257417070149284
495.2875785827637,405.30406160321826,10,16.149403191268533
494.38697052001953,406.74813615050977,10,15.862740302740235
491.96096992492676,407.47671489785364,10,15.775131605659933
491.00986671447754,407.9353610951106,10,15.553125008265141
488.90760612487793,408.97426344330205,10,15.658082457878319
489.25749015808105,409.68079851323745,10,15.287260090224317
489.0085735321045,409.9184393682114,10,15.20836738784476
488.3372497558594,409.5250326793975,10,15.157423654876927
488.6067581176758,410.3654443376291,10,15.284137417271015
488.16878509521484,410.50843652415176,10,15.312777830602741
488.933650970459,411.1159643749006,10,15.368798331497615
488.78970527648926,411.343694596668,10,15.201496304710904
488.83177947998047,412.1446653417413,10,14.959433354603386
489.6410255432129,412.9341394810335,10,14.554465788909557
489.5862922668457,413.26231262323,10,15.190001065795851
488.7726345062256,413.28446798479274,10,15.37290134120557
489.42323303222656,414.0012484116822,10,15.724302187866064
490.00574111938477,415.25777323033856,10,15.963301042984956
489.8130912780762,414.96640136525104,10,16.00570816427335
490.8749656677246,416.829912643514,10,16.11085418684899
490.809362411499,417.39815692280627,10,16.386703885100303
490.78648376464844,417.1435137203212,10,16.552080072785348
490.7868570141896,418.42660589341614,10.06224941156222,16.367415044222376
489.8418069769861,419.90759705161406,10.491633238410644,16.116366413129356
490.54287990666313,421.3009644284035,10.314016645414021,16.171829077763256
490.44924171870224,422.3266436434741,10.61005766977323,16.065035466958093
491.3850874524151,423.0305125781971,10.24680431269908,15.96148918686756
490.3293490106947,424.28368563828474,10.603463233493331,15.844955536174684
489.64460247581724,425.42005642421594,10.669191959986648,15.976209478228297
490.828346000044,426.52989338163223,10.410820512119047,15.716576609538237
490.48885345458984,428.4325956237358,10,15.628831121913226
490.5778293609619,429.089497223193,10,16.130079955469405
489.8018741607666,430.7043693950534,10,16.005918802666688
490.27122497558594,432.0898749460196,10,16.11049516411315
490.33938217163086,432.8293083999065,10,16.00301573802877
489.3931484222412,435.2003630268084,10,15.379665639498374
490.0771961212158,436.40783687574054,10,15.294010238997462
489.72321128845215,436.9310075234803,10,16.221831998937844
488.91773986816406,438.4143193483231,10,16.147897100472935
489.58908685279437,440.80383883659147,10.137282684792103,16.02545144669012
488.82668923607594,441.9325266567969,10.092272772965345,15.711767059941364
489.7321434020996,444.6518196466011,10,15.45651543091891
488.7440013885498,446.13440410085434,10,15.235174342236611
488.6336364746094,447.1160682380494,10,15.296706449926596
488.69114685058594,448.32959032522405,10,15.604804029727724
488.0403175354004,449.77959995078265,10,15.260418323532331
488.17626571655273,452.73083139446203,10,15.497958640519315
487.8676242828369,454.3376781618981,10,15.915406768244797
487.9082489013672,454.32478340413047,10,16.379543146573035
487.1938304901123,455.95570197512484,10,16.715373698676146
486.5083293914795,458.6461884657434,10,17.172848288239745
486.2900848388672,461.6057007074218,10,17.776010084179838
485.51086044311523,462.7799158872776,10,17.923284375347198
486.2841091156006,465.26402141218955,10,18.55566307772048
485.797212600708,466.5257204748084,10,18.777904753508196
486.7261657714844,468.2034847392637,10,19.230947086414012
485.76225077352353,470.31791828542595,10.057335153392433,19.2295580214333
485.4502944946289,473.0848612584763,10,19.00578407484432
486.25385209345853,476.1561957793861,10.017022680758714,18.484502514714155
485.77580075781526,478.2392650146915,10.243129624506189,18.29719628897637
485.23647401857437,479.722731814056,10.179098166464577,18.072518854798187
484.98147791925726,481.37209790095835,10.190589541124117,17.657133238610633
484.31017875671387,484.02923416534486,10,17.526805411986004
484.14932325756456,486.1116850833404,10.108835632087722,17.080027965643456
483.7285695597826,487.5792446552227,10.030810251772662,16.586532509622998
484.1067352294922,490.77802276891106,10,16.277645105488457
482.9236530247469,492.3820208510062,10.511080943914408,15.62062474085873
484.06480598449707,494.78984357325544,10,15.59292409006137
483.2532196044922,496.0128886728992,10,15.446711057521938
483.2225595839078,496.9356195847878,10.234450076569193,15.344794765971315
482.97719592503205,499.3977385864794,10.332870112826512,15.069135406386815
483.18123347039733,500.21963927157634,10.394704690064696,14.887873709044584
482.54202202222325,501.98202092015634,10.094705040026112,15.291760314228355
481.84967041015625,502.80264520688894,10,15.652468680460398
481.9380503051292,505.1593713529044,10.14490692758345,15.528135345949114
480.2632722291394,507.4235495465472,10.389646642795421,14.916641446456417
480.3891530912107,508.76706324721573,10.420454803906768,14.270580079054811
479.40572357177734,510.6822652685064,10,15.198080089207867
479.2028274536133,511.17183190542545,10,15.375326515076804
478.49682807922363,511.89643562088577,10,15.487360234058588
477.7350425720215,513.1778792435957,10,15.753589809927764
476.76013565063477,514.4710323174136,10,15.985952027770534
475.8960361480713,516.647182580384,10,16.38013053625351
474.8807621002197,516.7916910664145,10,17.008956429182703
474.1653633117676,517.5834895823401,10,16.887998252311903
472.9415092468262,518.346262857571,10,17.126733928412737
472.8991813659668,520.4959950772916,10,16.665064746539944
473.03672790527344,521.5247704127328,10,16.327831916233638
471.8956718444824,521.870634001618,10,16.37508026336552
471.224271774292,522.9216767716014,10,15.85095569141634
470.9779052734375,523.8126820188336,10,15.1933539188757
471.1143207550049,524.0924307947222,10,14.933603834139529
470.36242485046387,523.1179010362919,10,14.73527107805111
470.5854835510254,521.9009988330745,10,14.981361861438867
471.0754642486572,520.7158626658085,10,15.477072886156495
471.38129234313965,519.7657342751473,10,15.688490708738533
470.7037944793701,517.8090571494415,10,16.100044423040778
470.30352783203125,516.0864577175508,10,15.610775971148303
470.3493078774794,514.7184133887935,10.04404095280479,15.33582489477638
471.24527282267775,512.9018601742978,10.02253113687106,15.101205951453247
471.5041751861572,510.70975683626585,10,15.023876220046418
470.93176460266113,508.129697559413,10,14.912579063302973
471.71426010131836,505.5502050862157,10,14.914966872246257
472.07012367248535,503.1247737373965,10,14.96153879840035
471.4357032775879,501.9423751684527,10,15.242103605965706
472.3938808441162,499.7444300448268,10,14.691082995063168
472.25730397402964,498.90559796005994,10.007399040466135,14.185500552048126
473.04998207092285,497.60937185303453,10,14.212229346909462
473.2622699737549,496.65922533008575,10,13.949814110336321
473.3281936645508,497.17659538299955,10,13.853588713981363
473.4277229309082,495.95820570749834,10,13.962231620892041
473.5717525482178,496.48790870502546,10,14.218812259138478
473.82653045654297,495.42623975510486,10,14.57438129911645
474.5515651702881,495.7659557985886,10,14.781286492422382
474.73129081726074,495.0631902109504,10,15.140808603978176
474.9971903816154,495.37624872127975,10.089542576613008,15.20466350714749
475.1675333888781,495.9754400474522,10.103798883864844,15.368577912908151
475.3705714438845,495.7434770224649,10.033465724291576,15.549171138175613
475.09043278120026,495.9445830779597,10.101067268410024,15.588678082361923
475.5223952151518,496.52613094720084,10.163823919061707,15.760188514533855
476.10669767661483,496.18718246910817,10.098620180217605,16.04600325636379
476.3669368231717,496.8770803756881,10.231206614886982,16.007222305264435
477.25113466573504,496.36042682481144,10.153171952709558,15.880903399937644
476.41289807775155,496.3375637471683,10.012372942397278,15.733941566942711
477.0209503173828,496.33668847729035,10,15.838028990243497
477.30981826782227,495.49844846827165,10,15.950731084696887
477.6574764251709,494.99947653083956,10,15.793840212246625
478.5507698059082,494.93832782942997,10,15.721942821364664
478.59656715393066,493.956125460491,10,15.818824365883156
478.73677253723145,492.2784245612842,10,16.026826261953058
479.07263374328613,490.78130139266807,10,16.13545629669516
479.585205078125,490.2757375337471,10,16.019279937388653
479.8866211973006,489.4473844054471,10.011849005545264,15.521334552142884
479.68934357980646,489.37044774116146,10.177007420465243,15.23373678086068
479.86325508996174,488.69913821684673,10.178694593025693,15.185509577048713
480.1944872618873,488.6604391370166,10.279703759916874,15.08198808949211
481.03869242808724,488.33368210896174,10.175766083766867,14.911180398775773
480.72127072633907,487.9359584807853,10.329316762653878,14.591179657081753
481.42725462676697,487.689596869302,10.308824639288286,14.404783769940904
481.598275287596,488.698331138516,10.30225542456392,14.206757980536352
481.7378583111646,488.17584244015575,10.042536704086816,14.08456008428811
482.1891860961914,488.7971190444344,10,14.0038148896468
481.9700393676758,488.7095379235447,10,13.85208427864297
482.8066177368164,488.399965410291,10,13.734309902074266
483.5193209870007,488.1612806878634,10.033097222775904,13.592798121343595
483.425235748291,489.0937231274987,10,13.874595981330664
483.4004440307617,488.10089913101837,10,13.927966294848021
483.53472018900607,488.37524335344585,10.108473287759352,13.96099629481726
482.9882102035542,489.10110173853747,10.237690921016588,13.607458388159419
483.2284183620036,489.4110890335421,10.28916165856117,13.57500058281811
483.5169349710254,489.1225295344781,10.561203757900351,13.485150281629837
483.4109616985183,489.8269228399076,10.635069705990714,13.822938072626215
483.56754525987395,489.8032970164366,10.86176998440249,13.940326743493957
485.0415843230647,490.80430321398455,10.56921706554056,14.480005174814096
485.07274266650086,491.45416202220065,10.374888965093948,14.742715079133811
485.3661182664121,491.91127658577034,10.098749490125021,15.09642647323469
485.772029876709,492.5070687112123,10,15.165286863464058
485.48390197753906,493.1766188159304,10,15.463004586156808
486.2051887512207,492.98561373591946,10,15.837499792565396
485.5667915344238,493.81346738282673,10,16.07886815182705
485.77752113342285,493.3617724674658,10,15.900833269414122
486.4037227630615,492.90227386456195,10,15.258581695924974
487.0431137084961,493.2541793101686,10,15.249160147973436
486.74256896972656,493.60105004481534,10,15.16038770333811
486.92912101745605,492.8590351250933,10,15.048393983211763
487.16296005249023,491.9732313701482,10,15.0714320045766
488.00468826293945,489.7691018393429,10,14.972408809107161
487.23703956604004,488.5927089745577,10,15.44042891367762
488.6726760864258,487.65068516067885,10,15.422853769218424
488.34839820861816,486.39227676258645,10,15.624835970676664
488.9611140971848,484.2823082878159,10.138032578335515,14.964188203420868
489.0716037750244,482.04429554279596,10,15.200551523050624
489.92667961120605,480.2977785934233,10,15.195706393475643
490.0251216888428,478.9777021462778,10,15.608873356370175
490.55630111694336,477.17151077995175,10,15.096477341463723
491.18186950683594,474.35767472195175,10,14.729722730168783
491.5603828430176,472.5723623107759,10,14.496075854522465
491.35510635375977,469.8046515283784,10,15.156756818731544
492.4000072479248,468.30309507934305,10,14.924937771001426
492.4558620452881,466.0776216442977,10,14.623015988748321
493.04727935791016,463.9764632538749,10,14.995144018373242
492.7602882385254,461.8001766234604,10,15.223464959866252
493.46483039855957,459.10578400535024,10,15.575770246135484
494.15494537353516,456.9753962294991,10,16.112340780747942
494.6156578063965,454.4456733854522,10,16.161090057708904
494.6236629486084,452.14091687748686,10,16.499179733795827
495.35821666364126,451.5558745129522,10.030259330188164,16.170595792210868
496.18847149524646,449.2493426689527,10.140364291001212,15.777273676987138
495.53505746317904,446.6112630786535,10.101920290927032,15.72795907218519
496.26944160461426,445.16458690142815,10,15.741501093383889
496.35632133483887,442.5697380122364,10,15.632912433779108
496.9506950378418,440.4114185806077,10,16.134262753335463
496.83384895324707,438.68299949858266,10,16.50344680361594
497.456693649292,436.6844957715142,10,16.503475497987246
498.12684440612793,434.85086337722794,10,15.938436667175038
497.3352928161621,433.9579688134157,10,15.576707636840517
498.0703473635927,433.23803664873947,10.03388107847868,15.23682495691564
498.85405921936035,431.37725657666056,10,15.043506255858563
498.5118885040283,430.1919467809881,10,15.210188316686008
498.7653120730327,428.9630145035588,10.121231322684617,14.633362014611006
499.8431131498529,427.99065799484293,10.278903552589062,13.836822132872769
499.53790714864164,426.645476160813,10.366415927326091,13.857099893950153
500.10002945533984,425.2056701247931,10.868826892542927,13.432699667406048
500.10705842028483,424.49677536007084,10.840456218512386,13.316366729809499
500.8174742918476,423.09755799640874,10.597717431929869,13.445489933696233
501.630123999653,421.38592430765846,10.364149278526039,13.36701399454635
502.2701778806977,420.23118553956687,10.507503430499137,13.129959853483408
502.4719510158531,420.00171377827957,10.584757788850453,12.967569300130334
503.34581885877407,418.59940289032016,10.294770516094406,13.019532232054981
504.13933753967285,417.7854755346825,10,13.052385722627132
504.10683250427246,416.863289669347,10,13.613935798024748
503.68919563293457,415.26620070877794,10,13.940537120041771
504.8000659942627,414.3710599859248,10,14.541624840162227
505.4339962005615,412.41069873202383,10,14.573759396303913
505.21154594421387,411.2801344434747,10,15.070495120618919
505.79770851135254,409.890566875847,10,15.537927527602887
506.1485404968262,408.95203202479144,10,15.467170844215989
506.6461868286133,407.81613763800357,10,15.697448082147115
506.9050827026367,407.7267564781862,10,15.636098097094468
507.96953247767476,407.1374006270748,10.069891953830142,15.446432113770404
508.08532333374023,406.2851094425316,10,15.362894213081319
508.47993121138194,405.55402248991544,10.213122654140397,15.043093325833128
508.2648391723633,405.6238067463004,10,15.054598268873914
509.1073417663574,405.07786561346,10,14.85702893543356
508.9262008666992,404.6376068856367,10,14.665227360318312
510.5165386199951,404.73964413996765,10,14.96470433481078
510.16759872436523,403.206305099052,10,14.93687329188625
510.0906810760498,402.50609448143086,10,14.528098054960562
510.47282791137695,401.90939346891344,10,14.305457752114506
511.1836757659912,401.0659087666355,10,14.40130548308641
511.9677517290247,400.4977807094881,10.048661733600966,14.205389203582413
511.72303104293513,399.85521561559057,10.26065635895398,13.812907086689943
511.81991974639857,399.5567304428434,10.306171096802485,14.07097972710616
512.4510263138266,398.46872089191305,10.426266921907455,13.749383014757829
512.3096396286304,398.6115082335905,10.619200356997045,13.488020214947964
513.3957661612582,398.27778770429745,10.224477961907528,13.219273529393329
513.6850213897578,397.6955695620311,10.324522039820229,12.885094549033475
514.144191479379,397.67933426718395,10.482681799542954,12.569260390192607
515.5194721839017,396.64114441154067,10.521392698846885,12.34456893448708
515.4868496720491,396.8019036623137,10.662718044817955,12.281023150226147
515.9970534517266,396.2083862021056,10.701987609486167,12.504934749109111
516.9017701655475,395.38841499411336,10.373148816854094,12.648562162652205
517.1094617427644,394.45847515291337,10.025526129949707,12.739025035970155
516.5032844543457,394.8606604165812,10,12.822735105558342
517.5685348510742,394.0168786723705,10,13.180853708725714
517.5987148284912,393.4140178448621,10,13.517495773898911
518.6024036407471,393.3409262863377,10,13.761670834306951
519.0487880706787,393.0462926922539,10,14.262295902113184
519.6170845031738,392.9199087512273,10,14.639758608385257
519.654390335083,391.9989113441728,10,14.680399967904371
520.4195766448975,392.3123050892608,10,14.878433949896312
520.7776222229004,392.1887518413975,10,14.893213938054632
521.5966262817383,391.89795368095747,10,15.046003954003009
521.0425300598145,392.19106633485933,10,14.933434346882887
521.769867565997,391.98040465828376,10.012861913904635,14.629507455893396
522.6518974304199,391.6070395278729,10,14.477964248697507
522.2837295532227,391.98578652710063,10,14.432269871824163
523.2818984985352,391.4089012692037,10,14.469322095381653
523.8695297241211,390.89340549277273,10,14.337139972706444
523.6565437316895,391.04126487052133,10,14.297436994797135
524.0642566680908,390.94624867227174,10,14.377529816101077
524.9216918945312,390.8135459979827,10,14.235777266729844
525.8981800079346,390.4307306381946,10,14.003162747048309
526.631649017334,390.74414781729377,10,14.04174892107648
526.6701717376709,390.3590041735267,10,14.294847182731697
527.3972362008586,389.9825361495109,10.067809397599241,13.788917874318004
528.1125687335117,390.6813887585435,10.193136458757898,13.594913675539988
528.1734915668926,390.67260315032485,10.414102376468655,13.249188383188152
529.1017806222533,390.5731556412771,10.021093906860589,13.6114020353169
529.9165282364286,390.3336342251109,10.112996078412483,13.537298505344594
531.2470739067938,389.7870226282613,10.508221113414333,13.239271088692266
531.9930331059595,390.2618478157902,10.709581981440405,13.06272252027505
532.940327265461,390.9254946083817,10.191157145103467,13.056748515170222
533.8494491577148,390.60539953461495,10,13.038022189315075
534.6080150604248,391.1352741639795,10,13.181733623945377
535.434061050415,390.38648607851366,10,13.380039164994205
536.65505027771,390.6819932266892,10,13.790447750723176
537.4013538360596,390.9925395325037,10,14.075864538508199
538.0940742492676,391.0634376612447,10,14.81263502296968
537.3167572021484,390.2605418942764,10,15.148944897970676
538.2361793518066,390.44888842075557,10,15.173802137981045
539.0285186767578,391.0660065236782,10,15.169672285895519
539.5362558358055,391.10740852541704,10.02617454665069,15.237316127876873
538.7028347976246,391.8943677881528,10.007450674526156,15.262064747180762
538.9982486305895,391.7321024894435,10.14403618608666,15.288678932245872
539.3678787735669,393.43749373774665,10.630651754624017,15.328816540619943
538.580178333548,393.0142416559498,11.069631431048517,15.35486706041486
539.4234682726742,393.6362344341444,10.866236367249318,15.039699253049141
540.0190245962879,394.7519980908571,11.188169984670315,14.715860080492753
540.0341396962358,395.40525631766803,10.754691951522517,14.631317046060381
540.1533188452373,396.13122783724737,10.326491429398395,14.260394362126327
540.0869789123535,396.7997727568834,10,14.328074420315215
540.2727489471436,397.33515189512485,10,14.261832745394834
541.1389694213867,398.6971714085305,10,14.692433916337468
541.0301475524902,397.7188941862351,10,14.482537860439994
541.889518737793,398.4126568957627,10,14.073913350808498
542.0703754425049,399.0485605268086,10,14.0928584996054
542.403039932251,399.81476853564885,10,13.928885017325372
542.7746868133545,400.57814275677475,10,13.93446994909701
543.5133724212646,400.98059839287896,10,13.54862605970111
543.7807651160996,401.8385335458767,10.092907786599744,13.318759629437938
544.4183177947998,402.6058773886052,10,13.259482405406748
545.0616779327393,402.8551925393721,10,13.149531608267486
545.4497307467552,403.5263736823055,10.294058098774666,12.781744365125277
545.7939498910324,403.98653751509926,10.55175247013234,12.42743766511398
546.3431350372554,404.7126807033696,10.653539343213863,11.9109613776847
547.254186475287,405.04894147863706,10.801033329943493,11.834974556153561
548.4534549950085,405.50633142144386,10.454753828342282,12.166479155403277
549.9616894049441,405.7814773014761,10.319762364428195,12.379596056227502
550.2133827104166,406.3063943062287,10.078384420475377,12.651600425628498
550.9826240539551,406.63302627415186,10,13.287582095250938
552.8187065124512,406.31849868447097,10,14.200553748001402
553.1821880340576,407.22434198504493,10,15.304524190310527
554.3800182342529,405.99694556834885,10,15.365300757833605
555.8332672119141,406.547601278154,10,15.49887550765681
556.8829326629639,408.14688480189477,10,15.63904594796828
558.5593376159668,408.3985875176575,10,15.74530161873771
559.189172744751,408.84282879703784,10,15.431083586344233
560.0299400044155,408.80605097211605,10.017230281696243,15.296280471539367
560.761589050293,410.6948386714856,10,14.958699884812004
562.4627125753509,410.6955456741116,10.221536061456504,14.689288137860826
563.1726159557066,411.3502296092726,10.326494315393262,14.355296396689141
564.3121568751877,412.65364438387917,10.079280457388252,14.487591145571736
565.5703792572021,413.2688035731982,10,14.24124340902349
566.4213924407959,413.97787431565484,10,14.03560726468643
567.7144069671631,414.28020352636844,10,14.125300039548332
567.7903575897217,415.1494515888314,10,14.604668904856684
569.1748790740967,414.95017565402,10,14.14676020319053
569.8224048614502,415.7284669993805,10,13.912794089617886
571.1540222167969,416.4505011423052,10,14.196478489315405
571.8330421447754,416.8840024491682,10,14.422420974466384
572.3959246689234,417.6459867389638,10.314996517866074,14.082637422951304
573.2869235370931,417.66834512277944,10.16819546731774,14.012057007859044
574.7002030564305,418.22531227136955,10.079360732842192,13.953782958481632
574.7796727404495,419.9158657710778,10.322200539608794,13.462370172932264
575.5993574414559,420.43578470585265,10.333748190818653,13.421807510902106
576.0924262241268,420.9333525775966,10.5116960136603,13.29646089094935
575.9924005771724,421.6163584296615,10.612935204297925,13.227373777884077
576.4208745048144,422.1964302066984,10.576975050429915,13.318103789484113
577.5318148493527,423.2576879449606,10.527610230493805,13.535378657197983
577.9653570492271,423.8757747527291,10.472449811457814,13.367434716953856
578.6237997899146,424.3609039852372,10.575104735356202,13.221036420394787
579.5548107027818,425.1176143795492,10.580972313918789,13.369057434749212
580.7790038702252,425.24444088430533,10.150621867703979,13.57658606586202
581.693437576294,424.9890416651205,10,14.029221815022623
581.6263599395752,425.9648742408816,10,14.939678245531654
582.55712890625,425.7704655883119,10,15.389404821911405
583.1904641706618,428.01078014087847,10.008262332504547,14.923191457744972
583.7482405465855,428.0829889400373,10.222619858977449,14.36450155107777
585.302073944161,429.4166183853711,10.331421874861721,14.53604499805654
585.3788771335458,430.3553508020555,10.604195653562787,14.320052485244464
587.0831337629552,431.11001698205695,10.958732474089611,14.218099275632188
587.188688436931,431.80074579734736,11.0169293089993,14.657724713899013
589.8311780192787,431.9407872899088,10.591092447770729,15.232629826920643
590.4185149516567,432.3303987102887,10.190722019294128,15.876781162186244
591.3382572080477,433.3940611988614,10.329684466961243,16.22444321507019
593.8123910464279,433.2053091620807,10.26626633854051,16.507651786922537
596.3487173063224,433.42335454232887,10.429148486720322,16.71642415508839
597.6760517079736,434.8123821176454,10.233753975410394,18.206683366027494
600.1438726932471,434.1999412614741,10.011864751445374,18.93603971826273
602.7233042483093,432.9832496009317,10.045990990686082,19.207832463175713
606.7893562316895,433.94277760509067,10,20.18356710427176
609.0458755493164,433.6803309529555,10,20.790224629733572
611.3042702810121,433.1649627784864,10.107851955065689,20.796291331454913
614.320507509733,433.7175015356385,10.07215789313161,21.458158702404646
617.2648138949869,435.40199777964216,10.511258135319112,20.762620499065342
618.9404345093816,434.4059650007606,11.09322918680327,20.594228445744427
622.216076316886,435.356947891224,10.87755500782963,21.23987008669253
624.0950312509385,434.9532771382914,11.13672735407992,20.682259505155432
627.6641123927923,435.091536261617,11.101973883848938,20.311354204060926
629.873074487182,436.39094739836787,11.102018445069577,19.995162850969383
632.4874752836123,436.5292615439699,11.524385675451095,19.693475813427458
635.0829789630244,437.5543259846823,11.67957735227149,18.988783028194025
637.6407042023119,437.1015086353169,11.694742108071551,18.366024935176746
640.4329999802258,438.0902464117357,11.566701150388308,18.100242192397836
642.6805607258002,437.88987940709757,11.24945899273543,17.689471837660342
645.0825345343754,438.5511625506388,11.110592399754987,17.58644900760908
646.0675457238499,439.57607563551096,11.330145216118527,16.94229300388041
648.1850595565634,440.25995253909815,11.860952359041317,16.39098359367866
651.858715383227,440.9463761398817,11.66590053237409,16.12171305226782
653.8537054475829,440.28763446872784,11.468377984228805,15.900503920210305
655.4903808163954,441.84968494550276,11.208287134299198,15.62509681431677
657.1457415470936,442.3136415942707,11.542623351125288,15.001134780208613
658.5542713587676,442.84928232312717,11.67020484105869,14.589574697007356
659.1433103150166,443.19949638683386,11.894009100191289,14.318940881117427
660.2765737685477,444.0513129663428,11.69179798902779,14.24108592034183
660.2684188409203,443.12197805314673,11.445641413618471,14.002568704497572
661.0278625546292,444.0167325148299,10.91349791320258,13.685807583865511
661.2596404334342,444.1074859896962,10.47286467146168,13.402513066994274
660.8270435333252,444.39397095884846,10,13.084166541775774
658.9254398345947,443.57163439618745,10,13.161495001570387
657.9756534626941,443.8774602470831,10.103464497951654,13.065880287083765
656.556547164917,444.21990300392764,10,12.958993888384967
655.3529492117545,444.15719572313884,10.09232697932298,12.828896212413696
653.9728806716078,443.5398067257845,10.038613656784424,12.883845563323627
651.431674498937,444.40505897110125,10.819504700856331,12.74653412688928
650.3749843984091,444.2495789673905,11.527622908504142,12.481909722689727
647.9976527123786,444.78052882919616,11.666361445360094,12.506653218072584
645.4615254083313,443.95335239025246,11.93936068236067,12.696929100110255
642.8754087451631,443.5077991014699,12.075373458160017,12.830398653749677
641.8339838582442,444.0048950714053,12.434475978580046,12.834131518566284
639.9851556560637,444.823788336192,12.034964414190862,12.759318011453859
638.1978334806278,443.6464060207606,11.434464569506158,12.853901215314792
637.1839196130466,443.81958443208407,10.875599494609997,12.937250966154139
634.6013905757147,443.660762461847,10.952049781187771,12.75390308533915
632.6408148187891,443.4505614473005,10.58065597643559,12.793110046072808
631.3127013486622,443.7054476984004,10.200177899599439,12.863347004322181
630.5350600079087,444.3798624194059,10.106996378225736,12.706286208551466
628.0557209719335,444.7686783983239,10.27511277415054,12.484810409162682
625.142770506533,444.4056977403951,10.297901674922205,12.005636379561302
623.5145432016013,445.3992808207371,10.624172874141006,11.619414737920348
621.5925894608647,445.23498036481527,10.764417483299919,11.384996850935858
618.6744040053901,445.49293931049596,11.182483950889772,11.049491252054981
617.1507265404645,445.64406300297196,11.312003645145246,10.865423188392008
614.5512331884963,445.9867647514443,11.158882347372563,10.72849304960168
612.4649772311482,446.25707661679064,11.137867040389239,10.492858179992956
610.5283321047317,446.5510706425753,11.495669622323664,10.31489286401926
608.7507543334787,447.14128940079837,11.164125488316131,10.37059273770995
606.8046865203827,446.9123964597041,10.943670324713235,10.459569873560525
605.7299876502609,447.56251091278114,10.690220774917577,10.480427850951402
603.3364369524949,447.5361368501075,10.87753350467835,10.582847149394393
600.3075139349222,447.89631831232,10.175301109647808,10.873428591424549
598.9537039271854,448.54305658273853,10.154065992064648,11.089984704395956
596.0297627834054,448.9802727844371,10.031939429527025,11.48512932736606
594.1722650307034,449.2144819453494,10.16790585167903,11.482554206224986
592.2542336261123,449.45375743191346,10.477773134738204,11.58087701239382
591.643365502111,449.63878527701036,10.249462843434332,11.644521883723442
589.8838024139404,449.34735165282905,10,11.769160067144622
588.375217262739,450.10797659782446,10.30192600918981,11.582626974028852
586.2635575031509,450.7828983300655,10.403701644088938,11.676127625757612
585.0575656890869,450.2544208589413,10,12.072888171033416
583.5145454406738,450.7770167249739,10,12.507737942874481
581.4531879425049,451.4436887449928,10,12.489278088627612
581.3323718707649,451.33055936368214,10.011140505296407,12.613745469413054
579.3454399108887,452.2076584537746,10,12.43838182291947
578.509256362915,453.01274914569984,10,12.331374267194052
577.0298791544928,453.20132527017137,10.082789298436182,12.451143557557694
575.8336391448975,453.30134737697387,10,12.550720925983871
575.7642655475516,453.83155745137555,10.019835451527616,12.439176204426591
574.0354042053223,454.5214788235277,10,12.062442438393846
572.9858226303897,454.30296955811184,10.265274142296697,11.969294343249029
571.7065211262283,455.2544849930526,10.585836226547297,11.730081832742453
570.2081587938632,456.0759876288761,10.927081460125248,11.501570121886468
569.093228617043,456.5448262233924,11.169713420210815,11.23354396434799
567.780461029589,458.40247035808085,11.324320402980154,10.801680072412491
567.2194881626586,458.8570167511443,11.354839287475595,10.750466924957546
566.6167027345134,459.55058302115316,11.159721972379376,10.981639591238643
565.9360970520871,460.09094542285516,11.204370684644104,11.183637260979129
564.0960369217058,460.6082629195571,10.893871285982911,11.313125802731504
563.3576754759113,461.8245621772386,10.866676483480246,11.102432042007194
562.9589441065282,462.40925566129624,10.936455201250341,10.959873839760977
562.3444870936319,463.6849160699532,10.896837427726409,10.92661942869711
561.7967711960748,464.1201572419203,10.518121426209694,11.54957962016326
561.0397315833646,464.67068340354695,10.367695646747283,11.952635725865107
560.2709221805467,464.81381170573883,10.2627706596585,11.906544831930598
560.0519962310791,465.67633004442393,10,12.357262701679488
559.3057842254639,465.87033088048855,10,12.167568066903797
558.7995300292969,466.6018499847192,10,12.121663189741309
558.2701034545898,467.08913189035087,10,12.052437665831446
558.7288818359375,467.95056260205786,10,12.16566251561082
558.2321929931641,468.8161394685916,10,12.320205193676252
558.8644676208496,469.2558069012694,10,12.28232388056664
558.6255054473877,470.76645717107556,10,12.720827875866503
559.9447269439697,470.00377184332575,10,12.92045771715713
561.4450149536133,470.221392768175,10,13.089605058132433
562.4822788859199,470.29069339441935,10.300807828746224,13.03767372751871
562.8776526619256,470.1089228085509,10.658707585084406,12.826595606042751
564.7757922927292,470.28225106788193,10.490647927969288,12.94069348191193
566.0249840354243,470.9122442686967,10.311237983839021,13.18264113179596
568.0748805999756,470.9673212611469,10,13.425178797286359
569.5846473333257,470.66586674847633,10.140630412694236,13.032467095088373
570.0749748098533,470.92301828710407,10.365896632734874,12.673792222178584
572.4555113658097,471.4682672853221,10.607562473458692,12.236179662754228
574.662481872964,471.32887136937705,10.408530059003661,11.773997068374808
575.6662212809086,471.68376234241924,10.376454075145535,11.401171146460339
577.9004553987368,471.8078411450632,10.072734984997165,11.240381552646971
579.4300637244165,472.86317648072855,10.594653129780117,11.03928729733191
580.7675002673154,472.8726914297239,10.605159072302758,11.032273695728003
581.8253857789629,473.153664257529,10.815075457455118,11.110380835527963
583.580074245155,473.9577743059829,10.637481819748707,11.433393191012662
585.2048108289887,473.29445601043574,11.120518265118399,11.410099972536692
586.8637383316195,474.3155296637171,11.674382620208275,11.507051787067759
588.8465788736094,474.3807971005062,11.446319028904247,11.594210242346985
590.6793769144393,474.1797811223755,11.6400407267854,11.618377360961812
593.1237610833591,473.8666433836489,11.712770649443833,11.464829535192376
594.0788545758094,473.5567219392066,11.783910721428196,11.395822021244971
595.6977903827111,474.52025079307964,11.667670729939056,11.4529905403056
597.1263332951291,475.00944467052096,11.273334386304263,11.517449465110367
599.5142047486648,474.7270767289199,10.699476702621453,11.345639785568459
600.2210800582208,475.33689120198625,10.546864999525246,11.272827093097819
601.7509142311535,475.57802075107725,10.948950498874568,11.498968721234196
604.2029898218794,475.44087257633106,10.655902375283997,11.493727869798816
605.3864361701001,475.13677287597966,10.100086796762719,11.586519708245717
606.545877456665,475.86683150203186,10,11.866381246424584
607.7106897277126,475.97420124780837,10.040263763568873,11.930042176014089
609.3644757637009,476.0081730986624,10.612498210147189,11.82642724017523
609.7293311641622,475.54790550508187,10.723256769575958,11.974501489836308
610.9691352181685,475.5386249024125,10.686775340030172,12.398336132675002
612.5596333044119,474.97949344974927,10.652282616029618,12.886376717444836
613.6996843500358,474.7773114499026,10.438869062379606,13.21114324399362
614.7725417576963,474.4633040337569,10.347116954578013,13.536671656607234
616.2018222985519,474.26769454578573,10.079143488833797,13.838733528057471
617.0006332397461,474.1958913699087,10,13.792955419362313
617.5267935785816,473.77042001247264,10.373681824770394,13.65326703071877
619.0470204991525,473.02405748335246,10.63822065940991,13.708495903656381
621.2622117689604,473.74903181496944,10.47440153532154,13.61834948651619
622.0333035893802,473.73548805344683,10.241284666942674,13.35536742948334
622.5867125572804,474.59717367781013,10.133268916200988,13.564689662202039
623.3801072372337,474.41228528195194,10.326985690327641,13.268710228332488
624.3121925329729,474.1655307723971,10.75129776486485,12.832905587774137
624.7756328727244,474.8867732296043,11.0736541459087,12.543809650410587
625.3050161938513,474.7088174413009,11.064005545647092,12.572446904507627
626.2846179262226,475.52442616096226,11.267338701998073,12.419012668309886
626.4113756260294,475.57230026982313,11.108500273820017,12.357337326564625
626.5488720709815,475.03519121912154,11.378646696660146,12.412096657215882
627.1360771185298,474.8624303384884,11.248059843750966,12.695003977564175
627.9351148805339,474.5013963836672,10.881311376627474,12.866351672362871
627.9599584840662,474.93839795137353,10.652337212775922,12.849823817711952
628.9289788232796,474.78464229282355,10.368841364671304,12.730314108200547
628.900542744239,474.63003536954704,10.247925741990695,12.536167206462595
628.8650051289443,475.17048418740706,10.290726436447418,12.480248208437846
628.9799627260787,474.6330593226673,10.383336266592494,12.282465339040458
628.3958247243817,474.88025845535486,10.219077479947492,12.19454595550126
628.9693584130636,474.5747405980493,10.195247712447163,12.27174912006358
629.2676427018669,474.05269665834226,10.185772488111962,12.229411218227607
629.9733727036252,474.3298036481458,10.158998000952879,12.329230899509218
629.5416851043701,474.63685337172325,10,12.8135697152937
629.355619430542,473.7024710473737,10,13.012107313211533
628.5412464141846,473.513809281917,10,13.126727902230407
628.1066970825195,473.63136815359223,10,13.262978567083108
628.262393951416,473.7100808333377,10,13.503487167553077
628.24436378479,473.68069804649247,10,13.676708918001442
627.3987693786621,472.96215292300894,10,14.078841279226305
628.2373199462891,472.47679649621693,10,14.48434951244899
627.452070236206,471.70969277420045,10,14.607340220642032
626.9947109222412,471.33080540067874,10,14.603262703281171
627.4284896850586,471.4692974835279,10,14.397876590561417
626.875301361084,470.8279256396342,10,14.09797486208906
626.1289043426514,470.68611854513074,10,13.816201325265897
625.1472015380859,470.68891944117547,10,13.42343064889901
625.5849285125732,470.95778881374156,10,13.05090262764385
624.8603572845459,471.19284727630276,10,12.612924526984346
625.1132984161377,470.75742037291354,10,12.564062452415122
624.0639495849609,470.43897760887137,10,12.706300000763125
623.2300294271004,471.2079288569182,10.02628452958827,12.836068708282749
623.2488376471152,470.8637800568631,10.16291583125772,12.754335333051085
622.3839772189461,470.593978930895,10.117524535496452,13.00792684279986
621.5142135813076,470.769054249471,10.083690604718967,13.252205221761095
619.0360009571045,471.1153240040153,10.267666359716607,13.560344728785823
618.4916131111362,470.6139900276978,10.133167820696372,13.826963029321165
617.818567276001,469.8501915854929,10,13.866675392246664
616.5616779327393,469.7637416552441,10,13.720639858457176
615.1035995483398,470.0066120520735,10,13.697011491556204
614.0853080749512,470.25982442647955,10,13.32142322956043
613.2071437835693,469.9833455546712,10,13.113482383089215
611.7126169156375,469.675684543325,10.238866815697747,12.667609032246448
610.6582763293591,469.9802660713799,10.066290358859998,12.653122947572268
608.290735244751,470.66336943546577,10,12.758332692789137
606.5448169708252,470.6772256099044,10,12.940512616861188
605.1460094451904,470.79061798987533,10,13.044748212143894
603.1580983410055,471.2061194792189,10.201568363155001,13.413879510800516
601.2152843475342,471.54744296068867,10,13.643425846200834
599.1672172546387,471.0944266198413,10,13.926953339907293
597.2771797180176,470.92531381130686,10,14.331703462591376
596.5113792419434,471.190104631464,10,14.405412380138369
593.4051246643066,471.4809587901437,10,14.65679579861883
592.0492134094238,471.5635100429242,10,14.968328272305985
589.6057739257812,470.8369108030542,10,14.925803027680708
588.1039170803576,471.1279829135501,10.14450272282977,14.835499169237696
585.3078223769431,471.9266603145908,10.042829214619532,14.723362415252046
582.8641771653201,472.1112600364082,10.214436654467239,14.500731269956972
581.5290584823958,472.2698745955398,10.679046578909466,14.136512710775799
578.9045775950595,472.994574501573,10.841906821599682,13.740636916043417
576.1731977570767,473.8047857885454,11.18768880591496,13.552430986385758
574.9380288065734,474.61522923463633,10.94262982581822,13.5942027856102
572.2230591048755,474.76588095615836,11.037680770961888,13.659247609167714
570.5366787430629,475.5270483242055,11.08226308882545,13.770030548854571
567.8117741534238,475.8424189210151,10.536123476599588,13.877196764903331
566.6204612952217,476.4237179043056,10.090181688120937,14.297232770490355
564.415807723999,476.435005380268,10,14.595927807579203
562.941951751709,477.1927123398644,10,14.628167086628697
561.6973419189453,477.21729574973796,10,14.879617484899041
560.2848040055088,477.63283775098415,10.077582082976459,14.69160370335394
558.7294106974051,478.1295094820829,10.011004349818714,14.713446550970922
558.1738385005893,477.70175485282135,10.055185547649433,14.307320982833899
556.724415509394,477.70627542066063,10.328196111338919,14.012646759997132
555.2584490624986,477.7042656975524,10.721226722414864,13.525192054602304
553.3463269426009,478.790505377042,11.056663283987733,12.97845656158979
552.0144429589517,479.21711541643134,10.681540412663093,13.217201204490882
551.4408337457967,479.42275444250834,10.064415577254202,13.681609797844647
550.6957035064697,478.91900165969065,10,14.126928168655787
549.5027560999242,478.6829600734246,10.297966041118343,14.021199146363639
547.9769187502314,478.88884035677745,10.468609704126877,14.196192424872796
546.6802468518384,479.6017972026632,10.677844003842555,14.144332688179436
545.4018800731585,479.45996260925045,10.996700669112663,14.32515763672371
544.4373826867273,479.00240527181194,11.159761451496372,14.49157312336827
542.6177232167088,479.115307923104,11.108395119316809,14.79689575047171
541.1503225526709,479.1631703402994,10.826647527714808,14.82582377862973
540.0941535742876,479.2942021386348,11.058072703719713,14.702565571363229
537.3567754149727,479.86026285396974,11.448234295786929,14.624410662910073
536.1895102330516,479.958860259456,11.134746776328498,14.655861176644597
535.0510437038128,479.7678949658128,10.904203028165583,14.767497574477906
532.3991233335474,479.78316700050596,11.387098028950124,14.341357954554496
529.7099663608002,481.0199437736835,11.848606707110608,13.94895446313108
529.5247725505407,481.51661182355997,11.81887836083284,13.81829307651288
528.2102498865258,481.5411978203396,11.91809657094239,13.907442005805091
526.3232002470469,482.0249573322218,11.620380359177682,13.889820748154111
524.9928098477361,482.6674931489159,11.516554681969234,13.756421478047077
523.5291045773635,482.47051085230106,11.544245984433338,13.591384148669324
522.4344738432966,483.5063453621329,11.515486059744699,13.71627884970881
521.3395788953158,484.27782549912183,11.250834885149668,13.960488985887169
519.1472256356753,484.73653954425436,10.577851737682593,14.435543653190479
517.5252562956524,485.2578539512577,10.432794293460796,14.827206678783458
515.2466202783156,484.72099978901804,10.515041151132365,14.880029535733485
513.4089923348718,485.8181477153307,10.643921763362021,14.719177134035771
511.73014191648724,486.50453375362906,10.64186613040445,14.76630785895276
509.71275933677424,487.0412502430306,10.923606234898795,14.58897778542314
507.54231902861466,487.8041853831585,11.330725254538281,14.388447776163485
504.9088919418937,488.7905535195139,11.668254324220385,14.05721388382375
502.29315908561244,489.85056112530225,11.741993748941105,13.740936312627966
501.29578883189765,490.0836750596718,11.559835300071885,13.73532932401579
498.57848416718394,491.2151814269755,12.056410571882097,13.527465667777522
497.0279321465118,492.787748167706,12.312120478705008,13.377601961707168
494.7366230788022,493.45084276272564,11.93179839805962,13.482618521179525
494.7243050350384,493.7419036238915,11.651277777823587,13.575351077412321
494.6016159660555,493.41235716733104,11.350181459002323,13.843002645318437
495.28143877156367,493.9746961823566,11.178127400720356,14.04318804910524
494.5957009408924,493.6258670810044,11.004391270070627,14.429887389504913
495.15860928701306,493.23025602704337,10.763454643747327,14.646535980581238
493.98608158118867,492.3452490306235,10.61422065720269,14.675613694124038
494.6112159280378,492.37112694989094,10.671706480106081,14.64727246740558
494.2313446345929,492.53792440354,10.625361573099292,14.748167763964975
493.78063417805316,492.88085012064784,10.487208816745245,15.019774825842974
494.4590586333428,492.89470841606027,10.56115748307023,14.736118751375589
494.1244885534991,493.203170883785,10.722355443050692,14.551234984138953
494.8840890516299,493.4848926717635,10.814375760265552,14.397207606912492
495.03754758242604,492.94861478402464,10.871022236270921,13.853842361882315
494.2141021378386,493.87249147049783,10.793738625934102,13.855953948652711
494.8599568242001,494.22321339526314,10.796226335730688,13.877715665528358
495.23702295761757,494.0156318277901,10.646021681200375,13.91409843548427
495.0207899955564,494.9530951312073,10.674663752783637,13.825628890417393
496.0067117390375,495.1776348632864,10.57947965913208,14.176922503651742
495.9653034941387,495.6804410803122,10.42562470117571,14.633803966084587
496.8809566497803,496.04150287677226,10,15.025968703242635
497.0870780944824,496.5660287947772,10,15.274753170943676
497.00547981262207,497.09157175984495,10,15.402851200769103
497.5075511932373,497.02626836005146,10,15.344859367543554
497.1677916585413,497.6971915903514,10.01538027544666,15.060382139121394
498.41662216186523,498.9697512532504,10,14.484482021087029
498.94349037531646,499.8373569184675,10.078072807716671,13.944560302469355
498.960587828602,500.55890033885515,10.204362215110468,13.634419476098335
499.2849340372447,501.4677440180778,10.19753457443639,13.371835419655028
500.2574094458362,502.70236600450244,10.159932390065942,13.417396286893556
501.0623898394412,503.5728655995495,10.048659346996534,13.46113373010018
501.7890343108411,504.24247955311444,10.144991986227978,13.23155166647624
502.0474876252156,505.9911265705574,10.345462066463405,13.320984773924238
502.26147367607877,507.20840967582336,10.524110753311188,13.07539866593142
503.20664260118116,508.7520216916925,10.422308974883775,13.053985791419667
503.93311628972583,510.08516743501315,10.496976191300295,12.6891545708917
504.6922947244878,512.150877329002,10.870701536131843,12.916102702835701
505.3234773915016,513.3065153931757,11.135580769975267,13.682806615992407
506.2471653745873,513.7420185122589,11.249676361421105,13.835123436907978
506.74469531696144,514.6056197999582,11.45711968101855,13.81315538909726
507.42291793106796,516.1048456522043,11.563008132004732,13.805884104526903
508.4418054365696,517.5974694980392,11.536208005034645,13.77909817433177
509.2699957115068,519.4587852358719,11.456956819173861,13.56373369695725
510.2176700446858,520.9484364220152,11.184510069319776,13.928116474817198
510.95328943456,521.7570271540538,11.439971118672894,13.677950849362954
511.5628058060055,522.9360883812791,11.95240657646556,13.125381831191762
512.5768927849741,525.702048520459,12.113025800901344,12.658219853613303
514.5774276870629,526.3774689221849,12.102159854145686,12.257284445669171
515.2297497997828,528.0680957139747,12.060081241498864,12.04748624539042
517.1816151451217,530.4144242481965,11.857602534463595,12.323823317571852
518.3273319928426,531.2052868536326,11.664515549226904,12.431803001719022
519.3803108712256,533.5505930714638,11.068792625224674,12.277289046281314
520.5385747384487,534.6293233548076,11.084170255768672,12.271111743753822
522.2650957899832,536.3985565665391,10.935697397084324,12.834772395486269
523.9945889133332,538.30227386345,10.89596926806007,13.393441927641167
525.624219226959,540.0494631916621,10.281827354187556,13.85817734592383
525.6803321838379,541.3432706170413,10,13.923653925829445
527.3179779052734,542.7817604606935,10,13.824101911864954
527.927789815813,544.4541392100147,10.10149358004412,13.828618094863158
529.4484806060791,545.4859282153233,10,13.496248885515639
530.2100372314453,547.2308085504927,10,13.007907282559364
530.9048265441905,548.5599748966986,10.163094714353225,12.47716095489384
531.6130367720962,550.8272995227073,10.272137362790197,12.46378245482955
532.7282741733015,551.420024965974,10.146963463699631,12.82813244109882
533.8238290372894,552.3889275655904,10.266713415899595,12.269969728438337
534.4412315123677,553.9512565968681,10.706678820967642,12.05292732750395
535.0044362271915,555.9230076828259,10.996872479699046,11.734009353586627
535.6394867699618,556.8598580900391,11.029681245232666,11.707522284277216
536.5741350464809,558.0137642071642,11.364337481500938,11.52028881589634
538.484668159475,559.1151833367609,11.759106826802054,11.395941767640405
540.9970908018129,559.7217826130811,11.626282721325463,11.910568379794867
542.9003214095279,560.3028547603902,11.372307925573033,12.220580609834736
543.6705742112814,561.0611065798544,11.52163691679263,12.982748235555032
544.7834468213103,561.013901605744,11.832428867144982,12.84468671771133
546.9413205897625,561.3061716547528,11.849639551676017,12.834292890445525
548.895579324692,561.5689242418243,11.865568187774135,12.672721279535
549.5984274204368,562.0460094517889,12.033625353218127,12.424384294664323
551.6305787540707,562.8453010683554,12.180347923987416,12.348475622078258
553.8527138287783,562.6486389070031,12.37579869132045,12.30579912080822
554.6582669980377,563.3074706407442,12.473772095233327,11.886351900884733
557.936392568872,563.629235022375,12.06070943012714,11.692472948413899
559.9984866149617,563.7801016261576,12.203206823787486,11.419845880985521
560.8084406917022,564.1744293405545,12.112168299212685,11.437735709760025
563.6858651239635,565.0369763997288,11.78749521594015,11.617632741313743
564.6006657909968,566.0640306438594,10.949753317908822,12.782499320191333
565.2577522887798,565.8778811511676,10.561826965409226,13.041608608309334
566.5541311541097,566.121956705807,10.088114492317839,13.086706400397926
566.6852760314941,567.0098157484196,10,13.533297427721536
567.9982223510742,568.2868292932395,10,13.908828138374538
568.4402847290039,567.6688637647816,10,13.777888315163338
568.1659545898438,568.3582288122542,10,13.845943193362725
568.4709320068359,568.3601872957768,10,13.663300030028504
569.1038589477539,568.245634207018,10,13.485515338405426
569.329568862915,568.786603830497,10,13.218502238908364
570.0011498109639,569.3167727061282,10.086189910542998,12.763011441991676
569.2652810825531,568.9582510025451,10.517419097100873,12.267953866491677
570.5062441147736,568.209208382743,10.368237631048473,12.10647031947493
570.4698490219972,568.7492105865831,10.770579513378646,12.349555511404173
570.5898814752328,567.0903034383279,11.286042103245254,11.974113429740843
570.8705443867317,565.3993551221232,11.907650087620684,11.703036887101284
571.125572449452,563.7784781137314,12.019618498312784,11.720963541824402
571.0079237144103,562.9449897585329,11.92678333900175,12.03150256911597
572.6736599096415,561.4254269808451,11.519139073539174,12.749007183329216
573.4392076462958,558.5117160141433,10.834242635875128,12.88915799856877
574.1200128560217,556.5723553745779,10.313666151970132,13.158420354359896
574.5388210669412,554.010400848412,10.21338493520934,13.436508026076375
574.4288322043794,552.0610528178819,10.350812611504827,13.49442192160932
573.9241198576889,549.688317249494,10.666919891555917,13.413560966099878
574.532272638271,547.2083952224955,10.838000652412948,13.291991751054065
573.9466665356632,544.7935047168729,10.811123258019204,13.645305629730785
574.6535418231099,541.9483275838554,10.97578378542075,13.246838484633015
574.1569992408133,539.3334892627685,11.008614280824489,13.169859243017697
574.2460901579977,537.0152870124931,10.781451733564952,13.224289714027393
575.2038409170113,535.3930914261091,10.297438252647186,13.153754739334506
575.6168132960981,532.9630927196525,10.624222528897349,12.675365616603228
575.714512944212,532.0672065266796,10.548089742679643,12.788179109726778
575.8382074507548,530.5677588402957,10.428222244486546,12.890368855053104
575.4538741249478,529.0909660860483,10.438790293805512,13.038320818626053
575.718223061638,527.9890046744616,10.141213483657468,13.668623799270136
576.7580680847168,527.233531718636,10,13.632061471175245
577.1188583374023,525.9211099873983,10,14.164871547420233
577.1361217498779,525.1560672417495,10,14.069575568991244
577.5584526062012,524.4438850555135,10,13.870751922664361
577.4064998626709,523.2859280727108,10,13.728848810633036
577.3739967346191,522.4346023689683,10,13.40024258872351
577.6085929870605,522.1719455588209,10,13.121849086215642
577.0695144399115,521.4331747004723,10.027009633360695,12.80729943328398
577.1691017150879,521.5147862605214,10,12.58254524629114
577.6613178253174,521.5346442657893,10,12.814237316810042
578.0608253479004,521.2299823891761,10,12.707691166471866
577.5729729286893,519.8056328636723,10.650231053021866,11.773885182079386
578.0580742012843,519.2685919157814,11.06362302077135,11.241155554423617
577.4086207445167,519.3333381763954,11.25216311301722,10.899069954582197
577.5255210035739,519.1661791984305,11.490171982110017,10.723729097035447
578.4033946931733,518.5176902883863,11.184642803594807,10.7233627093601
578.8190287149258,519.2454634664757,10.933761875568337,10.90387897525168
578.4355855796705,519.1047812440224,10.508253889487108,11.686170391593716
578.2589634372188,518.1012215129721,10.473512944898452,11.907439328792112
578.8678074708207,517.6127479539812,10.628398730233492,12.004644778072844
577.8895763136687,516.6652859821588,10.923575644146858,12.01521508402212
577.8939530381641,516.3721361477537,11.31863078890609,11.811166699853882
577.2597464526513,516.1921339970198,11.423176009492419,11.884237102395883
577.4347594068432,515.5929681172056,11.437884750766592,11.7604787130985
577.7281815334845,515.1848630628102,11.688301697435294,11.586862619496841
577.4199233213528,514.483625657855,11.521626440790405,11.763095363977635
578.2350867527938,514.1784942110786,10.980338426785481,11.9141984064561
578.2206236930392,513.1969650919325,10.830294209380632,11.85728288986543
578.8260758687316,512.9176711852135,10.660714473474364,11.954673803889255
578.1958768018194,513.1487330015441,10.407097409544832,12.023186004968398
579.1545378611607,512.3653033162526,10.024519553557328,12.164653224672472
579.1666851043701,511.97402635079237,10,12.263411226637887
579.2971630096436,511.2424460179353,10,12.433057640642991
579.4000453948975,511.0667541824224,10,12.657205899071243
579.4111003875732,510.22448218736304,10,12.929594737822796
579.7480010986328,509.70306531941566,10,13.105408820397201
579.393726348877,508.98843178594143,10,13.169117263078096
580.121021270752,507.42872975791454,10,12.928913622598614
579.441083908081,507.6824360633314,10,12.752136082565714
579.815601348877,506.3136952404979,10,12.6747831335061
580.6013603210449,506.1074789678842,10,12.409557597678832
579.9774627685547,506.1414163354873,10,12.59176678581252
581.1887512207031,504.9686067582564,10,12.693725967129787
580.6882591247559,504.5008617369941,10,12.695824438609407
581.2027809928477,504.36913477161283,10.264237818992115,12.123283648912993
581.2629470825195,504.7272305000329,10,12.575018980402987
580.8300170898438,503.1561473337163,10,12.595488840868146
581.4575049532677,503.2002248582751,10.088102886433262,12.59513667871352
581.5418149873415,502.70297297610233,10.088176360766276,12.698798005314828
581.7683614171252,501.94867624571907,10.0949834035425,12.921048845231798
580.884457444843,501.8851044537076,10.357725430138355,12.626630234430484
580.4023626868484,501.2534001706006,10.126289640951548,12.945435834335882
581.180862922827,500.46583790446095,10.216502151172207,12.998473269447205
581.3601657590644,499.82739014682176,10.33386770062116,12.911751841366268
580.6380204932422,499.49262535173875,10.541105314785323,12.661351927137776
580.8012016637714,498.6523892410049,10.87877877084581,12.54326305241398
580.9749266611722,498.0378397465532,11.303537943524908,12.38565855010652
580.2649989287166,497.4456476357253,11.765526739734678,12.081753892367669
579.3313550783257,497.0594920901958,12.145525011805704,11.876091045438454
579.6487902465075,497.0742139355019,12.48613380141865,11.770750138029417
580.2747405864383,496.7456495063197,12.261306028051274,11.83345760967509
580.734030993954,495.99223941053947,12.08901732727753,11.848387847622195
581.4334151429832,496.5329291302463,11.42918259245161,12.303156479497613
581.0286407485323,495.9899854405765,10.943714138921662,12.587324193309847
582.0358985805824,494.9624346805283,10.516116352018894,12.718498406277387
582.7562246637455,495.3086640079668,10.099252637841039,13.287205370296887
582.273344039917,494.2693091933568,10,13.332910238774721
583.0727291107178,493.71179082541164,10,13.331644484430612
582.9981727600098,494.1144372419026,10,14.032870969075649
582.890739440918,492.68754789359645,10,13.97035938248479
583.6827125549316,492.3884974345093,10,13.90299399206538
583.8397254943848,491.21583973130794,10,13.614146495636021
583.9468269348145,490.7185919870838,10,13.308783890822657
583.781660079956,491.48527761555124,10,13.100249364844785
583.6154365539551,490.85168829879973,10,12.846450978084087
584.1590633392334,490.1650403637513,10,12.516190787389927
583.7752151489258,490.36084334622075,10,12.442185072695198
583.6400395493238,489.66605442824664,10.052352694565297,12.292830108350445
584.0398807525635,489.7142358793556,10,12.390414044511452
584.6379413604736,489.7618403516723,10,12.667790396509002
584.7389888763428,488.9298295251966,10,12.868402625632132
585.1889409965952,488.5924877359967,10.034002314670852,13.00344387004764
585.5450305938721,488.64854683986954,10,13.34991330878632
584.9449520111084,488.42275518623245,10,13.671621432955003
585.6649112701416,487.62026779827926,10,13.861103197386768
584.8322047575424,487.72464322242564,10.05353939848933,13.694523827365558
584.8501205444336,487.1688944408676,10,13.323488889260986
584.5189037322998,486.8384360926121,10,12.844554969316857
584.9138462706134,486.3475429857339,10.389451471224493,12.244351894743048
584.9528541137989,486.4298620184352,10.773624505556493,11.802701958002656
585.5119038349225,485.79701154031875,10.935645912918812,11.478662161061667
585.4581735413686,485.52688676818474,11.018433038112324,11.285482750251582
585.0801432063228,486.0794305916725,10.73117782075281,11.232942558109993
585.163333527791,486.04746924630507,10.191387906576171,11.312276625798031
585.4198878014932,485.96977887700183,10.07830377323415,11.456934250390916
586.1487275531105,485.8104521599629,10.05078479246065,11.844435340718775
585.8805446624756,485.84132696459335,10,12.414964173840623
586.0714588165283,485.3030618421937,10,13.041901828307918
586.140754699707,484.87239072159554,10,13.52618794767802
585.7261924743652,484.85566685161297,10,14.075588751608032
586.214973449707,484.41057545230996,10,14.528340214764881
586.0986633300781,484.2362047086115,10,14.76053507130233
586.2933120727539,483.47894274783823,10,14.765770205007183
586.402042388916,483.6431444286234,10,14.433330893729856
587.019211973404,482.92908834666736,10.027940341521912,14.071877017602777
586.3227021392133,482.64035356957464,10.494190753311633,13.546063643321435
586.0240957194042,483.04908584110837,10.885295499668256,13.029109506748071
586.4709276617107,482.7359157397138,11.081872093570887,12.636963686588091
585.8364018689012,482.56927558244064,11.216837070302939,12.424658368810169
586.4178139804359,482.88349748767894,11.34716470270257,12.270953633040612
585.6004496342115,482.5540338980275,11.612760399545714,12.189440443691014
585.9147711501015,483.1435506010752,11.796678402921955,12.21500451074014
585.6982925885919,483.501111361968,11.771986294984176,12.559354119325707
585.948055761433,483.1558862836974,11.64385124568865,12.848585861560315
586.0083675454971,483.126049174244,11.435649857736287,13.1667401524886
586.2025873903285,483.59521011400756,11.385829400251158,13.723840636242663
585.5440288064906,483.8073192439864,11.317585850153506,14.023712952456934
585.9081596502826,483.2070717072838,11.441821263399603,14.226000933576934
585.0877115541045,483.12987979132583,11.77053789032615,14.174150787221336
585.2665914719514,483.06548551977727,12.247731362737778,13.971064482906385
584.4741308612738,483.3087035500155,12.511870876329308,13.646440251043286
584.6915966166536,483.45984803587226,12.405613681976146,13.532494327425418
585.5700904419541,483.1891695656577,12.320241631960853,13.301561991731402
585.3580298836346,483.63829026854773,12.379845536686002,12.967724119886896
584.9447063677474,484.0542775240642,11.865386153665362,12.929000646451694
586.0676122272496,484.00247824232025,11.154600984953944,12.954401730691485
585.9413590837617,484.6394681674457,10.719721712847688,12.988073400215974
586.2307358061938,484.43546546977177,10.439460699624075,13.447542876374442
586.6070993433893,484.21138822895773,10.401813886463621,13.65239978109824
586.7698953006955,484.3865504719148,10.409985094409882,13.800625710223159
587.124461978666,484.7642947557899,10.237446129338043,14.074834560685867
587.4470561673451,484.39149229051293,10.083628906765004,14.382676277128482
587.998480409521,483.8993175098897,10.018957912647407,14.540194020747933
586.9482070681368,483.7491601113876,10.046300554888692,14.634995817263913
587.7024478912354,483.53495444628345,10,14.877761090343203
587.801513671875,484.2770752225689,10,15.028330939139593
587.6462535858154,483.6808129511041,10,14.776576765028164
587.7801761627197,482.5363427227551,10,14.261882578171452
587.5437107086182,482.8091729438712,10,13.99277242890798
587.9593576391325,483.23650612915844,10.20651741826823,13.585898111556137
587.1478416835306,482.2291574564333,10.25239326257745,13.017587644506422
588.0852714804414,482.3317573410197,10.361454719781264,12.626005581632558
587.4088291112575,482.87514400579084,10.62063141981891,12.333307264297176
587.9013725171947,482.6767608354795,10.996712515659496,12.292188320496084
587.9585437033152,482.64681273010774,11.059959559922461,12.3082994360248
587.2570603537577,482.8430010828163,11.069066395756224,12.635862916154522
587.7842339623322,482.4283836660259,11.026239564349233,13.129038179422752
587.7468481832027,482.4487158361777,10.973813856983362,13.482489287117179
587.9140890215568,482.1256832896786,10.67404211069496,13.764578855213093
588.5017635787567,481.7382289836535,10.587800509722852,14.029580698464402
587.6688299859578,481.93535155865186,10.760854584969207,14.174588783331082
586.914185779083,480.63411137767184,10.886727776550796,14.015880638210987
587.4313399742335,481.06183857381836,10.917864332538844,14.148837195624953
588.0854749643473,480.43734731211134,10.927015311783936,14.155239305220658
587.2515046143841,479.17301590292993,11.076668353018972,13.704890587938937
588.1774686362879,479.11181994292394,10.988717359992556,13.741955359513405
588.2723542264217,479.21913659763607,11.29233530936351,13.15906262015758
587.9721910342975,478.7770984286789,10.995502117196182,12.90137717828666
588.3106221259619,478.4807777779831,10.727873027128878,12.8729590619537
588.3299596908811,478.6994418171201,10.427757620190915,12.809189028113313
588.1855161365613,478.362881846617,10.420250380685976,12.668576821902807
589.3067939062352,477.86986560731566,10.177992387725045,12.73453865231208
588.6947631835938,477.4926809546477,10,12.782086515997591
589.1195526123047,477.66104884170164,10,13.201351260688565
589.5994644165039,477.18390063879815,10,13.60139122728646
589.3443870544434,476.99059838304674,10,14.25852643947286
589.9470729827881,475.8959336679974,10,14.51437274579239
589.4630641937256,475.4890594630832,10,14.72442242515189
589.9582328796387,475.06757356916484,10,14.526134447363647
590.3856182098389,474.0474030486376,10,14.34059963392603
590.5529499053955,473.95032734142876,10,14.253771891849503
589.6332266209588,473.2868889222319,10.093146825221037,14.01418525978421
590.2157637381265,472.7464864276226,10.188219685612298,13.937599654520435
590.7089969671933,471.82854805049493,10.25184020257613,13.837609099205482
589.9464557909837,471.59179994575527,10.113119454409674,13.79785686508127
589.561093689912,471.2265776158622,10.525399442685671,13.054661082972883
589.7858243109913,471.461573123877,11.047549223476425,12.644454002490145
589.7451097479299,471.29889816208174,10.978629686269272,12.6756373611392
589.5559045160713,470.94279536907806,10.86481068831636,12.828615957400547
590.4159205640086,469.99693146266833,10.968768460605745,13.05599898262231
589.6801419017783,469.25186209191656,10.752287912752186,13.575407896244958
590.5011860925654,469.4015984929079,10.562470038990389,14.361559789086549
590.4835856741247,468.43027238809907,10.45754178651627,14.510026360276417
590.0022230073341,468.0197113499677,10.454107299540649,14.870489409439621
589.2084992058606,467.61331924020215,10.363332246237862,15.024528816958966
589.6891028530798,466.3164974250467,10.426069806535725,14.740757743900737
588.8124802079227,465.1132933156185,10.554410464281444,14.564802834095028
589.0849301772395,465.4047727732425,10.892532833997613,14.235803574608838
588.0569472266626,464.09840865672544,11.209729203901388,13.932333077174151
588.2172238002204,464.16779119502814,11.18141238491086,14.088322028889056
588.4549663248978,463.30660945664835,11.213835202987601,13.786923756380991
587.741294045411,462.295822059702,11.476403913572618,13.321499038554968
588.0623200073802,462.22800257182854,11.608277770884166,13.159126234516698
588.9901205635389,461.96960079776994,11.433581046994595,13.233863590007033
588.0233445842379,461.2323141331617,11.311468943096564,13.248632384311334
589.0636853894074,460.50150123136825,10.840185220941098,13.529220285066243
589.9037115737318,459.8856358546916,10.431868997311714,13.862006183683203
589.6716151206032,458.9806433679409,10.315144545170497,14.261827277790024
590.4308063820475,457.49195377997177,10.12729791095386,14.714933535027154
590.3222045898438,456.60939713311325,10,15.245004256722762
591.0950717926025,455.53706197488583,10,15.48922291302134
590.3650302886963,454.63156581451653,10,15.384047020869223
590.9853668212891,453.4983387894922,10,15.389224825800703
589.9546797904255,452.50017568217106,10.235595100545492,14.99586827066764
590.4928987691678,450.7233907092954,10.576294289056868,14.477309920520485
590.3117737731415,450.1219332924865,10.94886685191047,14.159285880847325
590.4933880602526,449.2530557943383,10.90589737192632,14.242534193794135
590.374551711656,448.533482965587,10.987449768826778,14.484555370095592
589.7931995555634,446.7848456956231,11.267524686480561,14.087245254261536
583.1840520944592,446.3276303570291,13.565085203171563,12.67156347417422
575.2249993591477,447.3897648361925,14.961557525601064,11.94264592575955
563.2592872172257,449.44543286788894,16.00489739782401,11.638370104065864
551.4185820241876,450.4494305583052,17.248800154505638,11.678893857754781
540.4004514192935,452.8539608170891,17.680908684850426,11.917562832374479
529.337411930825,455.74122928392035,18.57077397770542,11.93781807400496
518.1976749873049,459.70702799369536,19.24032736303667,12.375170544591704
509.92484316072364,462.99845868705114,19.39435512142378,12.304134719403605
500.22522090989776,465.8635072364834,19.719533460966165,12.665842124933594
489.6222063949793,470.47640297827286,20.19069158015862,13.112665692624171
479.9211970147575,474.324478819203,20.086583936793538,13.324472995138894
471.02013059314316,479.50037281418423,20.80655964501252,13.592291023242856
461.8286775132574,485.23745849074015,20.45146684238172,14.134446574427951
452.23441665222987,490.6224480278142,20.405670784895737,14.842151521275909
445.32400886668324,496.6453308466966,20.387787015168712,14.98000252169468
434.8735534928554,504.0829847975989,20.440213723517694,15.65372873854249
428.2230148011717,510.5054290381923,20.017414153760093,15.611208421418134
420.1186224807822,517.9868981683414,19.83019888609183,16.33525136229173
412.57649246887615,528.1423725281427,19.383521715079716,17.351611297474342
404.5104854786518,537.0389747796162,18.921202046846837,18.070239985445383
398.5580207127686,544.8093513343686,18.65973829858389,19.144469480921195
391.28179880275104,556.5308103069101,18.321606709683508,19.982099631541132
385.0561669114876,564.9125637344168,17.709237527122497,21.177523745765995
380.3450314461944,576.2864575195251,17.355248081732213,21.88297561646743
374.0618512369515,587.1547073483003,17.21456962082361,22.843611884209746
370.18413212347866,595.982798110857,16.61071677110905,23.736952758998928
366.15075714640534,607.8935923517605,16.195914601232275,24.264752399750574
362.33012239050197,618.7165507659887,15.917056244386632,25.3085557251026
358.82701762884625,629.0853142131278,15.504183126096612,26.39137947779696
355.91040802834925,639.7904652758743,14.976303083926547,26.644956746835387
