1117.51,712.51,34.98,92.98
1115.3663145538644,710.6716388128615,34.52118558953692,92.63096553833961
1116.6513809777189,709.5373978329266,34.244753913703065,92.14798265445944
1115.7099756402752,707.13248763276,33.69400135616824,91.3845303497144
1114.1503657574065,705.2444806901225,33.3150979529604,91.02121623205981
1113.4463414191457,704.3290751424825,33.23002834334942,90.21930638007404
1113.1903690390134,702.6066202814837,32.803923787207594,89.41748148293098
1112.8740582073772,701.900870758515,32.52312381962065,88.83100994781368
1113.3647473462518,699.8248969921692,32.05300652819945,88.791215537146
1113.7973758366024,701.0491655450052,31.70381705238089,88.58980977913026
1112.889924415958,701.1100435085866,31.54830668566234,88.73108485782676
1114.3100573284742,700.082396511895,31.463579801059296,89.05961798695222
1113.397463060142,700.54701625949,31.315761135575666,88.76647163141072
1113.9139394021765,700.0813651542394,31.195696024748617,88.55215921788849
1115.3448019738764,699.6553217796493,31.025438166504784,88.7033182326935
1115.2405992231832,700.0828999179447,30.874850137618033,88.64140536430587
1115.5897934616935,699.9947820317977,30.73189684126139,88.55113112683432
1115.7951529330928,700.4242743075615,30.59353202443946,88.62937191710351
1115.9603664997346,700.1273043657417,30.700208162640088,88.56758059957124
1116.3656617678816,700.2366459995358,30.994994823611577,88.41235863569403
1116.6004621784987,699.479461764041,31.55864290374503,88.25521831762111
1116.101555857613,699.3887419075165,32.04731553086789,87.99334443203722
1116.566312285455,700.0480086271521,32.20499139588682,87.69718037753182
1117.0828400050962,700.2987232876023,32.21553031695609,87.0420340156156
1117.8905560692635,701.1485504578396,32.41386466811374,86.53932486557082
1118.421441091019,702.5422778030511,32.66605946835275,86.00696661069462
1119.5340397291163,703.6020200386724,32.88559485817346,86.03504988847553
1119.199151280725,704.939722453726,33.20487737019069,86.67048185036063
1119.1973138960975,706.2527405934419,33.17003895585175,87.90958839319427
1120.2123619063898,706.4547179718992,33.195957949915744,88.58856515483443
1121.8940815476426,706.654334595755,33.59963902873812,89.05450524696641
1122.0857503433263,706.7274555957276,33.87767839049616,89.78265289545888
1121.3818135441777,707.7688277662129,33.7217397329335,90.48659068339444
1122.7410879814906,708.9136205371522,33.74310479873736,90.94572340323464
1123.2057872428973,708.6242480761985,33.70718466947909,91.67429437494687
1123.7731664002995,708.7375009639075,33.68178609588537,91.9392284188649
1125.2305182527464,709.889124417817,33.77997606774965,91.655589054991
1125.4532107251077,709.8381034460883,33.75924322263623,91.49923866446389
1126.925328082146,709.8019964972591,33.7890838259422,91.31933159044281
1126.8070736413367,709.8405718133553,33.691486262248304,91.45346941039887
1127.169332911525,708.8803227503137,33.597994943551285,90.9605916819899
1129.0535442631397,709.799189815179,33.53043893954094,90.07874439307949
1129.988531817353,710.9598523760011,33.225939294981224,89.61920516010726
1128.8452643719315,711.7140852917646,33.2363053625822,89.69441852779892
1130.3925833445355,713.0614976621373,32.9928484476476,90.2717800663504
1131.1676225809267,713.877926498378,32.5990810100214,91.1803042298066
1132.6440658105957,714.0754520775918,32.08947763173822,91.93343117196503
1132.8582270654304,715.089008531135,32.13112582519405,91.81180532542513
1134.4918215680939,716.1792188919496,31.836532034710878,91.89406465750704
1134.7721650100166,716.1549497603794,31.885723690904552,92.43820838939735
1135.6213725418188,717.7709154738814,32.15154202573752,93.28041941844813
1135.6090580012763,717.3463649048228,32.29709701014262,93.594074389573
1136.2145941044312,716.9015594238608,32.175929588989035,93.4273804198565
1136.0222294311372,717.5108983825127,31.98317480471779,92.81380504161525
1136.3270968393226,719.0488347460722,32.20043583795653,92.62594806156659
1136.7912786436843,718.8312119658101,32.43346444114709,92.4698239931846
1136.5644537074952,718.912873269583,32.60645940629862,92.14118766493561
1137.6860412304782,720.5502906207603,32.797518979473395,91.43666546258092
1137.8009048259376,720.95547132521,33.041470377421874,91.01871433200171
1138.349363430747,721.7594607384096,33.509692938310664,90.480666535876
1138.580034732241,722.5056235996931,33.80698680993194,90.11169286409032
1138.056697221226,723.3496787679846,34.35572176848545,90.43064734684319
1137.9888876449857,724.8859526527115,34.4779437041693,91.49452841039742
1137.5168751277442,724.9746570720201,34.878282825566295,92.49422833642853
1138.39724747224,725.6019490759353,35.12361113462171,93.21599320555138
1138.2236640382414,725.4981277828008,35.61738444793146,93.70601494221093
1137.988360565886,725.5027168485277,35.86033025982952,94.1744063908352
1137.7786151415323,725.3575027940246,36.12314386244307,94.70000295687265
1137.886667943115,724.9530350107295,36.35482268310587,95.35540458791596
1138.8007603679696,724.3243167672749,36.24459437636536,95.82795948302837
1139.9133941719513,723.4433533721899,36.14698179769886,96.57673319702656
1141.065998900053,721.5940485606873,35.8450072047768,97.15241801534421
1140.7045334628303,720.6068870048011,35.73438095031601,96.87692423258521
1141.7001069020587,718.2132953998816,35.31379071248419,96.789809346721
1142.7449534591742,718.2865495867247,35.173407900987705,96.26186176405054
1143.084753173209,716.1080282348655,34.510989869402316,95.90061223144087
1143.99207672363,715.3677466337698,34.243797602544774,94.93793812894477
1144.077569787508,715.4599581185344,34.09399067400718,94.6483515851968
1145.2264304298267,716.4095539174141,33.92596909640119,94.78446882532805
1145.6991103499856,716.7486788280879,34.033496218974214,95.56819410163669
1146.6138692326208,716.4239021737442,33.77551165682854,96.4218489728242
1146.9692028424786,715.6511498329916,33.7502082066443,96.83594496292307
1148.2331543362573,715.2726128652664,33.48426810971196,96.83511484563894
1148.6906476334534,714.8165300983999,33.46933644696021,96.76238658054395
1149.9546115023008,715.469218071951,33.400515154577775,97.07920301625438
1150.7591291775018,713.8910723418832,33.49231598581683,98.077566009593
1151.3736234204955,713.7020431571086,33.610220810376134,98.7550323381264
1152.063333243675,712.3154362123544,34.0710721601107,99.1624625362287
1151.7354422313251,710.391011447784,34.51631341332643,99.3466392138071
1152.2124451204256,708.249682037472,34.83919362145322,99.49523431372796
1151.5090090556957,707.7696043931873,35.17758430560066,99.48059712182864
1147.9128439407314,706.2429630518121,35.28629637146702,99.58218913075078
1151.1531253463256,704.6480653120498,35.982704995825266,98.97913793058802
1151.2535927224449,703.9967129319689,36.134767069758915,98.3545965969997
1151.489164500405,702.4587214403433,36.200153054854226,97.80271092790716
1151.1429229021137,702.9334299820904,36.51275343893658,97.34697670574116
1152.025016164788,703.9923443122753,36.80169801710388,97.15175546724615
1152.7613108888872,702.4505334699611,36.950141283748856,97.90850337257768
1151.5947657193428,702.8342147843018,37.501737482212846,98.21044616381832
1152.5072017908735,702.7349300545179,37.67869639383897,98.65910717612053
1152.2325916380767,702.1745007423956,37.94086835958883,98.92791501911518
1153.1674319868082,699.9916574477745,37.94878165626662,99.96578178413853
1152.0281004310586,701.1743840710463,38.5088473556562,100.1503773657199
1153.042392274648,697.9188004208555,38.380013424337164,101.24534593563266
1152.9400558817076,698.0638919925763,38.6402892375612,101.22667768476936
1154.2121536193954,695.7220629168286,38.53041993406062,101.90298109993651
1156.5859924026847,693.5968655137831,38.396542416310254,102.65731267360562
1156.384071417047,692.5362524147963,38.29620347938259,102.41461675243869
1157.6719323823145,690.2439983592567,37.75038877540988,102.31711802758036
1157.6562735785815,688.7864691665892,37.50082259381348,101.8339525359622
1159.8082829730245,685.9375462288906,37.08163046508387,100.71621613596889
1160.4410079191787,686.2729964069476,36.768786773947426,99.64263633649524
1163.1620567281182,685.6112893649818,36.49667206622469,99.37236145558327
1163.7301083296038,685.8963385812,36.1694677890348,100.1127183454125
1164.9410630183131,685.5365037934661,36.168182190912674,100.75783347752105
1165.5725925165932,683.7656391202244,36.069735010758926,101.96927107595758
1167.5909399991317,682.0147454924391,36.26674365896299,102.48860593894992
1167.7792917795657,680.5709740745333,36.267450986766804,102.84621103062094
1169.2979517703627,680.1202628810235,36.55822548759484,103.74156041959368
1169.6562683896968,679.5924460038073,36.76822799111411,104.53916805097934
1171.120951677729,677.7188761982483,36.71102328028427,105.25844511326913
1171.7804349176881,676.0166605844744,36.588254310131504,105.38861486620743
1172.8915016410183,675.5719660252292,36.44116358808049,105.45412092805712
1175.7921133621928,674.7777821035795,36.38051021409107,105.46140356627839
1177.946797055385,674.076196795327,36.540625249581154,105.17985128239292
1179.2170290433803,672.374639779525,36.60971937905964,104.98570579251268
1180.9429740781188,672.0220478939309,36.790580774426346,104.28631803049751
1183.1115652556018,671.9212864497674,36.677550030788396,103.65434482507459
1183.928103681318,670.9169085237216,36.69291067935639,103.11686654630678
1185.0851336316066,670.2005717777046,36.67081244870104,103.33451318287217
1187.6669899111937,668.725563966461,36.763050817260925,104.6325207487186
1188.095728102185,667.8411438838018,36.91292917160681,105.50570051364636
1188.6142847655412,665.728000186483,37.64183757340983,106.19689269344032
1190.9709959624151,664.5868450946006,38.24704921286499,106.24580443970517
1191.9969966712376,664.1561993845712,39.01517718975117,107.15149893593578
1193.4673662655978,662.8465064682156,39.5085200322809,108.19959570614697
1194.0886214375153,663.6559113670604,40.13170182711806,108.5418149611917
1197.631099764572,660.2833658710982,40.27785479214548,108.91761274022552
1199.9729414500614,657.7882567441652,40.11351956569733,109.54421405073217
1202.2559122184766,657.0577901115382,39.54293935699197,109.89513144684554
1205.7198299408037,654.8052378754378,38.88030166624401,110.14120271592134
1208.8964865151695,653.2883998036873,38.08893920110627,110.3814218281722
1210.3877980218456,652.214776593485,37.203545191660425,109.90626224271746
1213.3161370318123,650.7764779128045,36.687779036961174,109.16652659626601
1215.085517661827,651.6680127807749,36.477356399978916,108.28302351071582
1217.0208937255554,650.7628060825534,36.70676296392818,107.91191835247136
1218.589807988675,650.8693637100006,37.26583385175162,108.19935241398318
1220.497461307948,653.0709940309584,37.982357047189794,109.334543920505
1221.6924416386992,654.6731756550928,38.58205092670344,109.36995728356442
1222.660138835642,656.1978020342556,39.15660526328598,108.75625140023897
1223.1256146826806,655.0265425050025,39.34986011217778,108.06321748022951
1224.355779374285,658.6642751825702,39.653446744594206,107.6675433848595
1226.5156979293963,658.2760167165552,40.025168472261846,108.21536158642085
1227.784265910781,661.2149344853214,40.268946816133564,109.3558671133417
1229.479637265624,659.8525771537859,40.48928809082224,110.76490794828759
1230.7074028420816,658.947636938127,40.6933638715007,112.09200029366805
1230.4690768936928,659.3783187664312,40.48086781905997,112.73109440073121
1231.622702267396,658.3411057208507,40.43127698376253,113.72696824579867
1233.117205262706,657.9762071779653,40.33695483103344,113.88230244094439
1236.6292067860004,659.150691971686,40.11501477272594,113.68378451365915
1237.3138690087796,658.7989145918403,39.55825136232349,113.26951090421002
1237.9089762624203,658.591408272215,39.06786595660477,113.08204551611696
1238.167140642172,662.591044112063,38.69670931624228,114.20954385595218
1239.2276128346173,663.0258528469958,39.38203934541388,115.54265465757088
1241.0228067614983,663.6833280981007,40.551050905714305,116.15446196786115
1240.5460294775467,664.0584175240285,41.934628666977005,116.93769986405223
1242.20035685435,664.1202507769781,44.60995218485439,117.51001724487203
1242.1892122537492,665.9467813675807,46.46387590754067,118.01683765546358
1243.5813303423217,666.771479336867,48.43250838273937,118.0709329278286
1245.3143534896512,668.4230702097453,52.11084075018975,119.82674166058743
1245.5675373614442,668.5213017352277,53.73853672730687,121.14907743774769
1247.9558829137725,666.183182505753,55.157890544525316,121.71569675607205
1252.6951738063774,668.3634846066522,57.78151212845631,123.4258017827895
1254.5779028527663,670.5945201064436,58.56808650638119,126.74998566601906
1253.1496491072876,666.820428519168,58.50696094069834,127.69385975853908
1256.781354082529,668.354454658147,58.759908412090255,131.50428648448712
1257.2999623471774,667.3927889624898,58.5738881718564,133.08316597150468
1257.3761145034432,668.6678716414958,58.451002804636964,136.58332409982086
1257.1912515863323,672.2934901633623,58.093311646671424,141.2956490678066
1259.4187172743043,673.1359211794249,57.67155287814921,145.11078703568145
1259.2592500309404,667.0322475466858,56.83521392737683,146.8138618402223
1259.0276683245897,667.8747946429909,56.58942348265632,148.7786089562058
1260.8965875321057,667.8367536153596,56.23757139574959,149.32069442943694
1261.7990641612678,668.2467545036835,54.963776584690805,149.10869436177356
1261.567673481044,668.8654848914647,53.808851646310295,150.00819647683625
1262.4287430732354,668.9639641523199,53.10575543067764,150.88893570903207
1263.1667405472083,669.8560668250229,52.47756932062231,151.54204725815717
1262.6581308337445,670.0485963341118,52.379951101065735,151.8132382399795
1263.0321855870473,672.4209220419541,52.85022538352251,152.28227090632612
1261.9575021083635,670.9441553571322,53.76503423542121,153.1565196080012
1261.0090959487388,672.8425167969874,54.97355309763955,153.51781674782194
1261.4273258721341,673.9739073626803,56.527809803583175,152.65383932737376
1260.9691952530397,673.9035130586423,57.63956664724098,150.9744985409187
1259.3244704876824,677.2885708862591,59.1353455236585,149.13068293451295
1259.307259280679,679.1360238358648,59.61050280094634,147.80336126381724
1260.0746910548175,681.6920101234841,60.80803061009156,147.09907301475045
1260.6045047135965,682.0193425469579,62.25868771636162,145.7132985486624
1263.1677158531734,682.0354876259429,63.878420222363985,143.28971200397365
1262.9417820861922,686.462538726496,65.23272305906067,142.00164984193
1260.7877911272185,688.3595450067087,66.50164247700849,140.82784602173876
1261.7816498888822,690.4157717899814,68.18131386969674,140.8607476798029
1261.0973771969343,692.1429022403495,69.7070858160925,141.2553942497697
1261.9538968920428,692.1141089337386,71.34222147470346,141.64421865596023
1261.0314514240827,695.3907674534842,72.0382781821079,142.60939526881293
1261.1965641572274,695.863794116452,72.0326376767562,142.92295497998663
1264.9367996068083,693.2871681493264,72.98911746118799,142.1675765431441
1262.588736834833,699.0942026687386,72.3898328488886,140.45093792424157
1258.3960645069285,702.5202491746691,70.38632252422889,139.46542206081807
1265.0420413514494,696.5960071659775,70.23673333714015,136.13458478913873
1294.2616978430717,693.8084093998158,64.4380453538958,134.56680546794647
1303.747582595297,696.827082629889,57.224973359210864,133.75666237694074
1307.1697889632946,701.4450452782897,54.598608718918484,134.65287819342058
1308.487222463648,702.1100788067988,52.12508815375864,135.9815330602304
1313.3072281637324,702.1416778922965,49.470641939136755,136.94378654939146
1317.008212725484,705.5865694148861,48.546425501180444,137.31981160968093
1316.7602984058342,707.9010666798383,48.05699413071457,137.90886517547958
1322.4531955220868,708.6450654958737,46.532436470474586,138.14501915473681
1326.5771792968003,713.5564136623882,45.759078296048045,138.84591290959872
1327.8690908448805,711.1936587947014,45.18547858855955,139.05122000825338
1332.6950156042421,712.4250961640428,44.03164542725804,139.17876885355497
1335.7240216478338,712.3616648107853,43.34619193382447,138.92849532960125
1338.494364909617,714.7254653712254,42.83297123057084,138.33257755833054
1341.3280893659978,714.5115201235582,43.24135849944971,137.72158865913366
1342.9027481833468,715.1907926971587,43.77178939990776,137.03867217404206
1344.7828243271315,714.8293624745877,44.4975685088231,135.8863800312933
1347.3705722393931,718.2554622528622,44.952962576877844,134.90149004505685
1350.5131449629348,717.9314253621849,45.779328360263264,134.4508699787552
1352.5309888863903,720.5988750869438,46.5513187360083,135.80270758978426
1355.5906799502395,723.4544948387588,47.52077327823178,137.86493610373225
1358.9411645911002,724.6627083613257,48.20243339104172,139.48104079687982
1361.7269061319744,724.9683548871371,48.71127257491829,140.2163358800227
1364.2794442776476,724.962158988826,49.19958007263466,140.65951380945748
1369.5627744121452,729.4276983577723,49.61079455949838,141.9733386360179
1373.7040036878532,730.8653936735374,49.96270490456697,143.34883301425333
1376.798860987018,730.367681406883,50.21341999373749,144.10670871943722
1383.2020292299778,730.0388913501865,50.23587989453637,144.3382939597833
1386.863040871221,731.2550855969635,50.17243205150319,144.43465302482318
1391.688658953136,731.5895844048955,50.009843348611,144.07147205934965
1397.0021725048168,732.3280599812701,49.510959555795935,143.5955585042567
1402.2553389835573,732.2595933585721,49.3551209830806,143.17783476723068
1407.0966703586248,732.8908008333831,48.94250828177363,142.3888695246401
1412.3698243045937,733.7466293471776,48.37923261639838,141.52911069041033
1416.45859903669,734.8844529663231,48.10073100376858,141.2386013915726
1423.2031759430547,737.9092237760437,47.76099125353903,142.0546298404907
1428.9368165820445,740.6361772598216,47.899941665012776,144.11393698426315
1434.3362822135696,742.9692474912266,48.15224941563438,146.49146717574985
1440.4551177747855,741.822291605717,48.014035080311785,147.46833182762828
1444.9913108403791,743.8446068150822,48.17443703506191,148.13671410421054
1450.562551844568,746.4339330491312,48.128024362622,148.71364635290945
1455.7000108896689,748.5541351172977,48.294298899373196,149.8359131150139
1462.1593547568932,750.8527425987692,48.342408039924536,151.09425845480547
1467.8414889646983,750.2282635786722,48.44884274931415,151.3644872469524
1474.8322145452985,750.0704671317931,48.31007347287959,151.33248492586696
1481.5948203426365,750.4916137872373,48.29197247390656,151.3676330212286
1488.1544323278729,750.4830849416367,48.50453561280894,150.97364945266415
1491.392170105796,751.2797173242548,48.95020263508772,149.97520280266235
1497.618440258623,750.5166200507907,49.80601193880878,149.26485560154362
1502.8047227814884,751.353147869553,50.78485680518746,148.4823028937065
1507.7463376071453,754.869529089096,51.89939937067017,147.10575993704245
1512.9971857123699,756.4442754303855,53.19808768170538,145.93527116071357
1517.386291672814,757.767906469991,53.53126492097361,146.6822656732994
1521.9925532190186,761.6351710318793,54.4859781566894,148.8556039811633
1524.7813505160007,762.8602817000098,55.07650490061607,151.07277156091806
1530.0836719124318,763.7797120856263,55.49154594564415,152.40667079945047
1534.9688856923137,765.2834340572913,55.84794944056778,153.0625874518238
1538.8471498771207,769.867895521919,56.226583424469446,154.26399533311513
1542.2000666300416,771.0568532545997,56.37679850261224,155.24527176228494
1546.7686773910657,772.6199626153957,56.5525042266576,156.5744668590524
1549.5532496965363,775.7529469594184,56.69411401024763,157.8996236592882
1552.9802950563567,776.2071912977207,56.728786718341155,158.60057101783985
1556.9700194308823,777.6789001613029,56.56748372124307,159.1941711129412
1560.8445820193813,779.4463293162821,55.891020897760754,159.20740850610767
1564.0667550855032,780.4474724726332,55.555653037001285,159.20103283793665
1567.8464037110723,784.1723209449423,55.44172932101938,158.1767814499592
1570.2659088178848,783.7601461991417,55.114285269503796,157.0080279142167
1574.1270025587523,787.0292637996831,55.20078309050299,155.42807518383697
1576.4175710479822,787.3855097747612,54.91023449094977,155.06937351688373
1579.4210466137538,792.3053760522333,55.41094327151574,156.5605125439709
1581.9280445705112,794.3380854238737,55.83151767050096,159.21610210147122
1585.3071535786635,794.1448084818476,55.9784510213841,161.34911594646104
1587.663698204056,795.2614211224129,56.30350874325554,163.5196687415022
1592.160101909131,795.3807410110859,56.10873600107383,165.18950674735947
1590.3752056406852,792.7500554245381,56.82229684851225,166.49412132865817
1597.2066122773194,792.6369373380319,57.57409539165025,167.86202009932674
1604.2699282728129,791.7775664536701,57.31275881081946,168.92429824500343
1603.5396342976264,787.5241439837223,57.35794148775513,169.41792907357114
1606.3280654972664,785.8141169418409,57.56919554355329,169.65280249327134
1608.1281829961215,783.0452128365228,57.80837704974918,169.48061924882958
1610.2556984042897,781.5249102992694,58.07388456349089,169.0361779366174
1612.9546490702849,778.9561050681584,58.892322342828834,168.51106867227685
1614.399449721864,777.0269565534012,60.04999276818612,168.01829148304142
1616.50482801376,775.0190235713638,61.45120517853477,167.39972751547543
1618.0051903808892,773.6177898385142,62.636637670838994,166.81916885812777
1619.426172120564,773.406531880728,63.49370983602078,167.58491597487196
1622.8056783050306,775.5270094665972,64.5162526428685,169.85604576407133
1623.2522772559414,774.2413747332727,64.93656182112511,172.7013630822828
1628.6682170517706,772.276764317079,64.97635581345102,175.25866619006064
1629.2481082563004,771.5559438250816,65.25093009384469,176.67381791624314
1632.7648073093676,768.7157882702949,65.5192898002099,178.4538909887071
1635.0082886713735,766.997286716577,65.81098308205772,179.77565972114277
1638.0350130317545,764.2563379220056,65.84341082613963,181.0041698591137
1642.1269244968855,759.5284347361172,66.32444385290867,182.039657627375
1644.4849554253287,754.9463551587015,66.64112735735037,182.34370936033127
1648.490469873029,749.6343282441844,67.31332600101219,182.78038525967804
1651.1408867460343,743.3338774103604,68.12974079015792,182.77941925154485
1654.632296559041,738.3296830579322,68.80448342000417,183.1478543431199
1658.5252582727628,731.2561309465908,69.16538006091987,182.82007453259968
1662.8722888002553,726.056716043774,69.22247867390365,182.12790092026432
1666.4741911405258,720.7399366350714,69.45501432539356,181.34306374157575
1670.1763611067126,718.942081542272,69.20256037934826,181.09456616350292
1673.4008295791507,714.3559328807543,68.48882240908134,181.91795601583527
1678.3627094679011,709.383844032533,68.36535560033033,183.6389281458715
1679.0670223094066,703.536629346426,67.79632952669434,184.70381039894488
1682.221194216002,696.3496070633768,67.86844835998822,184.7069748380902
1685.0545101086618,688.7894505410999,67.58441545162188,183.9971487224877
1689.3620307801289,682.9991878536463,67.06153719462503,183.42414016184813
1692.6202945340756,676.0530453567894,66.4612084172004,182.11381895438979
1695.9956022889348,667.8401721690292,66.22035853248175,180.8047936013947
1699.4503423948079,663.8297538883699,64.92373232464223,182.4615859732602
1702.9450437148298,655.7167143850926,64.49090927444212,184.17924212825224
1705.571760193954,650.188319625993,64.57048412869325,187.13675796481084
1710.0745067418036,640.8882729785062,65.10011676541637,189.973057314472
1712.4967194497647,631.3661940997025,65.83229047058765,191.28280955450117
1717.1656027943152,621.8819348547736,66.80793930883047,192.43632560295282
1719.00083307727,609.3593245877954,67.36953440698336,192.92923900800287
1721.6816650510743,600.7299967411752,68.51568295937487,194.16216838288392
1728.073429930022,592.014020748529,68.73898913897929,195.09012256544193
1726.2811719713736,586.1634367718772,70.66640056408885,196.39144921015188
1728.0502457202826,576.9766149457157,72.00911244127066,199.04896737419364
