940.22,474.63,21.16,60.38
941.0111444538338,473.2903452435916,21.210142122606076,60.49104169055101
941.4554518643555,471.04573267660004,21.319970905078353,59.95454050617482
942.4448064277448,470.15854694036216,21.5082539657999,59.75117455189273
943.4997543968957,469.0903890491846,21.943188349763677,59.58916574928692
944.3764985563624,468.6744573415035,22.390154742744155,59.961815907813204
943.9508096678896,466.6846695817508,22.922623828283488,60.425690133373266
944.4057286712181,465.21654604965687,23.668883233736064,60.40403619658454
944.6773559764364,462.9721430996139,24.519946250252538,60.26401214061582
946.3147517513702,461.4242870575712,24.751273474798957,60.15133494247475
946.5685213299688,459.801137748582,25.26279254514086,60.321614273343656
947.9714208838054,457.8669087330978,24.988029814420667,60.43428922325744
948.7578452113927,455.7707906438378,24.675358771550947,60.68142652482428
949.6106041987924,453.24397671707817,23.995414527220106,60.69484746916384
951.4428621748802,450.62037896151026,22.867321304536702,60.77830091487
954.2307095090438,449.3460680733914,21.521134082498833,60.551944053412456
956.3274943562809,447.1786626015391,20.660877376305837,60.286840446335745
957.4289741574461,445.92403961172613,20.059281909717544,60.19225036639132
958.8432997117025,442.2855235109794,19.55423919964232,59.89108127393959
961.5287078934922,440.44546131536407,18.952908309695655,59.53110556751392
961.0914552058035,437.92055670841836,19.348821766127628,59.78274278433507
962.3820100742244,436.3955903558817,19.610775383778147,59.85446504018961
962.6402330773444,434.3139148633309,20.303725739842776,59.85718675283026
963.7335917767009,432.6140270007779,21.244007242496995,59.97649067617844
964.9047923043379,431.1667432242078,22.905192002652655,60.162806276193734
964.5602551793367,428.2282782325997,24.34367115988178,60.59129570765212
964.6334847255862,425.79009588564037,25.600776520507594,60.847177003133226
964.6072251304507,424.3626815579059,26.387975886559786,60.948526654695875
965.5001861355765,423.5941766479508,26.879794354823858,61.13739194335608
966.6099845997488,421.2036077934133,26.943598915737024,61.49139037020452
968.0965987626317,420.13585428234205,26.882281600713426,61.82111125953456
969.0475171004933,418.74351278908745,26.40404416815433,62.15923052534056
972.8527344312845,417.4859993797237,25.37248218723612,62.18350417024003
974.0616088946016,416.2198684288609,24.11987913462539,62.0519324538016
977.7031472610081,414.9429080604644,22.643412509234075,61.860369792157044
980.5965076977086,414.6786479559832,21.449434555755005,61.25682518178349
982.2426333629273,413.69880003186233,21.096483762426875,60.85677981908769
982.2613467893879,412.4820428529547,21.0723015384122,61.04519224819204
983.776591949862,410.93803601052514,21.236986388362375,61.18819860883241
984.1250170225665,410.44009446003025,21.607580090609538,61.222289717634716
984.6938181584376,409.97311976810954,22.327613316914164,60.88832528311672
986.2034458480997,409.4212865965557,22.78652261044155,60.65480290552122
986.9138473013411,409.0780383288351,23.43935861997441,60.41422119389227
986.5666530889783,409.0382363305157,23.575611058371702,59.92943310068728
987.9701266336118,408.6657569826195,23.570025053089257,59.62281708944843
988.9468747803243,409.2428252872508,23.335141430562743,59.222968199912316
989.251494301697,409.64181319205204,22.84618742199706,58.73283845964575
990.3315165441869,409.14115754788253,22.446381584478097,58.714374357359816
992.7720374706645,410.7669862454188,21.541780161210436,57.92070951599819
995.5189335605331,408.78226672065176,20.739470525418533,58.37011377549324
997.370355471812,407.8539040136164,20.134939080790346,59.295686845814004
997.386143098533,408.1769521424821,20.31132586348119,60.10318861054351
999.5302001043013,407.13303932517005,20.773700133194538,61.37180037798012
999.4421893102276,408.5670852713256,21.415816692045173,62.186188344067475
998.8973612879316,407.8076431586293,23.704157429020004,62.584802794069425
999.4918373358144,408.14327690934573,24.77286524536381,63.25884168912093
999.2822398873697,409.73059067169163,25.094800620768762,63.64439482849164
998.3638204811192,408.87708214105345,25.5297687057306,64.47188002941644
998.0262218639143,410.51415946045313,27.106073728226427,64.99727067870305
996.506796951759,410.9632039122062,28.368434294724413,65.23400843535306
995.099348759979,412.1718136453316,29.377269887269076,64.95654421812571
996.0658993540645,413.59335928468306,29.603348386597837,65.21608355465722
995.506243854568,415.5749693481497,29.155734336762883,64.85793544920827
996.2233383481706,415.7111272798393,28.95674432416703,65.3933435848526
997.9371292567745,416.52484434536103,28.334994416138983,66.43171145576217
998.4457711134311,417.79409045787827,27.1608503512631,67.62815880592296
999.4604900339929,417.72748395927437,25.790073398811497,68.74768466934172
1000.3980262131682,418.0683877519972,25.033592349054487,69.76234925186492
999.2553998885369,419.45467099912594,24.137997830348517,69.47841495975581
997.3282354477241,421.95411799689583,24.55378911431785,71.64530770738007
994.9292733022762,423.481880189344,24.269743190369773,73.75395263400713
993.6302759413516,423.77176204707104,24.697709225695746,73.57108528085782
991.5687088268037,426.38178845081666,25.45211481709612,74.07913611106183
989.8896552973736,427.9589573003946,27.070399488260975,75.40923444706218
986.2825596411822,427.2893203462105,29.134261210800155,76.87445440035232
982.8461001777338,427.6445182473049,30.58031551367344,77.62874976027288
976.169213339067,430.17428689765677,32.21927595858496,77.70220806503788
973.1725264730578,428.0712460294682,33.713672029470644,78.2989605777822
968.4667271597774,430.3827667544326,34.53788357107052,78.50636346379089
964.7620403019653,432.0683765517425,34.95539022126509,78.41222821975705
892.6978651557382,433.94644837310346,37.928810398973226,66.17305235047264
886.8180204590603,440.51646567750174,40.02227054428208,57.53692399167608
882.0237366019683,445.4898643111241,42.10871728678646,50.180474014470406
879.8657668594136,448.56163882716834,41.6839798920129,45.963850641561606
871.906341041228,450.1074807722818,43.3343531348295,43.25909912438155
869.613477345443,453.555890657434,42.05681453518845,41.44251006696775
868.5290571603969,455.3558315285141,40.4094775371167,41.24803909140917
874.0032160692073,458.34467351577143,35.670342458753815,41.90768421845704
867.2200030723119,459.6672954440565,33.70257350625539,42.31561724176969
871.0159579492528,462.24269352163543,31.444831232842382,43.00628226825249
870.1194367377468,464.36999509053874,29.167454344330956,43.866852470289565
864.9266334977204,465.2794400724034,28.013983065594694,45.750187238005545
865.0262504176609,467.7507446261361,27.03572700891697,47.61720947819636
854.535185921365,467.72841144255847,27.542895674360103,49.83938133851581
846.7196913376831,469.5380173242888,28.25609919719279,51.38935902818013
844.2980693498508,475.3114072475789,31.53641592676349,50.89937239449044
830.1428653669622,477.89702292699815,32.46793290132992,51.38924333057386
828.7690958732039,475.83669302270175,38.83890023357293,49.619751161627626
833.1133070674596,471.242457747762,40.29229303060858,45.88558377205402
829.5595936731377,475.97205490306646,43.92382870597106,40.96824431984352
821.3603027228681,478.94553004725515,43.954780601627455,38.3236469367396
812.6665777068426,482.0814729814764,46.13422282117847,36.09184590716425
810.8996148342702,484.5120300954811,45.19071631534673,33.92166490669386
808.5837777262437,486.19443277224747,43.536135648587035,31.899465143981466
800.8543492615217,489.5422680573737,41.024823510648375,29.833158587400916
799.6010720388825,493.90705504905236,38.526556178582915,30.829948739785785
789.8479583638946,494.84923474221483,39.90336610912518,32.95475988568742
773.1975156058605,494.1801840343916,41.86870322431436,33.13030942145113
778.2758375428663,495.7894456085227,35.817985863974926,36.4983646423294
769.6531308173076,496.95151632633286,32.92860317251413,38.829221986006004
754.9128383575567,503.33355998164393,33.76260453488709,39.583201081633945
731.2161561136411,505.2648713839051,31.44336068531588,43.648907744885065
739.9657845362185,502.548461604811,30.274563434887547,41.68521241049509
755.4637243525173,506.2808489278498,32.78675570170407,38.6094453327769
747.406039734291,512.6547447000812,35.18859344401613,38.74686191819674
732.878634308828,513.7982384988708,34.83425512502005,40.06940190850837
732.1954917589795,515.6074391287628,40.83884588877948,35.309551674114815
731.7726825822464,522.8423731761748,43.61767652251934,35.141822861517625
722.4116597505446,523.8088785372497,49.27134755213387,33.22458972725817
711.8270235481906,528.1900488969534,55.02448226152936,31.928374496132093
701.568040542375,531.3807528588939,58.95297073409813,31.737686176743367
683.9769780565771,536.0891215246879,64.76227771252974,32.49766088128819
678.6802142952339,540.4806359227699,68.3982094100208,32.3570881398115
667.0126288276538,544.2497371793677,73.1498537338529,32.477271857084716
655.1803280750183,549.4460861494523,75.78381559068636,33.64252679777502
647.4825344109915,554.8775943645807,78.08754500858362,34.462951529627524
641.6648597374393,562.0303338894114,77.80489508811,35.60919367137237
631.0455232452597,568.3972440946709,78.89960139766448,36.54212130772849
618.7298681138708,573.0400191816718,81.36507914091104,37.345545132749976
609.6220845437435,577.2520935805479,82.33699393741571,38.08089645706811
587.6315805450985,581.5551284765785,87.46854514759644,39.67454895504599
563.5648771088113,585.6188310850758,94.28585094595199,41.13683490016078
577.3945622575251,591.1911411469644,90.4185643887588,42.46246013771179
567.5870518817078,597.143437145838,89.48365838258096,43.59223093293336
557.605505320182,604.6356390777893,87.73894205739026,44.40290153192127
543.9776221437962,609.2229661274731,89.74260269727124,44.87741735442856
538.2482621492003,614.5823459316807,89.33199895599422,45.92956228702903
525.91701717132,620.1346819933772,90.39832802308295,46.662109401917434
510.990819959683,628.0301454111661,92.40717081061479,47.314084177667546
505.6265047269407,631.9576081793774,91.13787647141194,48.11058686390126
479.2777815681329,639.1262476627624,96.03069632418368,49.10561380533452
451.64338871530595,643.7971643099902,104.05859152690797,51.39244262025386
449.13999643873433,651.1416475542366,106.93164805270746,53.25624102433931
436.7883889135435,657.5420494909358,110.22925397222977,54.79491469000321
434.0838697935874,663.1512405549643,108.24891843284512,56.33443661468063
429.83439518284166,669.0932892429383,105.70514304496155,57.384390752404514
414.0014666880158,675.4106399728885,106.4029824564883,59.07616634328542
