789.0,509.0,25.0,51.0
787.0726459310827,506.48234065590077,25.751665535295615,50.63263924483909
785.9557042552847,503.98120658498175,26.397078427907307,50.10239090718494
785.0269919166409,501.82421087317357,26.829179618866615,49.60427905931691
784.6334546238362,499.2815467278787,27.22044121619482,49.11873027471133
783.911651759016,496.99838192923283,27.236312570835167,48.6264203456359
783.1003136194078,494.92674630082496,27.334391682082952,48.09633649991261
781.9014507911273,493.0749585054317,27.1981817917687,48.003525371949124
780.5458835414005,491.11244061886583,27.36894153536302,47.88284581304958
780.063394104168,488.61415802160275,27.56058972135164,48.07074096363047
778.8132681998636,486.1718053226118,27.69991013347601,48.262315868448276
778.4923616573317,483.67822791180316,27.991625562289734,48.10524461584681
777.4007713724211,482.1320350903756,28.139909281524968,47.84081873526437
776.4511514970874,479.4709860983827,28.505564437465786,47.723265229992435
775.4461073005735,478.31238193635227,28.426907713306125,47.55109367124081
774.8113013735806,475.3987273352568,28.245408727448307,47.602417155658316
774.9602081268483,473.454983660998,27.958840948451744,47.79788790261347
774.4063065783447,471.49496145208593,27.856850954638624,47.44087848742972
773.8612412701157,470.09552619661775,27.8510190466827,47.32269577570976
772.1837762282215,467.7624121627012,27.772324862892866,47.04005604569141
771.3604232846965,465.3946874595213,27.704660022403843,46.87308540810584
771.2016458798312,463.64085061687905,27.75787157041578,46.94315228186686
769.8499277956752,461.3551352758343,27.923069213337097,46.83192000008927
769.512358994606,459.43825775003796,27.8006756875458,47.06661499308816
768.4216596839543,458.0216634297598,27.575015593028944,47.02407121176938
768.1569023619999,454.577459776865,27.263862512328355,46.84640796091839
767.2589255598198,452.41223139364297,27.54492353856365,46.77081309162027
766.3828476761735,450.7955336806821,27.345586996285768,46.70092482613579
765.4374536341152,448.54605030553165,27.43078731184786,46.629945287374206
764.6462636274086,447.5027469161913,27.30973714947968,46.685759829726756
763.9061353958373,445.3001143752181,27.36842378840364,46.64971021440755
763.1454135900254,443.1641258302625,27.471974943972583,46.61913603478757
762.4701380417558,441.30764559006406,27.526871743636665,46.715732989793786
761.6851471155819,439.52698513765205,27.592886310828455,46.694549622156885
761.4252374853395,437.4103415584716,27.540653569360103,46.511622791259896
759.6374076222555,435.88181453477796,27.191340761348258,46.384915241967484
759.4757974751268,435.1553912468717,27.04906117767605,46.31630796035814
758.4399029646275,433.9025181467102,26.89326535980751,46.24046541556403
758.0094484602827,431.6363812859313,26.782998221036166,46.26900073380152
756.6381497466264,431.4315603809147,26.919669134676916,46.154640468639386
755.8277130398745,429.34160473029806,27.065551703453963,46.23449988998988
756.2862209787154,427.80884670035744,27.09494695858473,46.16172554459768
754.8684735415407,426.4840593194063,27.055136657153078,46.21741297739832
754.7799554922942,425.1612042935014,27.331217555450593,46.16558274600502
753.9662649402354,424.484774977442,27.316798732810398,46.00972860956912
752.156713073006,424.4545633236594,27.506199708480196,45.79578363100156
752.433629727392,422.53189374856055,27.550831365528417,45.67029758588668
750.9707331148198,422.2590976928937,27.517533404149482,45.53981853022824
751.4565162154937,419.5552548582602,27.599708657879805,45.49120537137026
749.6819199715343,419.6847043558121,27.32536904130636,45.460822001266536
749.918140250794,418.7408937458274,27.12728151013085,45.3488552085405
749.3153918943677,419.2007647504914,27.31295705599112,45.2222192783141
748.4470916557984,417.1594307536928,27.27651676164536,45.24595782855192
747.7309291711796,417.09410740027107,27.335611750414287,45.18571708422344
747.968787106382,415.6707249291104,27.271043951298342,45.320354340997966
746.1743180534711,416.4570762023784,27.28834204247182,45.5612504272744
746.2198836231569,414.5201383809455,27.634268398217483,45.75623202717149
745.1239836209628,414.6973435394289,27.733691693621168,45.81293926391564
744.2411169257841,413.7639359003358,27.812443882806633,45.91937856553927
743.753988168741,413.8810342211679,27.572559551189926,45.85670597172673
742.141574837445,412.89184235522066,27.6635208573367,45.991507550300845
742.8400057331066,413.12213573396986,27.93769483261488,45.88262062190404
741.0946984005712,412.1965580712207,28.332514819951257,45.62627777845704
739.5632023877524,411.967969702701,28.916213022346682,45.55206718639489
739.7609130326312,411.68960223844203,29.036538802901724,45.49426964420968
738.8277799326509,412.737163763362,28.88837018840933,45.25797227796354
738.9416136504905,411.87559305888794,28.89779381718317,45.505268349997564
738.6872868744449,410.8150281483484,28.971724468883735,45.52410324920164
737.9930656253346,410.44674579603407,28.737760961244874,45.55465904269747
738.0417412120913,411.5609435632059,28.68055566175495,45.63447578862724
736.8001397012769,411.72521499293896,28.711274552524298,45.669671942833055
736.8945368681609,410.3476192972457,28.621296136725103,45.68514775804756
735.5606836057476,411.5998380729835,28.43859982952037,45.59219397122046
735.716137818817,411.68454023173945,28.517599240295745,45.562544902732
735.1035847487199,411.3263051131693,28.445326840450914,45.831825808817555
734.2431763807975,411.8792604637649,28.45647255578785,46.13301959981385
734.2491723377882,411.0680125935238,28.453345998251685,46.47502827974921
732.9686320409598,410.6908895923931,28.203269365345857,46.70243407204977
731.7598961947152,411.22757279863157,28.046705413304032,46.354043245510276
731.305476160663,412.28460903384575,28.201135691369174,46.04006537957416
731.6206578342392,412.5453831574729,28.48932092820121,45.608421917476065
730.266169424036,412.34052620040893,28.644464740795254,45.44240646148681
729.627976059962,412.5973173669001,28.787657499216714,45.27269619881706
728.206169368641,413.566967880555,28.698119636741353,45.214864898069706
729.0032619886291,413.4713268275861,28.888434518835613,45.36149978721063
727.8135839049113,414.78346028284244,28.567641150138293,45.44453878490106
726.1552956903683,415.34239441673867,28.151551563599263,45.66315733351484
725.7386260879568,415.1658200558812,28.01841432799261,45.76815236870631
725.7644129602276,415.8258138380344,27.926908332474632,45.93315015596253
724.9449657799572,417.1209352157006,27.80423653090597,45.84598967602059
725.1969363589097,416.3581828905974,27.870653649367952,45.61713031255525
723.5359338913154,418.108633811821,27.882950942955162,45.555422195693914
724.0761559292635,418.0006427217919,27.973679962762272,45.48897944899434
722.6952278335006,418.47333005533596,27.91040187694425,45.441920211593725
720.9725163354368,420.23695390144496,27.939610883813977,45.46955838363346
721.2858657647854,420.25306320619933,28.30749515499955,45.39311980342161
720.315984849767,422.26707906435456,28.502063503591046,45.3268953380878
720.1538045179997,423.3189538292629,28.511772677867764,45.35452398209917
719.327948639484,424.3662896521314,28.623079161461714,45.395152018979346
718.7465111292154,424.26243951582006,28.590916340202085,45.56520885898492
718.1699434595474,425.42860283798,28.477724775241096,45.54208631622745
717.2912096560912,426.091500276375,28.436974608716064,45.51563836326567
717.0064323023915,427.7195130025782,28.390989765334005,45.55511461984358
716.26203254667,428.0566770426038,28.27160446232419,45.45497477221433
715.6173096653262,429.32811336541334,28.338378716222703,45.62264289807955
715.8929843193722,429.1734169092371,28.406231068286925,45.76066435047109
715.0250926781516,431.15996099466054,28.39184650404831,46.01145313274925
713.7687001314163,432.1375460514455,28.47524927330036,45.95113470374967
713.008599240842,433.3494956015822,28.710432133550228,45.78036365523404
713.6931632296411,433.9353649006031,28.77105269110856,45.74702227398913
712.215024414686,435.22179371040266,28.69620239133107,45.62036216415558
711.3893021423478,436.62733479630435,28.753957971163842,45.526046349774106
710.8032355697317,438.3926529899018,28.7351426300678,45.51730632488381
711.1850391099797,438.6141458538536,28.839135036876513,45.83664969854283
710.0103468344564,440.3029909864788,28.748471370149595,45.897695395206426
709.7056966539992,441.6236285348292,28.70272717540007,45.94108216374005
708.3983412595961,442.9772546709922,28.83725913119843,45.946110164851525
708.8577973698817,444.63861701837044,28.879330186994274,46.037768404665414
708.1509227155913,444.92687508813356,28.791339993622127,46.20844464795164
707.3572953312389,446.40494908044764,28.943719274045634,46.312339998284415
707.0965726740504,446.78901149968453,28.916412757367837,46.4635114244591
706.0283631435262,449.0682927398095,28.876730133846074,46.530544036982505
706.5281319576402,450.1047521896046,29.126307495852338,46.72813294989241
704.8283338718122,451.2544775357054,28.97609898000847,46.574251105347024
705.2310523414658,452.16632265526766,29.329994316091817,46.81193171583183
704.5526001329753,454.05271974967667,29.35811760514317,46.79449336197477
705.0938595348099,455.83399109177356,29.56995610127864,46.727601922898195
703.6842128444927,457.7530514274932,29.387159027811528,46.86956853173244
704.1742874440623,458.4015442398112,29.633053529844055,46.96949452819014
702.722175483516,460.42989655724534,29.360534897225858,46.87703855054842
703.6236680748768,461.75308761819974,29.62397122329319,47.055668635670855
701.9484406341551,463.47868698058323,29.471267535400706,47.1949697888335
702.4579517286035,463.87363889408323,29.666753403144682,47.32958073234134
701.8029959477321,465.8243474067676,29.552272264691876,47.58746546478514
700.4105799698787,467.976032739301,29.459998507508303,47.83125971671056
700.6973675023543,470.4184523226242,29.4008277394322,47.903589129165674
700.1941283115427,472.7770386272847,29.493274138633257,47.71163929816504
699.2061767417426,473.7850013099727,29.354446443272547,47.38635724333583
699.1585229540053,475.90742318244116,29.514436025583002,47.67877546128957
698.28929201444,477.92964407001983,29.6236254437762,47.50780780722592
697.7787855812015,479.8438977542275,29.81082178193287,47.58019460384969
696.7696164469608,481.6060183658138,29.68626149084404,47.52116334161462
696.8798015555518,484.87418686079235,29.772577675029215,47.93579986239971
696.7855283218131,486.88471014099025,29.971408566334667,48.10898242798047
696.2071121686681,489.0536099838327,29.902715970280948,48.15515491026429
695.1957064718355,490.37407664949785,29.790685445000967,48.1600040496371
694.6187158085311,493.1486940989888,29.850214867312754,48.33835398952236
694.4638334153656,495.2181554177432,29.973288369464225,48.49052327095892
694.9922306920453,497.43303564083277,30.03418485614391,48.56097644782668
693.6126551322025,499.69672976417723,29.956849159423292,49.059436589809565
693.1882194782407,501.87360425638684,29.899912972229473,49.24099644328096
692.3835816084842,503.9960897162491,29.766818106273924,49.45699354113459
692.3456323025551,506.00441595701466,29.80646183531931,49.60382372561912
691.9595631255974,509.0959615093966,29.85640170290696,49.2153188024959
691.6532247585886,512.2233940339039,29.968712225986806,48.86490321637193
691.2294428916616,514.5759889488082,30.032386189333018,48.9900203933992
689.9078043187886,516.4136538991686,30.032902104610137,49.291420839358125
689.8832861386571,520.1349374775963,30.331663806670164,49.187034224494866
689.5903709336847,522.4714175324543,30.34441987579474,49.681615618685
688.8687730479571,525.387211290549,30.427737107210866,49.60478884468325
688.2960066152045,527.6015597840067,30.537167677794073,49.54790277085374
688.1663924690579,531.152663670764,30.67780466149356,49.6118632102299
687.0379070955931,534.0071477139066,30.61249452463402,50.15541282413973
686.6603359583806,536.5328423084405,30.668677448473005,50.56157368390018
686.4805455718764,539.8485032816113,31.070662396286238,50.413283964121064
686.6265355713725,543.0571636922396,31.15073745100488,50.28420166825532
686.3531988894533,546.0354972316445,31.445854418359087,50.03954020467983
685.8268400657507,548.651409163928,31.439627363615745,50.168434113550354
684.7583740007767,551.7994765065453,31.30254215957931,50.742386098237695
684.8813405643195,554.7307641860184,31.53556716237643,51.02740900589287
684.2854809967101,559.0282430522296,31.680777508532838,50.66485788968139
684.6067658366785,561.9538097737704,32.03401166160389,50.68368904620908
684.1022138878432,564.8534084073264,32.0598086745091,50.81269917655813
683.9648776008122,567.8174891502174,32.07676030130527,50.766022676127804
683.8402010048302,571.2268221698074,32.16810873252719,50.90684455198677
684.8260449197985,574.9351205795738,32.42981934009058,50.773954397493185
684.7536244796693,578.2373373423222,32.2035664703489,50.62554504191809
685.0473628198788,581.655420929498,32.33763214832835,50.90455120741033
684.9392779461459,585.3788135697112,32.218657852825324,51.04663311448393
685.1770411904696,588.55682921897,32.682721818279525,51.04182862260677
685.3664027079922,591.6118866753835,32.60178931057808,51.24413741583453
685.6286657653177,594.8693005784652,32.50486024182566,51.54673819853839
685.0524959252053,600.5412625218235,32.57370382830017,51.65256711943901
685.087274308732,602.6711662347345,32.51495028390312,51.77058256959356
685.9723368752836,605.6301631260956,32.700574662518584,51.57774747827772
685.6699774038041,611.5234959377327,32.464534328134064,51.701268622581495
685.6618819771977,614.5305750373456,32.566021812206074,52.0217661850745
685.3216555688913,617.3579743666926,32.52171266592835,52.039437619153944
685.5595849142128,621.8640925369991,32.43434274481653,51.73238621506414
685.6968658812091,624.7048303586616,32.54558403348038,51.866599658653236
685.6362523373089,628.9029319720178,32.64311422186666,52.12815705205826
685.7510118892227,633.3228905169254,32.61328689049997,52.14289999642255
685.2946912899417,636.0731496400444,32.60361058417909,52.07461746795807
685.2639046385773,639.0531969620304,32.88530717792362,52.3837183806267
684.0917145636372,643.4725306330861,32.70530378288187,52.46639198089815
685.1335842644423,645.4579696001383,32.905103199630936,52.75077832902019
684.5068816041265,649.4750888802129,32.99765036596568,52.54516830891022
683.8956361222707,650.6465226877734,32.84782687655235,52.17002835492186
683.4244703499861,652.742031125872,32.83759799631687,51.8039168742325
684.6787998394806,652.859291272199,32.844365653070064,51.4819942378286
683.1101181439175,653.0383951298728,32.771661295172954,51.10654409084027
682.9751165133915,653.1782777887892,32.96575208063878,51.22535360210923
683.4777676656114,651.3218652280027,33.26141413166781,51.516044324267945
682.7358859697791,649.2619564751807,33.23687674208238,51.76498170295902
682.3263225249234,648.1254625339785,33.030506195270455,51.7198238334102
682.4544595026174,647.3843102085962,33.20494207874955,51.9650069021435
682.5090708097123,644.4036535294031,33.266343243856674,51.66595954275644
681.8908348536845,641.717683563433,33.03552999966231,51.86394927938411
681.4826962679219,639.0784553912954,33.1343694270468,51.46187889026078
680.9727484413066,637.827904716996,32.88378778535548,51.06388661092984
680.669986509806,636.2788722453336,32.825981570231825,50.868494523004756
680.1633110466428,635.3011493744922,32.742835914526985,50.65121077249997
679.9191696763326,635.162527325724,32.753777956905274,50.56401395206764
680.441689596407,637.1103756792071,32.88490083648309,50.46391050682023
680.5529602314448,640.5075364343239,32.82706293554784,50.480471564945866
679.5383257302648,645.1936167213582,32.60151016056418,50.78186445767423
679.9349811489739,650.631605754215,32.76863328310695,51.004030923210586
679.1598275085228,657.6194482267983,32.42624036869657,51.590281402848575
679.5650254459031,664.4398898979023,32.478591686318964,51.80291368564075
678.8496660527095,671.3073559173658,32.28325761626069,50.44969551390114
679.8912931471523,676.7310544887131,31.407034677375066,47.15260659874581
677.4321558866847,683.534702918426,29.04987279694319,42.273153977601176
678.3509004517512,689.8045542630239,26.884914794739892,36.448493402663175
677.7969094018562,695.526909411962,24.77971635253775,30.476607201466585
679.4104472319632,697.7138039471208,23.410619513124455,27.168301224410715
686.9122613402882,697.9885029523132,23.842637353603433,26.266509110022103
692.3332832228782,694.915458392654,23.589628622603048,25.78813991635218
713.7641881944126,672.4119965501897,21.128361892424877,29.844570742394072
713.4048655507248,672.0272152632004,20.006652260366828,32.36984773287644
715.5067633115818,678.3917298567783,19.37517576941452,35.0000104402521
715.8336949803054,678.0559641253976,19.98511400667443,37.00042221307204
726.8704713203934,688.7156234217551,23.24632389974049,33.86140147191948
728.1430293573064,692.1938254692739,24.478765198961362,30.51016858049521
729.7740570701928,695.7351782480572,24.569752375727692,27.420512644510662
730.9469228099222,698.0450384441159,25.667998252225882,25.13621858295958
732.3606734393045,699.4174268782418,26.995625472465257,23.303444278184323
733.5947569657695,700.4988293588292,27.83123802158595,21.759848606560332
731.5812032982127,700.7029770028306,28.367340412851952,20.96955716377234
732.7505755645158,699.2156520856025,27.94367308971855,20.859658048033303
735.090759526176,700.7685397724164,27.264060476456415,20.476424483487477
730.1665040189104,699.204377601923,27.597495807394147,20.24349699341961
734.3877826060803,697.9365493743005,26.139016086667453,20.65935669573493
736.8965424642972,694.8228974347923,24.398016145624325,22.151873587446758
729.6071580814353,691.5355337511579,26.823418822481067,24.92956573743025
727.705306168163,684.6599468387641,28.59844375498248,28.27842632979594
729.1608301326695,680.123501177445,30.154665723430572,32.881407984465525
729.2522365124289,670.5318698200671,31.484441464888306,37.06309904394782
730.5086535260573,667.1058046396025,33.00009559681118,41.94863089413489
731.573908233514,661.9845378239102,34.432452392835344,46.6545281729804
728.9843768683616,657.0033550362034,34.743610460054285,47.86657331382361
671.1698628164314,666.2812635798551,33.85356126288917,49.61497070405933
671.5636535704954,658.2120441578007,33.18295363171427,50.64827649152741
671.4052870732386,649.4984033719049,32.642753032478005,51.19482075863159
671.6638968979025,640.2888898441033,32.24439934994682,51.50659378591436
671.5080417677224,631.3152908463484,32.10997313569791,51.66550747966657
671.150858107053,622.5491185865105,31.928191775395966,51.30428205305323
670.9802613064809,616.3374787997415,31.76157287654012,50.98772398010696
670.9843443210816,609.308201554012,31.786457384448116,50.81310891590164
670.1985373287799,603.9690087072572,31.62554268252791,50.294579936559686
669.9273222764754,599.0713789391732,31.82667945217615,50.12543822761069
669.9125453782092,595.0730447626921,32.02026523113052,50.143774061041505
669.4400340522712,592.8924404646008,32.37500162812357,50.05533666113052
669.102913601463,590.4995162075165,32.38373044477912,49.80581530225198
669.1132149083234,589.7531528368559,32.75186074121453,49.45088579357345
668.6012289676088,588.7007182670898,32.69761606990943,49.4371331069338
667.3064265109274,587.5732872094444,32.365574865108044,49.28850706304477
667.1439460703182,585.4847017079423,32.31428452562335,49.57689937952548
667.009490332014,584.9798301047531,32.21993001102078,49.693286262661736
666.6621656361198,584.9816674227263,32.52668572605151,49.653234673590305
666.2689473757737,583.6162710029816,32.27373931217325,49.618387254290674
665.7662075199258,582.9374445803637,32.128599517032995,49.57912847843261
666.0237774623876,582.7752449067294,31.98528580398463,49.47902831398255
665.4058391117971,581.7762621988072,31.882524199501418,49.4241220257255
665.2941680226265,582.0482017238419,31.563202803623987,49.065240534249796
663.8542453212975,580.6784176891376,31.265161243391198,49.161437021626966
664.6814164050595,579.8306303283051,31.006159041687646,49.55003542493267
664.18895852057,578.0806146878978,30.971879254025815,49.744799371763094
663.905101528644,577.9406838991154,30.951153296471745,49.353548888780914
663.45048630477,576.4336433911486,30.904115433672725,49.02099599358164
663.0762135257997,576.9266497417965,30.85545029825392,48.39579261845768
661.9199782814702,575.2170221652942,30.64573450761624,48.193282634743625
661.9843902028417,574.4814972183242,30.630252950029504,48.108805795285114
661.8160105276448,574.0326092535466,30.81550778382169,48.10158294554341
660.9660702046865,572.2021916637956,30.82527917680863,48.06095633305338
660.7064261575384,571.8202797691658,30.680886240831413,48.093350068602
659.9849271553111,571.1030477752637,30.717039152512605,48.28028598023434
659.8774048477017,569.1413494872929,30.731751126129886,48.60184539797268
659.9947579574066,569.0294318338568,30.719304428204502,48.578473063243436
659.5778806668276,567.5840058535375,30.755207446862485,48.53565497993679
658.8548996087582,566.1530301032934,30.596677375501173,48.57227383882338
658.9441291070441,565.9931499259482,30.52898192873402,48.46117176675598
658.3243057177397,564.4615671238723,30.584470382147675,48.65463217071229
657.9165058587503,562.626366700749,30.475341706571673,48.62531072692002
656.961236333782,563.2344457129991,30.520264911781574,48.12028856667746
657.2605331404196,560.6623435729948,30.72037735319392,48.05808720703764
656.8903321720172,561.1482796021938,30.73494921187376,47.77144158906942
657.1154899013061,559.1803978185445,30.865596888061532,47.609686235469646
655.5512145199604,559.8711854348055,30.834372870479783,47.14629337599453
656.0451925951164,558.9367313882896,30.95798898579246,47.22163762625286
655.0378597771728,556.380940008423,31.02081135996101,47.78037919946266
654.8014178425882,555.7945225862568,31.008755653934845,48.074811333834106
654.4479389128219,554.8211550928968,31.116928113076845,48.4528054758276
654.2332363685877,552.9269330450672,31.310584910529858,48.93669940058815
654.1582288087632,552.0047121687895,31.511732232327255,49.21121012287013
654.4348323533504,551.3032185298,31.645048580652592,49.112442640107034
653.6378888892725,550.7073648035541,31.682279625019454,48.82029389142683
653.977108189692,549.2156452746275,31.959987264414863,49.00661380865526
653.8098303160898,547.8330100649182,32.194048626853636,49.26163032182382
653.0530377711941,546.777625468294,32.17664311605904,49.62210959807988
652.9970640687725,545.4339880370032,32.31567487148823,49.78713714620829
653.265338221098,544.2646080069709,32.469327372501226,49.864605702366774
653.0599027845609,544.1828554815124,32.32308459811445,49.48605753062756
653.32323258588,543.6818133537239,32.31580365758583,49.29351593171226
654.0200209985605,542.7750969744045,32.6923073986309,49.62171919816353
653.7276084831617,541.1874523413167,32.6627372878269,49.64834208250339
653.5282742795072,540.3534871778996,32.52432683771419,49.79761091031408
653.6506739710486,540.0525360301037,32.589891224162656,49.84728237094496
653.8562093396938,538.9092889599771,32.641924734919044,49.803774680143455
653.8973244542404,537.402478731361,32.57159636129451,50.06043712956315
653.8016933501966,536.7340945065537,32.531306445358645,50.027729260818475
654.5937644572522,535.7060396556045,32.66283195585706,49.948234104318395
654.3465488232471,534.8855403343777,32.5333160803124,49.900481526068965
654.5541463063756,534.6026491724355,32.47514626053984,49.7582560374534
654.9186007458699,534.4208056977052,32.43015156612163,49.63497399277322
654.5447118718324,532.9860030593655,32.534740837634075,49.65178080753853
655.7084981334514,531.6771836853873,32.574783060489914,49.83509338362005
655.873057877276,530.9589617340862,32.60091869979377,50.021552545011204
656.4711130318065,530.9407114806414,32.575172770615566,50.15619758315065
657.9391633992992,529.1001705669222,32.514163588364525,49.9713889076594
658.6125036502109,529.1849512700205,32.601366753533206,49.63498790185359
658.733836649561,528.7647073839065,32.6123933817861,49.604915981698724
659.973946168755,527.4701474229674,32.83542141371079,49.542104140881534
660.3684632529917,527.8628014206238,33.02401786047186,49.53424670709227
661.1680022569952,526.1029747589884,33.21276639055056,49.564153936613046
662.1261625579494,526.5847235991934,33.12219041754836,49.61937879038284
663.1775420126361,525.7427229086084,33.083747304073555,49.62048832584978
664.2137862779175,525.4332910406223,33.12598960847167,49.514376475884305
665.2562439703518,524.6982866439204,33.058850712860846,49.48314930737418
666.0687729051353,524.9430460578126,33.03628612942664,49.54091746689446
666.8188797058533,523.6929896438601,33.09248427115472,49.82594240417439
668.5626972258694,523.1001516275763,33.135855090497415,50.04592019455437
670.1633455416626,522.8867585019048,32.99541050969245,50.14185012265544
670.8350356147304,522.0182870239408,32.69515170144752,49.98400242916899
672.5554260587725,521.2514537556087,32.791464929574296,49.8819420371223
674.698813119523,520.846794880023,32.931173962369996,49.834234641809395
675.3854591616675,520.9219656233552,32.96367411440916,49.87810702233274
677.7369216357745,520.5547021235598,32.986121480648386,49.8621915170407
678.8027796250881,520.1147456795895,32.91782102936489,49.62464224677797
680.8350060724739,519.9934110177512,33.06392416486671,49.52569780092332
682.9115924265636,519.2832810720922,33.33802806801542,49.58089116392095
684.1816388532175,518.9048741951151,33.28969546861384,49.56072737881266
686.3113471148248,518.9225088989139,33.209569716883614,49.61743795168398
687.9185905316592,518.6555403822839,33.059688596105445,49.76934068318602
689.5548161817292,518.3800889419527,33.06255162702017,49.958427157598486
691.3280344944127,517.6601477807053,33.04535084149696,50.02132583751525
693.7668906200989,517.3757317469169,33.08977298953854,50.25080243634203
695.784821931429,516.2819964233074,33.30943404851904,50.40421546637356
698.4648927462863,515.8947404839988,33.22628521665593,50.378205494404725
700.0746838557341,515.8808172815059,33.2268568063541,50.581878925757906
702.2389603379199,515.5228434763085,33.239749764833974,50.54955077931655
704.2277755421876,516.1461029529762,33.12852865805647,50.72307577129379
706.2881372831232,515.3910446574603,33.23625976602897,50.686759867208266
708.4556380358136,515.3817125149343,33.483670980374725,50.552531085854014
710.0217155793418,515.711087436189,33.32656777320117,50.79794078924295
712.133663475738,515.278646815135,33.44558274701029,50.77782752451521
714.1849865667158,514.4554271949427,33.40899186290637,50.797191569587206
716.3201579477214,514.7654821618479,33.23725139581687,50.786349824253335
718.6525567824124,514.5705160637744,33.19632457604444,50.89840421278312
720.0491214661938,514.0478349187076,33.21059877293475,50.96950808006519
721.7100357750352,514.2104165405084,33.23264222556436,51.16221287845579
724.0007335992408,513.7534566618693,33.401734858403174,51.23287091698403
725.9979348766824,514.0769790459138,33.18154800176214,51.42583774557467
727.122999564977,513.5978366928309,33.334113327321354,51.63590773006074
729.6456676734829,513.1931988693575,33.40900110933305,51.8002248809138
731.2564112202457,513.3369504422241,33.440703102721415,51.79499407404794
732.1507900888399,513.5743093495154,33.55349565850183,51.78931617645755
733.4726154313578,513.9096707910302,33.56589660920816,51.975587922334086
734.9582736325598,513.4302250339051,33.448996100359054,51.97343512506076
735.7148033801836,513.5295835919063,33.471047078744064,52.15684386355074
736.9286023125114,513.141878794699,33.67591076194008,52.3482385653872
738.2853576980468,512.2832563582723,33.68093636782238,52.49274479077969
739.5506981324986,511.73591873220846,33.796587286028235,52.67424255267298
740.993506205705,511.83783634544375,33.83493659371706,52.85755332229611
741.7898413987381,511.1589448604012,33.77266171546341,53.05745360195145
742.5096762830958,511.03023145348754,33.42645202975571,53.22842411695075
743.0069633565441,510.89808590856995,33.352013380905916,53.118539181395256
743.7902944996622,510.94803797475066,33.45756178802917,53.041843667197845
743.971059774164,510.8760626572545,33.33490758179892,52.84726280804956
744.9476085598465,510.5099490130655,33.56372529363708,52.81540623412291
745.6601036176772,509.9327491890446,33.713289621335015,52.706515476891255
746.0442322540315,509.75417928003765,33.692575683587386,52.75918141795208
746.9929296884167,509.2823379932774,33.69920303161404,52.77998191139446
747.5977261156488,508.4091337767316,33.80836628066524,52.820793420657836
748.0081776738119,507.7570238763659,34.02986733914381,52.83807169306891
748.4448750355518,506.5847647365885,33.939187459413866,53.00052210152998
749.5920143177356,505.5736145763024,33.81205367043701,53.204661411359965
750.5266039841252,504.59514264730467,33.73115863941548,53.521758467597635
751.3799903554899,504.23397043246166,33.70015188789719,53.566109122869676
751.6365385931572,503.03569956490895,33.848996940882884,53.58765085797508
751.3315045647821,501.4902261198185,33.93011907478138,53.665673553820085
752.5044011355624,500.9468788530414,33.98065772033034,53.732501144014805
752.812945504266,499.5199568911931,34.37837000831356,53.86413132259426
753.3133738868146,498.9788955627447,34.71430523540406,53.7734787109364
753.3483070235808,496.8962731010424,35.03033373726227,53.50531298980965
754.0042372479812,496.02954290401635,35.44267067615664,53.496311225658744
754.6970703221941,495.52967510408115,35.76568372694956,53.33880500424007
754.7098049703574,493.6051860399779,35.90365132027152,53.16086662854028
755.425209430379,492.7793383193058,35.9389221121424,52.98257549761886
755.8580396765988,491.67141555338003,36.22264516462464,53.02651551189227
756.3867185113008,490.7362981852273,36.50342226084564,53.034109867338266
756.6958789125943,489.60433839594054,36.56765761060255,53.01236965587283
757.4388585516099,488.8976918694409,36.635073576711875,53.16260118543461
758.1468694563525,488.34817218142837,36.56731836878915,53.284605038998784
758.2649527454782,488.1026741506921,36.817144222178364,53.28081960633059
758.1933631226754,486.6292480667509,36.95017637305746,53.60993495780678
758.4878974404793,486.87913207179287,37.21427241030123,53.78587190377752
758.6641336698592,486.02954497414316,37.18295168493984,53.71762056196758
758.9799565117371,485.8540020634226,37.20149826192617,53.49941622227582
759.448122966376,484.6693453564188,37.0790691612421,53.490433737846075
759.6266317880767,484.92582481479775,37.08334912526274,53.37237228202555
759.5852328326242,483.4862914316665,37.01720599612855,53.39326949262406
759.5607564933719,483.4315872096341,37.10465659943803,53.371070881024856
759.636650225659,482.780322383064,37.01979418369178,53.42599616404779
759.5888667200429,482.4729060327463,37.057820301369226,53.521709601987766
759.3936760666296,481.5560833436196,36.83842987968018,53.690361694108475
759.2998630042099,480.8974114606872,36.82601327991035,53.80171180762955
759.4018020629086,479.96680923686233,36.84056472794255,53.77601439981055
759.560752259832,478.94730121354473,36.91222121886139,53.76537834683626
758.5110168927841,477.8193248019256,36.62239446760557,53.475982048980846
759.1279773428965,476.01012444565237,36.7897492021463,53.54723310332413
758.7058805348138,474.0251860720754,36.994340157179046,53.64387987000933
758.8923777070598,472.73206861994356,37.259270007022934,53.74212344126517
758.8319884254865,470.8755339623402,37.578367051614734,53.727440070924956
758.5644505625637,468.13043696205966,37.88543069249944,53.69627176679867
758.2826222102634,466.6133809011077,38.031545893193794,53.60716916702289
758.4690937994144,464.67095836322335,38.28822612797788,53.470117880486924
758.4962972936652,462.92526537145244,38.4006129627185,53.20727717945836
758.6410035067406,460.92301479227336,38.68787595160669,52.78585975871499
758.419281521795,459.1552822323379,38.803988378529134,52.62856059635935
758.0864428187267,457.75653902836996,38.79565455419686,52.5618654857406
758.4917008251765,455.1035141741249,39.07731688602386,52.567515413957295
757.8952290573163,452.6127129246398,39.19047221373641,52.53028856722432
757.9786752199457,450.9410632269091,39.434804253712144,52.234549876748275
757.8614850314568,448.20078432613786,39.66787237483051,52.300251721259386
757.9431958312756,446.54265059216294,39.95508859257585,51.583087182373376
757.3284982360211,445.16653083135765,39.99641920788939,51.33776811023388
757.1166531235917,442.1415894474102,40.34071795325592,51.52269116133192
756.809514779193,440.56877726124947,40.63198133638944,51.414882306114386
756.996104874385,438.47376074882914,40.90446154639615,51.2229420643534
756.9193660790899,435.7044097464288,41.28959807253321,51.25660866876356
756.6017293820353,433.82647308065754,41.414037726408004,51.2924350032357
756.0402865092417,431.79923846799386,41.6965304055888,51.110515068406784
755.966688846095,429.5127998320473,42.045477440866556,50.646435553190635
756.3838357621892,428.4435677938637,41.90536695828777,50.336291231120256
756.1427525725185,425.5613055596282,42.148519665754165,50.313614771856905
755.7791396978246,424.3278315322922,42.21832048838413,50.374129721060186
756.5419217976334,422.910169119745,42.467994325875765,50.34104634302952
755.4962274274502,421.72624723293666,42.71363416487488,50.364361918404086
754.4614927859706,420.42762958167305,43.14894817439681,50.463001029524996
754.7390966697066,419.33780647678844,43.36417192547952,50.528999778356706
755.2865859381299,418.5964228763627,43.35352871578134,50.63473756026298
755.8586090446781,417.89990960682,43.32514412377847,50.72016217063735
753.9323745609659,417.5287578197213,43.45662004921078,50.530123215537806
754.5867978833193,416.7717984650108,43.805518765832105,50.43930559683383
755.2158627115982,414.86370776308695,43.86315449013372,50.420632874705056
755.1141939657828,414.70225922332685,43.89055814387385,50.42382780578771
754.8972926152097,414.02101760784234,43.997334477832496,50.43355835120984
754.8970792848667,413.2939510117828,44.01930654867486,50.50002674840705
755.2830448595467,412.6804373724139,44.00663748427573,50.55809345585576
754.5808046457448,411.75499601636847,43.918732047621766,50.65581759861071
754.8516564804794,410.099444195321,44.036635311746345,50.961367041486994
755.3138084799068,409.35275563937563,44.16408912539157,51.35856800591675
754.2974176512377,407.9414394648409,44.17712590968294,51.4634269174861
754.4379495107197,408.04158176485265,44.23459368485943,51.69623252742359
754.2104670456824,407.7844894086803,44.33573781415275,51.724821536643304
754.4222911516781,406.10974128177236,44.33751990001288,51.66652665276391
754.2711542588899,405.77549984127927,44.533485702190966,51.58020301519532
752.3875929162991,404.6493936533791,44.57309984245053,51.62579612830038
753.0993619180871,404.04996199093284,44.63794990039803,51.947889433661686
752.9265863293439,402.50651193707546,44.748042703861174,51.95248363317332
752.1418930562972,402.5394237121341,44.874146168899614,52.04004143071227
752.7124266539938,401.5849530334898,45.065003411983014,52.114067626868035
751.8661512543771,400.64867761112214,44.93217579324776,52.210144472579906
751.4484390447959,399.89261174705643,44.89101329834768,52.14766072219571
750.5754825835467,399.60773907868634,44.71354060072896,52.30967595639683
750.0615561707257,398.21656420583645,44.59435973496455,52.23898309955756
749.4833768418654,397.69332312050597,44.71585205967749,52.157291442093495
749.580876688425,397.030502697859,44.8766568099177,52.03415604227031
747.771104882613,396.68394760227164,44.96408067056487,51.75782958793719
746.9506565446133,395.6023456688766,44.99883720984584,51.969235969375745
746.3302757653545,394.5008825194258,45.1332144910196,52.100140783902305
746.0663218977334,393.36505305931865,45.111332797550865,52.29320168165571
744.9626291599175,392.6724800709477,44.940758068104515,52.44980151581947
745.6947554105437,391.9525244804378,45.16275434614889,52.5814851577768
743.7617989860616,390.3255373268513,45.232265217573946,52.80530809776226
743.4308826283858,389.51606987969416,45.37416995440997,53.02478315320931
741.8145025951027,388.8880834251165,45.325359586406044,53.17376143345841
741.3965057841116,388.13420884561475,45.46283636268497,53.13542904949311
739.1910389251755,387.3421452428347,45.54596551512755,53.16138975114703
739.1547928262472,386.31825235739115,45.72981635556212,53.24628489703414
737.3881270647173,385.61940889650685,45.72019438741101,53.37967433345112
737.221488542812,384.4621436564878,46.01718603083093,53.62734079981733
734.258782884489,382.94899812582554,45.74945159552378,53.75577419512623
733.0127061357961,382.16328769324286,45.896756460097336,53.837921989002574
732.4646001931328,380.8254972381037,46.18202474190812,53.64918405162459
731.0688252058329,380.02514591256363,46.29385669892978,53.662820052314174
729.5212532312736,379.59558401548895,46.25809549668129,53.68196276736195
731.2529575888623,378.2055639118017,46.52663563404303,53.75953410266614
729.1948788541168,377.9816593705642,46.50798170216676,53.62784489412551
729.3698447312568,376.40521490389284,46.568770773082264,53.79138446223386
726.8700336566427,375.80965644233265,46.5436736840291,54.08085953965109
726.2386147014831,375.4758912653685,46.67905492930913,54.294654542016914
725.7444954344229,374.3462851879024,46.80038062163278,54.24623425066004
724.2872994063075,373.6850397795776,46.78722140833236,54.21461434953618
723.0681495594615,372.35571327402573,46.65424729831332,54.32062453837436
721.894632432251,371.1965555779686,46.47772198242171,54.399254871894904
720.4773039768276,370.45844288120566,46.56062413252657,54.37561759452224
720.2865894119136,369.2165208150188,46.82951969301851,54.45048040365384
718.8355227766706,368.86046889575584,46.96312879358265,54.444185194328185
718.2930457043458,367.8587544155402,47.073076834716645,54.36884828561876
716.2156165561519,366.71173532892965,47.40806513598735,54.539839583839935
715.6102225623621,365.5741240412519,47.551439793488825,54.76322805275011
714.7480468286793,364.3976283374575,47.65782556261212,54.82334226307334
712.1505051048872,363.8722640732484,47.781970899844694,54.50123753953831
712.17348054161,362.3450466870266,47.92580884475848,54.69558014889608
709.9482586827984,361.8477825306149,47.98703137097543,54.87741009746167
710.0470298116384,359.89198950510854,48.349608742201674,55.18163530863059
707.4055829748371,359.20001593287043,48.567332127718394,55.42198198923967
707.0193409830486,358.43324907705824,48.279589670865825,55.657465774106136
704.9305286087822,357.2062672648533,48.29078680709382,55.65389460847696
704.1211767219907,355.7970248839409,48.04210471641906,55.869153662293996
703.0056750722591,355.5850432779858,48.24678660474932,56.136439628110445
702.2655995341416,354.6932500848758,48.36649456574984,56.31138343620543
700.7991600360783,356.71536744314915,48.58045571519677,56.396299110283685
699.189774606022,358.26912591275226,48.84706287902062,56.55948834783538
697.9763791193212,358.4121070499409,49.04143197742202,56.86819160080174
697.331445555152,362.51505001364484,49.33682278740113,56.76055701616738
696.0154849619898,365.9059689316587,49.35564582919403,56.865315859827064
694.7499311750771,369.53328863977663,49.56752427704297,57.15623918773191
693.2435533240172,373.33518179931747,49.67854658072547,57.22803575439246
691.3371185582323,378.75735498300065,49.76354135643568,57.640677912416685
690.7677159803434,383.11279114039013,49.85226716651056,57.64930327830177
688.811577738837,389.2038323995636,49.47110187706238,57.66904876288442
687.387414997223,394.8572606879003,49.21260057806379,57.94899943718769
686.9175666614265,400.66122758202874,49.181121102196,57.85905576123544
685.3880042365394,405.5256138478153,49.24624265607164,58.01488100798265
684.3506445399095,412.0700537462524,49.336114026870426,58.1437746486084
682.6729500145556,418.2813446808398,49.35526040179717,58.32702774037118
681.2083340838313,423.5499119828326,49.36873603765948,58.58568476236207
680.2861391322132,429.8583066333532,49.29474520359117,58.91884663319594
678.7306458948741,435.29965451743703,49.499603748581826,59.19757359452042
677.3927890543375,441.994754797188,49.658090256803455,59.4814910770107
676.5639679443359,446.4165222476097,50.091992852783164,59.731324706440724
675.1493007507793,450.30205496802444,50.40498507681056,59.733528918931654
673.9526062304872,453.88513281441675,50.34447091915254,59.91530413435008
672.1160470691963,456.4424229559426,50.40272107767184,60.14728146848585
670.7550331177354,459.25813284468796,50.38593367297664,59.95912951326081
669.7864380788234,460.2895297115118,50.2574499226756,60.0384713997303
668.396500666445,460.80627901104344,50.14114554821339,60.03863368933888
668.4074658024684,460.5330067569187,49.981580998822864,60.118427098955564
667.663542223527,460.0982046721433,50.3386450756512,59.954492450147
665.3605281199876,461.32962610358265,50.52548382960474,59.45730205308858
664.373296538096,458.9627257602301,50.5584644494427,59.283067461473394
663.4148430405535,458.72625295510846,50.86334141523089,59.078354990662
662.2648968426672,459.36669124237676,50.3276777807301,58.16222450987542
660.2926878727773,456.53692723889947,50.25416664336142,58.84818073948624
658.9472361480625,456.27297656175824,50.015291040056525,58.3893724990421
657.346883875706,456.4044816948581,49.68996409062894,57.83803215471743
655.9588714950223,454.05736602243064,49.70385811469168,57.7105777085567
654.6818801157667,452.18414164635595,49.66169524332001,58.05123422437792
653.0917292999766,451.212324594963,49.61848613271279,58.186121989273204
652.117799649864,450.17203461512156,49.82699606770376,57.99347807200297
649.4316410536591,448.561755031591,50.25099477866819,57.76286536406407
648.4163136431108,447.6395820448191,50.48237896988198,57.63727115206103
645.7640350771967,447.38861662832556,50.70195990542118,57.628215656923075
646.5370145904569,445.9758795192401,50.63169362792413,57.20851165243781
644.6032848337787,444.1768884794613,50.82248688151479,57.128255816956276
641.5465316317875,443.6615975148198,51.27006921323163,57.308511208153384
641.1918634298033,441.0000867486917,51.23074839063745,56.89464004021435
640.818552608712,440.47963340310923,51.04438663438252,57.04489121380105
638.8805516388428,439.06824782953777,51.0762876219726,57.03817932871745
637.9169977584279,437.550532659696,50.96138793651323,56.94365056195568
634.889582873586,436.172448909238,50.955747125142366,57.2562145472466
635.5361635639433,435.17208409139096,50.34375334696684,57.139970305987646
633.3762458874211,433.4007647355401,50.58239668340972,57.03961890538457
632.372413505835,432.0735648817321,50.55369975224602,57.06688238253183
630.7020298564282,430.69942523924294,50.542507822544025,56.993079147978975
629.2226461887125,429.22672800998055,50.531121349381735,56.72999277154279
628.0249568301684,427.9243406038249,50.49046491021968,56.52055859947919
626.5379171120554,426.3227376932425,50.37094693433636,56.314905167714194
625.2385863094314,424.81287816133874,50.363804096224996,56.07913106745925
624.3481100632633,423.8612442690828,50.054622921569006,55.87143693790855
622.0346286382288,422.8040250282513,49.796606523591144,56.1264851607825
621.4169635695281,421.0516167364656,49.74739076255519,56.06694017208841
619.0051202719364,419.0893974628699,49.74667550226958,55.847488338420376
618.5955225559032,417.54721935775245,49.65840023121104,55.79297430939741
617.6285126068983,416.8827697536126,49.63714363996307,55.91815342490375
615.4115564897139,415.64105529474995,49.60906551788664,56.07597504282431
614.063468795419,414.1504288489132,49.831440247296875,55.94132217277911
613.3435850032055,412.33090483408864,49.87956049285657,56.02022005594387
611.0599123993949,411.45363530494114,49.75974139383729,56.097009480449785
610.4370156705052,410.3263631430991,49.47346087700714,56.02988327190718
609.6557713097176,409.003355746491,49.12300099018398,56.06005333856087
608.7311603642778,407.56799548426307,48.88894041036048,56.12588799875903
607.5185409301095,406.0110263692108,48.77264485486896,56.24960711265255
607.2189241432916,405.34888044532016,48.695853037879615,56.406220127426096
606.1872012924445,404.0712673212261,48.61472171320675,56.386449427371936
606.0622737954455,403.3406957205413,48.53445280583747,56.410153663897894
604.7909559964218,402.9647852541609,48.73599343318198,56.47217051951018
603.9510551779116,402.98689280267797,48.837563258678735,56.433570656851124
603.6172957162497,402.50411794500883,48.96386819274474,56.49593738879096
602.5590097994506,401.29989803848594,48.949763756811834,56.28000281218827
601.8425546423123,401.4015588776787,49.15338024784613,56.328039166029264
602.3183493032806,399.8687593416842,48.86713516419078,56.091941460674576
602.0485556432773,399.9237725052108,48.95568793829898,56.23829330744942
600.6498111099061,400.2672103103516,49.05832226871336,56.228267062402324
600.6399090133588,400.0110319293728,48.99611047059686,56.381706588031754
600.4118697078026,399.7417074859485,48.85279332975609,56.44780603640382
599.6557189335017,399.0493373879012,48.87763760296734,56.284297941482784
600.2774603799318,398.757460735571,48.89141789370092,56.298913672901044
600.5813259926155,397.8210193290964,48.66251662438832,56.32273642725647
600.3034416254493,398.72847517002407,48.47019270735329,56.47294315360425
599.8390085856311,398.56449799367203,48.55178400671649,56.420816329550505
599.3495293017247,398.33657135579546,48.615871358708745,56.45952482991303
598.5976543431179,398.49637230354904,48.490501402875424,56.309158163898005
598.8677748529449,399.1008672567634,48.547947150799715,56.448953657859924
598.9460151214303,398.58175821830645,48.53711175543046,56.265781964266
599.2130716740528,399.50979883455483,48.538994133583934,56.149507860675506
599.6309637847961,399.6601531790577,48.58367255858165,56.05439609549781
599.8053261922893,400.4521768981469,48.40212303656407,55.971538842866416
599.4651686137267,401.48221076576067,48.35914107454845,55.979861000216985
599.1224373413299,402.20063454052087,48.27620151973273,55.85034072120438
599.215554801494,402.5353477457327,48.35238725370134,55.864370731679195
599.4384837469397,403.4406208619884,48.399464543474046,55.95088870815213
599.2685306562408,404.0163205226432,48.338140866473424,55.807164557740975
599.5838728863152,404.901242673351,48.36845188972295,55.860150456520614
599.2878675463505,405.22831752127274,48.349897384105674,55.75070901263034
600.0658976277091,406.5131625233157,48.14048639131039,55.73476046362248
599.0958955986603,407.58454057554866,48.2335361037048,55.78032833376598
598.4460399603809,407.7610384400268,48.29429474354487,55.734598840161226
597.67062297322,409.1243920604626,48.546956720796324,55.76042455827405
596.8185501909625,409.8837303799326,48.632083730624004,55.733614984763676
597.0861000013485,410.3902340492323,48.559050760242386,55.69961155241435
596.8514887307118,412.0169462371897,48.53298826733616,55.56979862669486
596.1369426785765,411.5056694380967,48.725202930200595,55.59644158034965
595.3168967346967,413.5533758554271,48.62077272323365,55.63759490779814
594.1178443768208,414.1294787705833,48.6600364966025,55.647986733735735
593.8775907653045,414.0596616152476,48.6378734315493,55.72731831003214
593.1217868506408,414.16959722307627,48.471106016736,55.791581005507595
592.4782391043552,413.89109612704897,48.516349702666545,55.91556928154664
590.8733997545631,414.6648730908373,48.67558284561006,56.13260275631367
589.9468963943372,415.2956468812968,48.75681527406986,56.01105456504309
589.3508378221418,414.9835645671259,49.117007979984024,55.99018440334589
588.6354954826977,414.86458974901734,49.6217740797705,55.912689093273926
587.6236578187322,416.0029701763676,49.87365985692041,55.794924820604614
586.7125369549502,416.26582597253844,49.69088144288275,55.74132016185676
584.3545348832464,415.72242082932274,49.84467550328267,55.369466507858455
583.9619176437687,415.47252375358073,49.95484589532386,55.452497353678424
583.0041856369004,415.2292267994763,49.82200058288858,55.48123603727792
581.6186958926298,414.5520650644474,49.81316439760175,55.36838116260917
580.9993444909462,413.954223153151,49.829729749797075,55.30883122055339
579.3722871807394,413.41450028145596,49.85548133310144,55.025682359451395
579.144980449333,413.239138413193,49.84422870704676,54.98366012429758
577.0043780856514,412.81689710768785,49.64475106136321,54.72662601167505
576.5533074691003,412.59377122745354,49.429735312043505,54.594966395190625
575.6712831941686,411.0587097025616,49.24964628866483,54.26750643716194
574.5121881142445,410.57044483499567,49.1990772932396,54.21782157268445
573.0272277186896,409.34419754390836,49.08266385583371,54.24255126228096
571.4285060853692,409.7670059746356,49.19522247891962,54.39472187641238
569.9418340620075,407.91209295215344,49.491244137947945,54.35915607567362
569.1979260891518,406.30687273477474,49.4152478278,54.19868586589969
568.6607149760093,405.9105149743073,49.49557520545214,54.30709047374866
566.4555191898853,404.0396445349118,49.61017515172359,54.120471367188046
565.2907688417915,403.364973803997,49.84464410962974,54.08213277530679
563.1693697755463,402.6409586892692,49.76221641204204,53.96314640319984
561.4606468139634,401.947123376666,49.521062481692375,53.81009132039847
560.5775953395266,399.80926194677534,49.36434438564405,53.642500581546926
559.6242863707298,398.8218813188609,49.27033671288611,53.628080318821205
557.1961732509515,397.6772266516765,49.33870589677862,53.22616650865871
555.8673086925241,395.3175585617281,49.37170967183651,53.036277224688334
553.6201699572305,393.50659501412224,49.40346272836127,53.0919506577907
553.0387687921495,392.2721773136344,49.55210490227311,53.41356926189132
551.7993663446621,391.59126042159085,49.408046027716814,53.76371481355659
548.3456837528424,389.5256414671093,49.799770952567116,53.99492830845713
546.5132112939468,387.42456674462886,50.168023975827,54.44066906201181
545.0704694302433,385.6887926900577,50.069422620226334,54.40722754713067
543.7459476492294,384.7681064996767,49.815771480105774,54.314350049963025
541.7395103096038,382.7409881998408,49.607714152520884,54.062266459205155
540.5846033720084,381.81587835142926,49.49382197302437,53.949107249778166
539.2166841061028,379.6530013502032,49.6094670233902,53.51524821512095
536.9908950711663,378.7302978931476,49.7672218510757,53.681272805013315
536.0075582414629,376.49318022107485,49.75115320091216,53.38735019017447
533.7978827819738,375.6598872781781,50.13289120485123,53.57400138358531
532.5751113274138,373.11400432905117,50.121891145221326,53.572703927346836
530.6176125819861,372.2298783160474,50.353539026701625,53.71278212522941
528.613819048168,370.0149974349455,50.26897826718934,53.50629815989423
527.8168175855033,369.386165093913,49.70737206165946,53.317673779459184
525.9534102050434,367.6575851766422,49.61533916632934,53.09383385814138
525.1745065019484,365.4937471491097,49.491002407480245,52.6454021251204
523.984523538862,364.93229943789595,49.63831757681691,52.38931500360266
520.7810324052705,363.71428882767293,50.234829262945325,52.165103680103314
519.5278885473913,361.2071417285951,49.98127505975856,52.15254240950897
517.3036842064799,360.0987662343493,50.24485402966696,52.43162555132091
515.5537151226815,358.3836266338458,50.73005220702955,52.55843795545293
515.0335312048146,356.6998593697677,50.751010863075976,52.51862385079667
514.3747634782111,355.9065051195317,50.89004900182972,52.54106233173739
512.5358675242792,354.87040204392326,50.51457247707647,52.4035516860793
511.83754796505764,353.204651074944,49.683413133605384,52.10164603126431
511.0884691633311,351.7008321842661,49.29378387182406,52.005691893674744
508.8278156040058,348.55227249184986,49.50272831957621,52.673630370304195
506.3698922025551,344.918904103228,49.86133940470427,54.25498811922762
504.9527929108688,343.4241657490831,50.580181542764294,55.07851023767367
503.09566828200394,342.9945667828655,50.96421534639254,55.658716470890106
503.19142848357586,343.0538726138077,51.515614865123645,55.74533552189636
501.6759399719471,341.6154865305,52.321768890334276,55.58780593069918
501.3604513361321,341.0288007848358,53.223498115089384,55.62087285659793
498.8745227400501,339.96115361799457,53.26730049768304,54.67384602328816
496.67367405663515,338.3728799086115,51.99028692701293,53.55414405240592
495.26566738768014,336.9135241639572,50.77381430300887,52.760254833706654
494.7518435739885,335.8098202809953,50.16523146164214,51.569194582052354
493.09509826042967,335.0040217117902,49.61925553602547,51.02762399585323
492.26725495163544,333.59125201117774,49.661813491504574,50.49818292832805
489.30068070611907,332.401831481157,49.497595649529416,50.36673956454152
487.08782801873843,330.27920637418697,49.48410729870478,50.530919832192524
485.55381300293215,328.30235516489233,49.80790515258294,50.54072881816452
485.1697552127376,327.2922272979253,50.12812949762052,50.58596318979393
481.9672854408831,325.7647827366418,50.21824970539211,50.96537623814214
480.7356709867049,324.380901859389,50.134451025857736,50.845732597139985
479.16606807285524,322.5044087629883,49.963201531291446,50.77411857021474
476.7667773449926,321.4398211759267,50.08293472041517,50.59061063886927
476.4785329460285,318.92439490484315,49.99114959256211,50.4957155003723
474.235747646595,317.862311961803,50.27698264260103,50.43680643528063
470.81129915925817,315.67232142923797,50.541941018641886,50.29457070353584
470.9489469955102,314.837369512751,50.420255575629945,50.62006840858002
469.24917404294933,311.9651341584072,50.87033859012678,50.592307061603655
467.86292646214207,311.1564694944705,51.43627552420222,50.83365982697689
465.46712812160337,307.9830527067695,52.21134693672491,50.97781090726171
464.4499317720274,307.3493336659176,52.03548878138468,51.22036190400469
462.76514655451757,304.85283844894013,51.87557923593553,51.52841581452209
460.29139813939366,303.4513562125431,51.40847950856619,51.33298246016776
459.7150164278913,302.29838074447446,50.67101466008648,51.19317839142223
456.86462686266844,301.4086614211642,50.441144986821286,51.009436496050476
454.3216299394901,299.57320697021316,50.15908158220148,50.751603942874496
453.1483958138623,298.5759809581182,49.65980093208991,50.85253179714258
452.1548172741984,295.4795091875796,49.57334961298006,51.042484615563495
450.9659049515664,294.5103112233182,49.19853448773629,50.62904338588314
448.4929083649863,293.4658586908681,48.96751044898251,50.39426375840046
446.6729370964833,291.088841783164,48.85517942641821,50.37209823298836
445.625239238235,290.39644013579897,48.558210640961676,50.390507484749676
444.51157123501264,288.1976892549675,48.77199684271883,50.02458151203768
442.20396558977063,286.187789410378,49.30987659023408,49.92676645512285
440.02488696014393,285.12937570437487,49.57350565124534,50.16967724115264
439.5176953207929,283.15303286264657,50.460279677017795,50.81451685527321
437.044798586286,280.7685578225855,51.3992677261097,51.70817701840326
435.63248893291666,278.5837855124762,52.10639435706706,52.24802498334843
432.7226526360544,276.5941156455022,51.84196050547905,52.10657614307758
431.7626538672289,275.12435882766437,51.30391971305195,51.7324453695736
430.47490282238965,272.7428657803986,50.94376811620705,51.909539740472425
429.37689319094034,271.418684806909,50.70619362910569,51.491281814404616
426.298078085538,270.01758479381897,50.39540953326972,51.191934599373766
425.1879228611556,268.6366199010102,50.03899879062828,50.853278447491306
423.59779766857184,266.7616048966037,49.86254446388173,50.88083531177297
422.5142696949888,265.2503262489138,50.212568550696254,51.07828884738734
420.0501063360106,263.32356427643583,50.51914539072296,50.8530926995698
420.03399771185286,261.63586923602173,50.784211760132166,50.72587352746826
416.1772853386937,259.1957062757227,50.446550080669226,51.07459849591787
415.9084872688238,256.48992191731975,50.56390391083863,51.51773764729414
414.64212702325597,256.03047918699355,50.11122706310719,51.1430745239621
411.54044615163014,253.64610165448164,50.356458923546334,50.853403685665626
411.1178245238812,252.7583703736243,50.02750784310671,50.51459317609123
410.32272957653,249.89629172482904,49.64021971046543,50.23385240239267
409.23689644347655,248.3621716914842,49.29705443360351,50.37890521322302
409.48670999190665,247.31669834507494,49.037463347485584,50.37352317068999
406.41901108486724,244.87134807212811,49.46341902289248,50.204271934357024
404.7516530220766,243.631009687077,49.48679481644252,50.35241391442021
403.95277228367974,241.80280779459358,49.70835084890028,50.186567333176136
402.45299605528163,239.86911800005475,49.425005356477755,49.90454811854286
401.74310559072296,237.20755982293076,49.282499908641995,49.88443327161896
402.07235930208606,235.52913805288642,48.94842485896271,50.151738237488864
399.05190656248726,232.93765509066594,49.04447560183206,50.197405577945474
398.0342105141159,232.09506197006436,49.169955589199816,50.33751735625802
398.7298987891027,230.05813543566015,49.42864922965589,50.642342715105485
398.9405708678913,229.02350107985598,49.520748065242714,50.78145090425292
396.36149065955647,225.79770805703535,49.4173575785922,50.37384505536289
396.6244560937721,223.4836260502468,49.77330842402803,50.218271886322775
395.58258942840325,221.4743030080864,49.63705579285167,50.428598878846756
397.51648755384053,219.80844872132243,49.91337880467239,50.50946821897623
396.08831280180743,218.88050801713516,49.42515433412929,50.43872914395233
394.77513398064605,216.21028120980637,49.49268934461615,50.44821962384429
393.84467067491477,214.63542603685454,49.39577599025836,50.81805326076359
392.81675485637544,213.24332196598178,49.75635616249324,51.115109302899704
392.27672153930723,212.4096676645717,50.13934027709838,50.86013091841517
389.74613699871105,211.59678592666702,49.14009981239238,50.50022239715423
387.08425945794687,209.21444892751103,49.42738638806132,50.503223421833425
388.0437655543334,207.6895092028964,49.51965044040553,50.71852340328923
386.8609941994968,205.83488750652668,49.62988309148491,51.016923900520865
386.45080498356486,205.2295662118359,49.581990649325306,51.00455928775395
385.4230215624747,204.0364460840631,49.95953319951356,51.05364134017459
384.21231577459287,203.55852606292396,49.51316218250377,50.814138364874744
383.5039198698751,203.8497071689876,49.199454724361075,50.69758120645835
382.13734430448494,200.62356054858623,49.05665981021957,50.805102108393925
381.89438878307027,199.31054239073768,49.17750432472859,50.94636669557544
381.0451275231907,199.53048531019624,49.1721389050347,50.729106589080146
379.0264211949492,197.7771891091902,49.27249406640043,50.56992750671724
377.3494649343852,196.9711387783494,48.9176358355753,50.11156308050822
376.43509425571295,195.20543817328632,49.627160273974525,49.55617229844689
374.3813996475909,195.2730832235012,49.42829033494509,49.1789540974312
373.9309476086578,196.03324461281392,49.82432685910045,49.36753939986045
371.2593784284397,193.89202728847965,50.237945566216396,49.69944304266959
370.2530402757172,193.82143116695485,50.02657707185669,50.21092031989889
369.6112094908007,191.88331174852385,49.81699828524425,50.211701393089
367.9956440762043,192.83888375875839,49.70086959295275,49.99985241656526
368.1564492851367,193.03549283176162,49.89576918485349,50.16011632622285
366.40616567069515,191.6511285986725,49.89821324479141,49.83157001212768
365.82529814081147,191.05756838495688,49.91109881725404,49.505537363387035
363.14943865520877,190.6691212321894,49.13101236853759,48.96024233786729
362.25553950885063,190.67656247585785,48.83456688683976,48.92361607611636
361.2899852083336,189.78218855961933,48.760365429280114,48.89174623281211
358.5439905495806,189.91053659939323,48.251790171590756,48.95304331732682
356.7715809065419,190.0254455164395,48.473809775051016,48.60199440413271
354.88229387528276,189.76998913238637,48.46667827116301,48.2702863226296
352.8950483139932,190.35729953028795,48.267692220890616,48.35469872995147
351.7237969359068,190.0769451822539,47.85731106593051,48.284654862543015
350.6177045381141,190.14393433436177,47.816764538273794,48.62096769602256
349.33349641189847,190.3319351104427,48.063647587580036,48.78379976202473
347.4220408493803,189.64864953688385,48.2805406462101,48.75289471285339
345.09200370416016,189.03883809886955,48.31987213879878,48.9682451279445
343.9338034707391,188.11781463642177,48.51961916325804,49.375508117293194
343.4001464232674,188.4796425582183,48.66601956191243,49.37130417799699
340.4951436524335,188.16434790157606,48.90034150983024,49.39227435065647
339.08865181361836,189.22311780301203,48.68524901558552,49.02128606145641
337.1461072975478,188.6520445445401,48.32796744225794,48.63517330105653
335.9724184376359,189.37595738822714,48.32016632907391,48.44013997208091
333.282385326118,189.37956137077958,48.57094483238311,48.45453845228852
330.698499194781,188.40532019199165,48.415673271815,48.30998797295028
330.38450401679773,190.00463644771227,48.62790740219553,48.45655504647
327.51814702228114,189.73101239823424,49.04667180626782,48.67227543546509
324.3719089881767,188.73419164562753,49.22270805514071,49.066978952397264
323.84644037426165,190.32014747780246,49.62523830054896,49.20160110152396
321.8211164961117,190.54140942175587,49.2794932345833,49.2323285563906
320.1270340253284,190.43680675106017,48.87107309314203,48.977437828446064
316.9843109414742,191.58670497871782,48.713678684678584,48.85026405379483
315.48189295039487,190.75160935585262,48.61560939339972,48.973977028040835
312.96234057168755,191.60976263761077,48.55081705608777,48.93250566960269
310.9674206877128,192.59157456515663,48.590888757631035,49.121484963925006
307.88063362703986,192.87324741161083,48.91090147760977,49.14564842629006
307.4458313025518,195.49345803824139,48.697818748656154,49.29278515642736
304.20845430962805,196.69204074074867,48.67182505383958,49.06393945356129
302.4496108233036,198.4743269147384,48.30235077160565,49.17597233019116
299.13598658633566,202.3685785381128,48.53213830804158,49.388750821723576
296.9929382785698,205.475432584079,47.94398260423736,49.07402954619752
295.5699288112444,209.25148062303822,47.552406934396025,48.930441769060295
293.96904416838925,213.38274525300974,47.563410839246906,49.177281405601605
291.0844593153414,218.66918762911916,47.25076291838946,48.43616850396873
290.28954652592563,222.97276723406702,46.56992809683039,48.63278126672927
286.66789386121997,227.19392264789212,46.677292874483896,48.97367356407906
284.0033714139962,231.7556375403973,47.179021484751715,49.4887630661781
282.64316297090636,236.77492344864086,47.3812346355799,49.580608119808126
279.78100857614817,240.93312125755813,47.2570784592759,49.455176247090776
277.8645464137049,246.12677814199756,47.53305698338123,49.8168553981338
275.2168973822364,250.74693827433552,47.592637272880694,50.078091529942256
272.639084496745,256.0515966163478,47.37520091007448,49.91181378634735
272.215184746889,261.846549742086,47.301262738888006,50.18656207588666
268.2009887030299,265.6917292914135,47.52043546625469,50.24052670770033
265.98711174067677,270.4208607497836,47.66565765267965,50.42386535346013
262.9726464261457,274.54418316053955,47.73633632861688,50.733372875698215
260.23516134585526,280.81417337867435,47.33728305169766,50.461245222631796
259.9539253458783,284.40087293954815,46.51135783485468,50.31111575420448
255.5623704454011,288.49501783898813,46.5840489346373,49.85720095532447
252.22503457355296,293.5440861066037,47.202003759388234,49.459671719898054
250.56557237161744,294.8335738621695,47.263527650563965,49.98169413357115
248.3675746518034,297.06248808935527,47.35398109800454,50.35495088427777
244.71985026529606,299.4637087858759,47.31555230754266,50.264576141627074
242.22335986044993,301.566654646255,47.06611673539897,50.17224032907201
238.42352596057057,303.40350070625715,47.033704457032684,49.917310416099
235.36246245153905,306.60438587271494,47.44106401904103,49.26851554705064
232.5742369974709,308.10295115341825,47.74564908245074,49.25644663115174
228.44318605923576,309.01784498521255,48.10160777044449,49.38344607693818
225.43529500108372,310.51635885070215,48.25478002346732,49.195515635998085
222.0466415049474,311.4957386226215,49.04141013585718,49.53569102868277
219.02086116823412,313.3754372205213,49.216185530963386,50.00978382311755
216.49815563378124,316.1059014053201,49.44853202467383,50.737957626371525
213.6942522122246,317.49635073257343,48.91794165099028,51.35253626678671
210.4573228836281,318.88941968642325,48.33270301814419,50.74024174287612
207.5416771928805,321.1932212245775,48.10013636741281,50.254052851137985
204.39073527750455,320.9901347651935,48.254101496992845,50.34154596033566
202.44215114107266,322.1190976742108,48.84665856380194,50.44307143624637
198.6564442104502,324.49790384011123,50.10799857250782,50.67737194624232
195.9078303539331,326.9421389398174,50.14369369276857,50.54465431030651
191.9479148650001,329.91096688099987,50.237078137431446,50.63629530294167
187.42726683189295,332.45728818854604,50.63662005325509,49.71268955308372
186.39791490282786,334.19915878557487,51.196804013924336,50.119436029924515
183.97383155529914,335.5831878926738,51.36448975195052,50.15740808916415
181.7425153089863,337.1238249480863,50.24028447602153,49.400108587714215
179.031602401629,337.01634376812467,49.48079010030648,48.91679824255928
175.52998813001545,337.39139455280565,50.35347970310386,49.22355092124415
175.98040860346325,336.88886264760885,50.79834188120825,49.006507798044
172.98888980021778,337.1805524072331,51.52823617715235,48.80629173094388
172.0528594705237,336.54704505664137,50.81280294005607,48.55516373193207
173.10621825822128,336.50570838510384,51.04777542813751,48.70988907696034
171.58964156400043,336.54358339905684,50.293010725758876,48.5468587756168
171.1243677909877,334.6617197714125,49.58954032744846,49.28109079164763
171.64609520150412,332.83795602598434,49.98135772321248,49.953566402621185
171.4669930390348,331.02034684892715,50.44608365459639,50.936761441305855
171.87115425125938,329.1171082651066,50.832387084639414,51.518446128478274
173.30976425195348,325.65630425130007,50.93473556469657,50.83859846761469
176.16709940392104,323.76872462381743,51.191989088886416,49.634189241134635
178.59361627795704,321.17010938424255,51.632793841791,50.18397404157351
178.25380104777742,317.81787088430315,50.291535019923685,49.81725353168662
182.47917839800493,313.37847213280196,50.65534025599211,50.78163758254063
184.38259099089206,310.29401977375807,50.54512456728817,51.119533389495544
186.35221539430745,306.42355695202997,49.905222684285505,50.98008793920174
187.20526855633048,304.0414785253531,48.10026992469257,50.46833536872733
190.76995564590607,300.5461232711688,47.054330804135155,50.34840439760379
193.83395154311182,296.91942310727353,45.982308248004855,50.51312064336311
195.7742487400843,294.22948871249173,45.434538561091195,50.581542289372024
200.50928737074034,290.00666991940204,44.885069820286915,50.81305328863737
203.7823007974522,287.0411909116784,44.522926633855405,50.93177070349859
205.80743434527062,282.6724189300152,44.29716820521069,51.983676239090684
208.2511853797409,278.19152726989586,43.717771605020154,52.303201868899684
211.15018424469818,275.45255054638585,43.630924998152466,52.02334281591974
215.82543359155028,273.87438824240235,43.29690579663579,51.29954047076177
219.77876667484736,270.6651241785451,43.029842291174404,51.209966181484006
223.15992326720067,267.0084269330223,42.78863201174124,51.79797309928739
224.6315566364498,263.67374826220816,42.11659024882891,52.390716061032904
228.10521769742064,260.5001372501214,40.97194146673097,52.478798070558
232.89533969172277,255.81235787558765,40.64941842539237,52.957948738570785
236.25036248712553,253.63113757478123,39.53277188243837,52.90667779233205
239.5824346773832,251.11092143276926,38.15088458200121,52.43655099432476
243.94120976517,247.10324496964856,37.591934259943216,51.76740990201147
248.79792688402352,243.5313982892622,36.578176535908035,51.75779820907327
252.67392604108977,240.2668441401634,35.40637841708805,52.031382825630175
258.40433717397565,237.52441056170636,34.29222058002718,51.44508299035682
263.4713374568298,233.41832121067932,33.503221235022046,51.91136630666867
267.6833277896358,230.64094501936967,33.35635543757402,52.092827673663024
272.4586296642629,225.91572366023385,32.16408909066363,52.6115992493565
277.79320479008624,222.73018074669895,31.759327877102955,52.686725603770086
281.61703775232996,220.2682829840393,31.338346522927917,52.361024669128426
286.2857327783379,216.94634132836742,31.035929615443393,53.03849257519876
291.47006106959253,214.52467526392445,30.423300254613746,54.147114010725346
296.0402110586678,209.07387896227706,29.3533890704085,54.63722284937166
302.5476516882098,207.00384669442417,29.10767285038707,53.55417337140555
306.5246148249695,203.71682287933442,28.70492455538323,53.02308794494446
311.78430449957443,199.7982588344796,28.71412491808742,53.53869809031811
317.02716216775656,197.42197802026558,28.526734166684122,53.863311720699315
322.27944789806685,194.91534646158814,28.723319322274556,54.28964551676513
327.29385953870275,190.29587086647945,27.66590107029959,53.82464773237315
333.7817576302666,189.5812266677773,26.7865404340469,53.51255734559777
339.0562086133308,186.03614080891347,27.404813760887226,53.988776426606655
344.8989501228267,182.92713381382868,26.518189384473516,53.5796236687294
351.0045731635802,179.2374216964328,26.05801141820101,53.774279226763305
355.6215159218391,175.57754442247278,26.209578172190923,54.227212485620825
362.1810271547215,174.47130393527794,24.909800091191716,53.12813950493238
368.75612805348715,171.16197707435506,24.026520290730804,52.460187391817215
375.110127579647,170.33668490771635,23.41106579407517,52.583946773922754
382.48329930006867,167.56138515010693,22.45265570284113,52.78428078621194
388.44707436011424,164.3892127526359,22.316166984117206,52.29392404306805
394.1925733432775,160.32477873681958,22.351795604704765,51.43753206493506
400.5389901952785,158.43511333525447,23.085567125312167,50.937260817284056
407.01490200782257,157.49601123313806,24.115768646708425,51.232396173860586
414.0698678128713,154.10842406407278,22.958916260243715,51.16613984792863
421.6143648497353,151.9483145563367,22.629077459953216,51.30711386828362
429.1293396655834,149.41399205202356,21.518881856577316,51.44625448237866
433.9734335726564,145.98151589567323,23.50382026313442,52.257801033360565
440.8510512711023,145.06560508628326,24.31587612600832,52.96814743241396
447.4549015057063,142.16121336081756,24.410452268128452,53.871077611860954
454.33739241309485,140.84508784094024,24.925225092023233,54.02813944263125
460.92250329775584,138.79507839784287,24.22334133539652,52.97563147335721
466.9881771053637,137.79914856197792,24.034254462368253,52.66695403571215
473.1405076197387,137.2278300777268,23.854242481469903,52.1997277229644
477.8318833215032,134.01212043698158,23.25060484747211,52.47045669683762
482.3182511391767,133.63468575617048,24.085211741421936,52.018630501819175
484.9876081464038,133.33039119611053,24.528373337319373,52.01685280065004
487.4736668511233,133.597904499154,24.16842328627874,51.690505393781834
490.4535834179791,134.11189313005355,23.19073736936411,51.77695379116241
490.165452227019,133.17499054440202,23.253312617495276,51.76542876227016
493.29249045743194,133.4939551359932,22.229460766044358,51.79195880760344
494.18423585912666,134.45205361434836,21.55720653492048,53.100005014955656
495.1978662449477,133.40038871888964,21.373146446872184,53.07206344356838
495.9474613470564,133.80472328219474,21.071923771951624,52.753643950747204
497.9522673704126,134.70529899720393,20.960856036762692,52.57318954221324
497.7004540840149,134.5832941030108,21.12157184295649,52.07682762649797
496.8470411440692,135.43542902528077,21.19875905097296,52.026686810278306
497.8903532955647,134.83339119326928,21.08332615423197,51.41980361199663
499.92559508021475,134.82935161909603,20.827402521455326,51.19721564608528
500.0573830963377,135.27442624880666,20.576842236279724,51.51431125971091
500.9749145959256,134.379248213612,20.50427618534607,51.03977475197522
502.0061545723444,135.7720384168067,20.1897820723522,50.581358041874836
503.05888852587,134.63534798810554,19.84522419948076,51.1895319900975
504.4586505211286,134.11003244542385,19.70047010642442,52.17265819264839
504.9295844393343,132.04552799011643,19.498165258294264,54.10823143431791
504.8899776101743,132.49458225386928,19.57875220762987,55.17196067536692
505.8573653027209,133.57343832663508,19.639338150661686,55.26348559038215
506.50180033655204,134.82006693874456,19.720905705069768,55.36388681342882
507.0194506325635,135.8525775007099,19.603482310312376,55.09444369242784
508.381770918804,138.17063474686697,19.537975648964238,54.173844336832474
509.3576049336952,139.8250852398324,19.538242433635034,52.76302989875319
509.8768561130898,141.61058784307247,19.57311959144738,51.25075577137461
510.93680954929016,143.4728221561057,19.41825483330445,50.37061697929251
511.2206916665749,143.16936895847334,19.568065671977187,50.17132525444006
512.6006230077109,145.09976428866912,20.018789537556735,49.81755363701725
512.2168102669084,145.78307521273848,20.48612205041162,49.71381020684725
513.0872923568629,146.82965329414998,20.815439852924595,49.34544652449303
514.0078199847321,147.9949327225309,21.811374953631557,49.576304293707736
513.0458998158417,148.88708099733958,22.2884074300842,50.04846221186378
513.3947286678871,149.89336769517868,22.93825338810289,50.54708876735748
512.9600708102068,151.81423171279843,23.206586437447633,51.988350234071106
515.0698523821676,152.2719155638,23.05477231696362,52.57679722933355
515.2242469484285,151.22407963237558,23.013027251824784,52.56643576698711
515.6421792872726,152.74322020560112,23.123833106363023,52.466646441825084
516.8978092203073,154.2501100409308,23.166177366270087,52.07672236198607
518.8146247042752,155.13297225287153,22.633083507709387,51.87516114611245
518.0673842865248,157.4282158716667,22.63609400629616,52.6156370432877
520.1921798232147,158.75932307010507,21.82522363604127,52.23285685051254
520.4551694070198,161.87455949526696,21.39029366276705,52.187335782415275
521.3955081813621,164.36610347982153,21.189776636543527,52.06089149006398
522.7146520012318,168.5660619154392,20.817464948952388,52.015924570000465
523.1516575190501,170.8024223646945,21.19009697972204,51.90936883262271
524.4121074722382,176.5731263581778,20.635810842877163,51.81182376069519
525.0930162063183,181.35427212974116,20.429449917685577,51.40024327713879
526.6832092951219,186.128076912139,20.69370485335987,51.16728520160091
526.9958108800744,191.95545696929062,21.31412241099376,50.611569887102334
527.8252320174715,197.9518987254139,21.88902952584806,50.71974533481671
532.2685876717214,204.0859785506964,25.32348520953574,51.08787718815795
531.9540239864659,208.34969884124405,27.793707550749772,51.1244472271799
531.5106575271141,214.3775965067597,29.202947183320774,51.84671280923456
530.7880805681548,219.76524694346097,30.233062038739305,52.109223215128864
529.865175818441,226.29666808423144,30.29771309090124,52.484491285150405
530.8189590682127,231.50917806212954,30.138941147021754,52.29569264283077
532.6503803316523,237.2525535918532,30.400872790064625,52.01867363904749
531.0432243504039,244.18353646956152,28.352169005491128,52.03910839632619
533.4624022305212,250.4098824823031,27.477298963029764,51.77718175170243
533.9425701797384,257.4233403185963,26.27143388979089,51.87758541505349
534.9861453724006,263.01487984592194,25.638171443919486,52.3635890020038
535.9018314820498,269.52981651380543,25.175207427745995,53.85724471897119
535.7786700376383,275.1723079262322,24.166235516764285,55.23073967732074
535.5118969638553,278.6334427115189,23.579008348900658,56.71365199151291
536.7795710923303,282.8694055302969,22.660801815583522,55.98310513813669
537.8255227974824,284.6692111240044,21.9097187177793,53.96503691947167
538.5055557445669,288.124093068341,21.359406241579038,52.595006917517296
539.1652475934214,292.2682065158381,20.93615596672155,51.485994500062084
539.6701031671007,295.316613258853,20.664161494167786,50.70348155114162
540.9684002064706,298.4045253536139,20.15400845546699,50.530159803026045
542.2997019943268,299.52311146095326,19.855388034051344,50.237109902800526
543.0566548762538,301.89869032923946,19.679311860041203,50.019872454314054
544.3341517577201,303.67379584917103,19.77699754046807,49.67185562831813
544.874085803701,304.9648591078555,20.11807366237349,49.82369212364452
543.9953284968348,306.58991803277917,20.98847279759021,50.437938897820544
546.5930522282036,308.50950446435104,20.979197820203954,50.5945851264737
545.8627541003068,310.1439668654496,22.114858162911858,50.56793937701094
546.4738003205223,311.2321981913427,22.484715185371535,51.50301847327161
548.4225063987652,312.74404720802005,22.35225664216691,52.55018225632313
546.9108710264622,313.313461609286,22.6710901309135,52.92862640301007
548.0886286363369,315.6799522463912,22.75708797268752,52.64140013368241
547.7595056368456,319.98411183345536,22.796223864248308,51.24801626228855
547.8366213647926,326.1003143432771,22.544626075346603,48.73297269284033
549.2482197875318,331.46895972784785,22.444115997446204,45.635467690300416
549.525035296973,336.5226153066947,22.380383660204384,42.30832315858327
549.957392537563,341.37621892257476,21.84585411554778,38.753871664127786
550.9401342397321,345.2383253444273,21.551185225369927,36.089946296008634
551.5593482880922,349.6057076511887,21.065068835192438,33.52038096227099
551.4941463844735,355.531471836436,21.136848374851787,31.044813895487348
552.2850902294861,359.8387874848467,21.182890372326746,28.240798138216736
552.3430262749308,363.40507093951453,20.789705049015204,26.45967165856861
551.299167560023,366.2929950945685,20.608837273752822,25.83744120734743
552.2858462369414,363.71373953387956,21.02481555224019,28.599727353139283
550.320585284161,363.6851454866785,22.194122247840085,31.140855572053162
550.9600708560469,367.28183246319173,22.97725437555279,33.91514824500327
550.0589968946271,371.3855597970921,24.004217667044763,35.661139011772825
554.6218002252166,378.8033046845423,24.685495771490714,37.070980047419354
565.3036588310173,390.94644687345397,23.573609614576746,38.71310143131476
566.6485725583989,396.3795695491319,22.500839960106468,40.129250489138634
565.3959786058095,401.52226869221175,21.737145113820347,41.10300747641635
567.2397209635478,407.30196550761326,21.01117773232815,41.66620295694143
567.8677213810884,408.5632599321147,20.679775591094767,41.91837149319246
567.1495271136523,414.86309796538904,20.400099672841762,42.525284171761015
568.9055151203005,418.54486419189,20.148835329467413,42.5209893896575
568.125244641946,424.13798542254983,19.766016911176315,42.06260642540815
568.3718775511938,428.93097639714136,19.749748468168843,42.37168978384223
569.5465369805447,433.74003831018365,19.686692121674277,42.350123574945144
569.9234780110286,438.931320954842,19.613504640784548,42.13235320750344
569.4322435823007,441.7955731678272,19.7854800290023,41.406519069619044
570.0237812323367,446.7154789348793,19.92463220695761,41.35959999156956
571.1025159965786,452.1327687827806,19.92152821802447,41.56391494908721
569.7284249086337,453.98511657361917,19.665544744500178,41.12296753635543
570.8222101634857,460.03067185853274,19.599136649346914,40.96468777707513
568.981061888231,461.6532250748714,19.76846322915328,40.36376164224939
570.6518266454548,466.89164438897046,19.290687987166542,40.50116556776221
570.1839672185558,469.94044226771103,19.49329832045672,40.267636887917746
571.9220450677166,474.76045928459126,19.149573652408552,40.018197336579235
570.5643681800603,477.6839559119915,19.245771543932157,39.38215684056777
571.582716648196,483.0147567157204,19.21917592602022,39.22584240352006
569.9080851644611,484.6735928267895,19.444178944759514,38.91885896312017
570.9453051474906,490.3162175614021,19.46474782879811,38.79248400561382
571.1913526940629,494.60692693455337,19.619343104305926,38.352140393588584
572.0726223886321,500.0815205381732,19.724159061847203,38.135092773751246
572.9977636651281,502.6107947879952,20.00826829352316,37.57069252850183
573.933445873316,508.7914762765049,20.388345832713576,36.97164339425585
573.1616367000922,513.1691483754988,20.18312384713003,36.52812018015473
573.2742750503162,518.815742832636,20.170844583205618,36.314742362071755
574.0553155394742,524.0054456902659,20.03705492569013,36.51251560189
573.9924884915027,529.6071414624687,19.99488523012933,35.8879051854141
