583.0,388.0,22.0,53.0
582.9001913880206,390.1915890075876,22.140809850911907,53.07586739498101
584.0785276677839,393.0989890201656,22.378924889041656,52.974308946973494
583.8790448047836,394.80360276329355,22.47890990215152,52.8633602693113
584.808091768567,396.9444997005393,22.666714412084765,52.735909046186926
586.2339989407914,399.22762942685586,22.5496107609953,52.40324639531174
586.5517692764403,401.4899099270696,22.582267721533448,52.370186249376346
588.3744014358997,403.80765533487187,22.339972762966323,52.26867675701408
588.2770416784047,406.4056221325874,22.22181080822967,51.98311303462992
589.9349046672985,408.6861673693009,22.05617027966079,51.98420212663254
591.2476519348188,411.2413731325648,21.87621712645609,51.70901093701891
591.3917706088544,413.86985022261126,22.032117351627246,51.694305292082205
592.5295639775912,416.3480811310919,22.017471165911367,51.565373382347474
592.1778251774521,419.41452378473247,21.990220616775616,51.89139615612096
592.6188854121508,421.5423589570692,22.168189258706185,51.86411936613504
594.1034093641784,423.9106193491302,22.111708493322748,51.87657624314589
594.4511163146992,426.3112464665603,22.05089237060156,51.9103439809419
595.4860100447023,428.6304521893845,22.177943289501663,51.594915323379354
595.698683832953,430.59318146658853,22.577546884875424,51.29138975236978
597.6986720366104,431.88149580117687,22.550821820333688,51.01398593670876
598.0673387856783,433.88028083634623,22.393688517510554,51.26995590543254
599.0313539843954,434.0278681457081,22.09815018550602,51.669864904872874
599.9336253438477,434.84816925688983,21.716871016406195,52.05178465516565
600.2904055477934,436.00739472902376,21.753386902459994,51.734035615194706
601.0115701649449,434.86299579485006,21.65125237030551,52.44943870815143
602.0769664938916,433.909298983311,21.417966426279193,53.233938044120215
602.1996185692038,433.793678943174,21.58461906276425,53.35569631287078
603.1088251883302,434.4457787506332,21.603364027636314,54.068113519241415
603.0210809337109,435.1016767453689,21.976514890390728,53.880188379379376
603.5991553899436,434.2724154927629,22.15312964980029,52.57412653400553
603.7880486545758,434.3978095563042,22.169904888114,51.87007607782124
606.1344311020573,435.08099196316385,22.2972541288932,51.334292929141064
606.6790690857625,436.19712689326013,22.49757471909983,51.746416989846864
606.5278629239905,435.01161324757925,22.562316144206637,51.73103070698997
607.1962933797074,436.1468047798676,22.96521658531173,52.16647344807731
607.2984758257894,434.3245241492445,23.181277108186798,51.9959559739719
608.7360363218152,432.6788692454853,23.012027698166527,50.49507522973249
608.2605089697724,430.9665329835273,23.098794072173874,48.62384931614847
608.9219166204546,430.5006245713103,23.168877330379892,46.96708887007466
610.1411746318233,431.56816137334994,22.981719339868874,46.49923633533139
610.7112413370294,431.2717999882297,22.631884391370942,46.78081713779837
611.7192972914156,430.6576473284606,22.535755392754595,46.741025533508534
612.4927902490069,430.55522622434773,22.33172602054079,47.26907941165612
613.1542233664733,429.96540449050775,22.24244132857685,47.91910556976574
613.8316817434268,428.83448107761933,22.281048744591825,48.77357324515197
615.2125509661762,426.8975607390274,22.135704342061697,49.34066648581232
615.7956977683298,425.84827024288995,22.064595063926483,49.66881595953257
615.8040337589425,425.7882935881671,21.86738109051329,50.005749249447014
617.1816712340029,425.23593669379466,21.741821106212832,50.36047829698097
617.0163657253212,422.86174404756696,21.628035150920095,50.82141852107701
618.0215752361831,422.6052685193091,21.715074014938367,50.72204963130368
618.1651184423558,421.57431209882054,21.702264335991558,50.98708747228079
619.0368188868631,420.90463768792364,21.78094596650809,50.8745777735668
619.7524529560399,420.4094476058846,21.77713754495153,50.67716802065263
620.8828411324603,419.42835197260143,21.36038585031382,50.459748081164285
621.8668325754062,418.6301919953267,21.110985117742267,50.41373405133879
623.1431664349747,418.5321413366635,21.40847609001169,50.289263469251075
622.897835128595,417.175117303079,21.599334015270912,49.98495521317801
623.2520306795157,416.8662142198697,21.46638236655452,49.795769802448135
624.8315588269877,416.13869450104494,21.465971701493334,49.65858511900388
624.6130132457267,416.9245998301373,21.512300534913628,49.70319902136603
625.0670812234201,415.5751042271787,21.65331313909734,49.711058635486296
625.5651128166737,414.8689781443446,22.16330769184777,49.76868128455297
626.7673027483296,414.0226960131379,22.154435641036166,49.99115277352898
627.6411822130178,412.5253187048656,21.86477607689393,50.105749919370396
627.9867677135964,412.7590700539952,21.934957614799448,50.47973892032998
628.4974243026527,412.58356115857094,21.95290530094462,50.39798693578776
629.4146248127454,411.22081588506666,22.146061653806136,50.35602142810886
630.5880477396673,411.7443390962187,21.970785624180927,50.522567535101615
629.8435744396887,410.2540405193105,21.82492082277105,50.66290895161337
631.2630786481733,409.33341507065865,21.634960257364426,50.584634702432744
631.5418497284389,409.31190233901657,21.85857654409865,50.422643075873054
632.1018086207432,408.89943679436317,21.702800605193374,50.091110542133
633.3830793903579,407.98512151874013,21.472198763229535,49.91853564904315
633.9547500267053,407.96683789058284,21.403076240534748,49.957834228599935
634.1406713426244,407.2838768707571,21.34182626006367,49.80152421258732
635.5597769545493,406.3965852991095,21.146223678792126,49.64036211662469
635.642546668241,406.9194790455754,21.078371018986754,49.461899452794526
636.1131943112994,405.52634290220396,21.281408618612247,49.873629503209315
637.14350767875,405.77844011787795,21.262880882734365,49.81912684432221
637.7479394854965,405.17307765533826,21.378983699905447,49.705175255729735
637.406411920928,404.3180807949254,21.682110240175227,49.55655691600862
637.6608738302522,403.8086712327999,22.208251118792557,49.5684180324471
638.1366474909199,402.8713045834937,22.344899598238335,49.40642342578601
639.3480230965953,402.3218168308746,22.247847239426708,49.2064029593446
640.3470081016686,402.5819865553622,21.961455598420653,49.03730557579902
640.4502222100066,401.91934478904153,21.886451331939966,48.9899084443779
640.7269952602451,401.4670895707837,21.783237873064625,49.12473504300293
641.4324289396445,400.4569730411517,21.90931204258598,48.61670882492317
642.3197793876747,400.1290614239346,21.923505799845913,48.30800874392769
642.3364251322871,400.04319967939523,22.011109696363306,48.27338762851426
642.781582808195,399.69099663315404,22.203496981266113,48.49477675322313
643.2457427520088,399.3347891906639,22.25811776746677,48.920890979023774
643.2772909801585,399.5204308438024,22.59051386487834,48.876298346574906
644.9841030584096,398.93398035815034,22.248819640016727,48.84251902002744
645.6072545664589,398.02911186227846,21.919630881730754,48.74504470806025
645.8715777620642,399.0153057546362,21.745720818644976,48.88360357861824
646.8549751895114,398.53332267630066,21.661707946172513,48.724507601500264
647.3877738359786,397.5434594520381,21.531611751871022,48.89049808811126
648.1888206911598,397.73012240066447,21.414259252446143,48.96481928558517
648.6766205893748,396.4179316872809,21.177703645469066,49.22184536567263
649.2765730814925,395.7979246921461,21.129471024514856,49.1926790580906
649.8321883437117,395.56457461481943,20.78351454792818,49.33233758676732
650.1161947589171,394.80479114799135,20.59684937376726,49.45737327042352
650.8745709477896,394.8701540841146,20.571124828053655,49.45390569895831
651.1011627108041,394.4776084277409,20.625708025657374,49.63558819822913
651.3474613788648,394.38535830026484,20.653603243247147,49.62500483501724
652.2587045315263,393.99772401701154,20.48925902776776,49.63704403140659
652.7484512395398,394.44300250985134,20.46708677873298,49.733547592601965
654.2961924759115,393.07216256416257,20.275443417317497,49.34981549667487
654.4765382340637,393.16500599716977,20.297427071911606,49.187215178512034
654.2122241279662,393.149225688834,20.495809312427006,49.28107743092571
655.7022838968785,392.7031479865924,20.68678657636026,48.95594767915895
655.6360326828822,393.1835307673714,20.905974185016866,48.797412952561956
655.969476763706,392.4699766194969,20.85802828411142,48.549060432881234
656.92406472307,392.4994017347238,21.003478830227117,48.42708459207587
657.2459433879319,393.13651591119134,20.905757267104875,48.67609537488296
656.8828912786585,392.7189556815432,20.82308463018296,48.93663087324172
658.8838437226161,391.75076784432963,20.440289849689613,48.98482295391886
658.73593818646,391.8678209229172,20.323304901494108,49.186462036001544
659.5935587712037,391.6708140645691,20.32748511872537,49.3828591755494
659.8119732966413,390.81937404214375,20.24754388523295,49.47741707684534
660.6424589561618,389.98829330117127,20.380990901152998,49.09104035078247
660.8102278532832,389.8635457160856,20.499127423316395,48.565984129352245
661.3851270525488,391.4800804652051,20.5692844691212,48.26986531470694
661.6058356811844,390.720453420591,20.685133447201558,48.149257343388285
662.7957160298754,391.01336505283444,20.914427315249178,48.05710168144044
663.22018423156,390.50278490331505,21.030777166762924,48.13014186329182
664.0274223271932,391.66805016092775,20.942546092683905,48.232976216230476
664.3095015761954,391.48965447940424,20.789764547804545,48.418396119316576
665.4649017640571,391.4834646641768,20.644979797081028,48.31131469020116
665.9825575789306,391.2157436810771,20.45735493491234,48.28328009390058
666.809051803611,390.85020805720916,20.565047637895173,48.1333698963239
667.3375665608493,390.85945759823653,20.595161067754518,48.128954676573855
667.8371190988427,390.3193510457302,20.330293662666232,48.00004607748491
668.0616828343973,390.82019111375104,20.16809246108813,47.864409032263524
669.082698609396,391.6323982899303,19.92514843550504,47.626911794162844
670.5238138705824,391.76373497921196,19.935435002975627,47.73479810798228
671.359490467222,391.1483570561476,19.879758689579354,47.83106298731417
672.1817618544112,392.55443692184747,19.97702194547449,47.84072637603161
671.993528064635,392.48419199852736,20.39275038928471,48.074386388687465
673.3882105345755,391.88870142254274,20.627189160341146,48.067934068976975
673.4388922760304,392.0913276580042,20.631981072939304,48.073936480866564
673.9598285683467,393.2952109808924,20.701848600611285,47.8234879503245
675.2236672461853,393.45904030762676,20.72310618145746,47.46227521970744
675.2682796322018,393.89258512173325,20.799698670166574,47.441300703799136
676.253025295759,395.3264458472873,20.989921088169538,47.442414701909776
676.4147984693245,394.8055315011446,20.780800400218205,47.97395897036703
677.5788084539298,395.03028375478357,20.786657994484138,48.2547248488313
678.5874738303305,395.295099363315,20.85476120164366,48.52485254290128
678.7419067230683,395.5174332053814,20.820141631988413,48.70529167029194
680.15501350833,395.70248546793596,20.91142378900426,48.60320777506553
680.2186451853324,396.39339947461247,20.9231527445694,48.53392553807975
681.031592416491,396.1903074375424,20.897767925807052,48.73368871378234
682.1922933695677,396.37222356228307,21.116694999145825,48.890654193793246
682.3312142436914,396.89151172438125,21.326051126874873,48.41332664889379
682.96362506364,397.02992855835447,21.159282465493288,48.17407537840826
683.3944491277961,398.00724877282533,20.668667052025114,48.13293287427124
684.6006240094432,397.5595160711689,20.584304959629133,48.30142379027943
686.5917715757298,397.5018800571532,20.409092956938714,48.724389299756105
687.0749099166321,397.55662233481246,20.390554922595147,48.822729451468824
687.0290437982287,397.61343597328755,20.537737598854974,48.84470703291704
688.6420456956126,397.40048708259843,20.747189126352747,49.12911006331872
687.9887595105489,396.6436273518634,20.741688742573984,49.10822259119505
689.8637118499129,396.15663062714543,20.98661133435402,48.884019629498255
689.6941935117767,395.783998697907,20.946726501837254,48.74065738934218
690.8629895490561,395.62067315171663,21.027698270051815,48.815797861605844
691.6038623335603,395.1495518409478,20.877526187371622,48.79315095677628
692.3956636308542,394.50552745181295,20.93465540430732,48.50516518914748
692.5255534591078,394.2728348714344,20.784540664792292,48.50785808916244
694.4917558367072,394.6468968690871,21.088525069749785,48.570387780380564
694.3980027976309,393.86696772572213,21.110412251417998,48.66965951925888
695.3560560007336,393.40012655251377,21.29257244677502,48.29679279340999
695.6242464694084,392.6201917115363,21.455272930323943,47.98042651345091
697.0365128223807,391.1680199561463,21.174288808363528,48.14319287579334
696.9136198903315,390.7182635832363,20.988632411719824,48.496883478058635
698.414524162879,390.5370626466846,20.916892836351337,48.45508002889639
698.0479718905472,389.59023329791677,20.900973943515147,48.26251130943993
699.6919359232544,388.8014314907384,20.70589560954592,47.885952326140284
700.4501679812504,387.8963268281633,20.534341161522637,47.74453201261877
701.1262947256791,387.4553287131404,20.525059474422996,47.61380241258641
701.5817596034436,386.36658454425526,20.369012531393956,47.43917893395041
702.2709513424102,385.60077141417196,20.126661157953087,47.43747999880452
703.8891577172258,385.37471001762583,20.415669550900034,47.667755257717076
703.0143658505594,383.4472148793143,20.57774412895934,47.655268117347966
704.7081628668406,383.0309615922131,20.765543773154874,47.55737002846443
704.3756147583241,382.41463822125144,20.648352392531393,47.502205491090834
705.8583658393975,380.3871518186772,20.665195811439485,47.48483637729404
705.2323289887026,379.8813603284069,20.592135235485387,47.865865158615854
705.7028686459465,378.4825871627251,20.71488343564608,48.078572622791995
707.1862773153458,376.5335845462341,20.789310603683255,48.21444711846923
707.590826303541,376.22068506656836,20.689837871433582,48.701131697917916
708.2362204598812,374.542691217753,20.51764086734684,48.532659556681566
708.4560962657763,374.2353117547806,20.5990379371975,48.40488003047789
710.1469542835122,372.56174966748074,20.508291750358364,48.28043132910101
710.039037797436,371.050565364665,20.59105282309672,48.51179956852156
710.2685274843071,369.8169138097176,20.5166407100967,48.09603077900225
710.5707860834602,369.42563296446144,20.60963327741557,47.91167352420213
711.6672439822185,369.1908872880937,20.79583735294592,47.6427920742033
712.5229707665167,367.67490106917967,20.794268427904257,47.6661127786329
712.8313902007208,365.7116933150082,20.675155999925718,47.932219449085196
713.3306137086181,365.5028639970051,20.710873412842016,47.835290682747655
713.8449469234395,364.7734431556429,20.490983838667844,47.80627836156579
714.2247545933592,363.18406923802627,20.389800505664507,48.011240796408345
716.0932231408963,361.7805435539762,20.197770026801273,47.63288261861011
715.7367790119073,359.9222678257156,20.203108235951,47.69031542278757
716.6751163281772,359.06607796702565,19.93287891591126,47.99040265969866
717.3204582548693,357.2962595703784,19.605955438503596,47.914454125844706
717.5950107768803,357.73404981243795,19.456310233348873,47.857126205202235
717.4651022052711,356.2651362047117,19.48750494004372,47.84066875268589
717.5960050206284,354.5485220258376,19.617392424563697,47.818864761801386
718.9412151884457,354.0730438049889,19.458710370179087,47.51658634021744
718.8043899455972,353.4739814208782,19.43345643693045,47.147358813516995
718.3451877428657,352.5772383913219,19.455330691026248,46.86813674274682
718.8296708054363,350.63817270581814,19.38155194381486,46.66538127293401
719.4530162283777,351.16130114851455,19.512149916291385,46.438368772306866
719.3857313478794,350.08039327004917,19.645804149944297,46.742854206971934
719.5801521742085,350.293239338473,19.849858005098742,47.15670064434308
719.0713086214264,349.7992956726167,20.14105890460822,47.20252559812598
719.1969730211559,348.95547575196707,20.19020617936778,47.1687756689174
719.2363496792564,347.5805673658209,20.29281882996373,47.15543936503784
719.5275036792887,347.4778996524424,20.229538539860293,47.096095836716785
719.0725685587248,346.9405715841451,20.153370572979956,46.78795473210042
718.5153427800278,347.29772296097536,20.080261095217907,46.97605676359619
718.8700845902987,346.9989007339069,19.695072518621267,46.882981613240815
718.5088162132799,346.644439316452,19.499548969924426,47.06568984854129
718.7694316130641,346.4774241948067,19.515305475043824,47.21182336331628
717.8109483848903,346.134830410718,19.565526936274242,47.33893598032181
718.0184035771373,345.9497836673645,19.485974217795654,47.396834642810035
717.471921331213,345.90869632901325,19.605656849292693,47.197057415215724
717.2259597549815,344.8451580451151,19.6733398894509,47.14565192734785
717.0305126208818,346.07013844438137,19.76764907464256,46.85638143643257
716.4944609150444,346.06336685517664,19.74475126561427,46.576696465428014
715.7762397342377,345.8911726605284,20.071772850860558,46.65327784788844
715.4223664143051,346.3799997864877,20.259194783694497,46.59491986061837
714.9591932769655,346.6317162076043,20.428735638451755,46.57668599299447
713.8023162937808,347.2456453251537,20.732174663414945,46.39072839266134
713.7212237492939,347.1995264218643,20.82694642231057,46.45167042287303
713.3167148329352,347.25277030230825,20.946602682762478,46.78874040124291
712.9651277488748,347.0111254018729,20.97936669463325,46.906475392543264
711.9963160671659,347.7880342826614,21.21685578070721,46.74833329014598
711.7433253262273,348.14870508634465,21.326429181529832,46.74148448063107
710.6107503268299,348.7541195126273,21.580013018215183,47.05798411927657
710.5734312699445,349.6137283627415,21.662066903470272,47.18582757627485
710.1042148550296,349.0693400859497,21.644170387597104,47.502036380834966
709.8039756629566,350.38012516069995,21.607868986586606,47.364566573131384
708.9742920858904,349.8735318610712,21.6875547442348,47.1650303940685
708.9734752552139,350.62856724256085,21.51240007550978,46.656073522690775
708.2563181637953,351.98299004016167,21.570432520065626,46.48139235620015
706.6533066866501,351.4504036393588,21.542690825918548,46.61306296054022
706.0736777989096,353.27238309880363,22.023329216634025,46.757937659814665
705.0850953974407,353.21838411592717,22.13474084574375,46.85241633845817
704.8360585043122,354.4668929997804,21.933565364422563,46.758047496533024
704.8434674837792,354.7032959567259,21.729385833222672,46.57676074768095
704.4543071535504,355.5596373297048,21.652787060086773,46.65950341676225
704.1673541271839,356.46200584014076,21.70707031008534,46.8078913958904
703.5535769029844,357.22863004070587,21.83565625262476,46.96101384436955
703.2567368893788,358.1303335843953,21.855666846242535,47.43746820718591
701.8813778429969,358.20808728024093,21.65750188236562,47.59737524420562
702.5786271230776,358.066476116218,21.38542458685276,47.65562198631404
701.4550088703197,360.2843157906574,21.29159663924348,47.858614512435224
700.799775534461,359.1667722913977,21.201932085374935,47.48069491915768
700.5900387819265,361.0485034939802,21.28192805138123,47.62853317317245
699.2560236331165,362.5634823886475,21.465873265993764,47.66472223442375
698.7601988773963,362.3185326370616,21.679049877043425,47.86983169853301
697.4954288151708,363.6051433002648,21.748690099150593,48.42411281353291
697.1514445695948,364.0283061228528,21.58349391745102,48.63976836952876
697.4921127157941,363.9833547689608,21.417065461966544,48.35416753727374
696.7964455366007,365.5561177810768,21.433201456095546,48.22599075620571
695.5676409956731,366.00935954786263,21.661348868028963,47.68558083103251
695.8799998671304,367.5185938723089,21.803232687614216,47.46626074171036
694.8295709050617,368.2233709397987,21.722724644954752,47.539693056926005
693.1993518764436,369.6229782756489,22.184563459026727,47.31642137838973
693.131606478977,370.48546024236794,22.088975152397573,47.36188896350629
692.359187803744,371.0819484954566,21.88707788372293,47.39954905400873
691.4673379236317,371.53044550935607,21.87548955801001,47.624533785975395
691.0396216323649,373.2285881776567,22.130641378824876,47.91161331753817
689.5158465966427,373.4764569798796,22.133055952222385,48.120938579303356
689.5176412784067,375.0042696354416,22.008296544749154,48.16553299474184
688.9153685257013,375.0829337081634,21.828473153675425,48.31118336492318
688.2884766585613,376.4823983423079,21.946926687760254,48.440736152298335
688.362432095557,376.2652500724124,21.897633367479713,48.2872183610345
687.5152087595956,378.2245460997066,21.69379512729321,48.5083662966806
686.803644312261,378.55942666018893,21.67449543309531,48.17043806145806
686.9634917490733,379.25647115163247,21.362094260642472,47.87527180806321
686.411424096233,380.0130691879114,21.098782666909056,47.61877434390372
686.3662774109904,382.12051258313875,20.999821276652046,47.72133140110536
684.4660057386551,382.8233412383552,20.858790524642824,47.78002955942234
684.9941105912231,384.30419563401614,21.109328256030185,48.0113749673193
683.049068492811,384.5793052310608,21.084617530979546,48.23524940115969
682.41731905603,385.85945369110254,21.082354075439927,48.27111336974801
682.2567829468971,386.7869269016834,21.169417504643306,48.081251787453496
682.1917202284516,388.4196832086648,21.309217013799945,48.36432315786567
679.8753616474368,388.11842681137773,21.163064546923266,48.52011964384614
680.601078550409,390.46557457383165,21.177924075939647,48.77325759061799
679.1278820067117,391.2421459160293,21.30633925806083,48.8111335829805
678.8941240881386,392.3540567397051,21.549291496574273,48.745194626058606
677.8515045274562,393.2389511077837,21.716775490986056,48.60080261841697
677.1359062926542,394.0511250368397,21.752876135394576,48.72239592241434
676.8559421803658,395.2356758243399,21.675475258409072,48.83359525073427
676.2354154464864,395.66224149955474,21.671991372652307,49.14066592667179
675.4281975606957,396.69631774024623,21.699177388374245,49.22191224899976
674.5617835040941,397.58972149969713,21.65638599474139,49.1745303892776
673.7588532241576,399.43734268737626,21.925576632739332,48.772897633059976
673.9371703582642,400.37658161395797,21.949191387963843,48.62157737267002
673.1748772225552,401.0174868286,21.76103962227245,48.515975439479675
672.7225158379239,401.47244034463273,21.680075135675622,48.38455656659396
672.2819999743873,403.58512472170446,21.66561430903795,48.60692645991137
671.4296341101989,404.9934902200638,21.871749846008488,48.795764921200586
671.5370385816981,406.0072631964355,21.99776121551008,48.938110325879094
671.0029245950603,405.82288904403197,22.075037650699716,49.02499827912361
670.1629375331535,406.9660158287592,21.652594782325902,49.59834859150504
670.6894361540461,409.0681508029039,21.54710730616568,49.98283901919217
669.6607793169156,409.51793948933556,21.58276875874687,50.428308643399234
669.246335940723,409.3207940967911,21.378040398827455,50.911314028097586
669.3773814745467,411.7388895116398,21.100049672976848,50.59822500504068
669.2977907414829,413.07414460903175,20.677199889104386,51.12659786689744
668.0641437454084,413.21017598502624,20.350838485745804,51.761868488931896
667.8074155020151,414.03829196713684,20.34619804870416,52.35536186650754
667.5656278896506,416.23832171259835,20.850128498042462,52.77485193613138
667.5677011271729,416.5469192991932,21.04640621733393,53.46350393091049
667.0045860847646,418.6410274986376,21.36399677578339,53.48071660917014
665.7473003381094,420.02385150490744,21.278440095265523,53.091945427685125
665.4414474707837,421.6092763650085,21.259667924643416,52.26664624459235
665.9222668213323,423.8823061442364,21.463724413976003,51.388891129495974
665.5336615084215,424.0789072065277,21.832121563235308,50.99579581643687
665.8675782826742,425.1937155268889,21.904980153401432,51.29228696380032
665.1686299660645,427.5096563149399,21.871144608886546,51.14998363476864
666.0343241380515,429.2652630668831,21.849930825459552,51.01511290431978
664.9592522536641,429.5621740819866,21.643171518062402,50.75489377938618
664.4035406520021,431.58330782666366,21.866960444042594,50.75118524999298
664.1142807043722,433.38056956106027,21.982315056099342,51.19450357807475
663.7735899876161,435.60190500914786,22.150436601916173,51.4604050695949
663.1640953910553,435.98416719356015,22.077433607537845,51.78305416268441
663.4201902486607,437.48487393059764,22.299161128655292,52.02271429700781
663.4076498068177,439.01690588589094,22.33902777894274,52.11515978583535
662.4527785357411,440.4804618348838,22.326208675588028,52.158064367341844
661.6245727899393,440.09921387406325,22.638198780473047,52.118680406170334
662.1156994691103,442.79255129313253,22.60054075904506,52.256129713539664
661.9107528050358,443.14966893393733,23.010907109654994,52.13604116044566
661.6965105757222,444.5056468630429,23.216491177657083,51.972119970203266
661.6989652270943,445.85470928843705,23.234027553624024,51.7288138450009
661.5543895931543,447.35923386848447,23.179840808808695,51.49941251205446
662.3837280742181,448.64019947059506,23.08413686914199,51.390835189669275
662.2938563806792,450.1168150441833,23.00623560289926,51.45025357862559
662.0238665366263,451.26792278285427,23.214443440419334,51.642056655971146
662.3254511521708,451.8639335923674,23.186881509134928,52.023307742022965
662.4237378738426,454.0990043313773,22.6869023040726,52.366001957362585
663.5037046989206,454.28567686581266,22.513571437119637,52.43290347052317
663.271421458736,456.44405722868333,22.285724587410762,52.64412736392242
663.0586391439982,457.6607666834842,22.274491121183154,52.616760090062854
663.19541816495,459.44369853408756,22.267153172053295,52.6189200704968
664.7627207833684,461.2211392308153,22.54975374576309,52.50509397489282
664.1546701248303,462.2204133807731,23.050767172214336,52.07267726677412
664.3280380905366,462.87882204357015,23.321920645098864,51.784653276140894
664.833804495383,464.39764043575974,23.16336940278866,52.36460072027737
665.4545179977133,465.52358961403775,23.266211196956284,53.069214814893215
663.5677030704334,466.3663464265147,22.618225450930233,53.239688738767455
665.0169544257691,467.9781622980677,22.46937178811024,53.24750230816156
666.0660620503711,468.96529336451255,22.84359916585944,53.32785138132644
664.5357196888343,470.49176102420654,22.211717970964244,53.5173629613526
665.1592685267865,471.73375156102674,22.32486504603647,53.244609304704305
665.7700080857821,472.2521662363276,21.979774477849897,53.37596232714954
666.5745330846272,473.1930710621134,21.879818718440966,53.55228866190603
665.9890021931743,474.2897608419462,21.835441658573213,53.50377604559982
666.9922022773995,476.36545966759064,21.705750474497886,52.92702439040461
666.6582450332579,478.63175497252234,21.675987350476284,52.42287616335373
667.127070147859,481.28805803212674,21.690516076352512,52.425653955277724
667.7986549036083,482.739430113849,21.646861335361613,52.42261377132549
668.0810653106098,485.4428828597671,21.49730846569442,52.44318325507521
668.0046504824022,487.16130100751263,21.413855773476897,52.44711234044344
667.7070733180233,488.1512151167961,21.471595551453333,52.39143268144687
668.2251655231871,490.5464161506542,21.536225960461667,52.54171970064477
668.9519220074512,491.0690127140202,21.37819944212874,52.767827843444074
668.9993528048541,493.1066499623419,21.192258135409023,52.338564699339614
668.721722169337,494.6514591155907,20.972296628122855,52.449126446552995
668.9075248832721,497.17622982715477,20.631498695369906,52.21144415428418
670.4319460603406,498.98958867867185,20.706740813889187,52.162607310625035
670.3992613634016,500.3917173525787,20.852157815189102,52.29401890812379
670.5049694065691,502.7929734239179,21.153452300143044,52.6241514187658
670.7834961661715,504.4943221246345,21.502709816094494,52.60199295776231
670.5184506000702,507.03532452144157,21.746652877008085,52.62000952645283
670.9067455775061,509.9154123383139,21.81071538795664,52.31480520618469
671.8235790016287,510.4076227293557,21.78179707486771,52.03489797390579
671.6655150647559,515.0186417821656,21.904489279667896,52.18398413586416
671.9927912517071,513.892001574,22.170652237796787,52.37648879535927
672.299108148489,516.6927567869728,22.113056896381202,52.605773657499626
672.2889540271109,518.9828932923704,21.958438381325102,52.5474122677983
673.14106499864,522.2525287128507,21.947484260532452,52.29973688582214
672.99538960661,524.7679885432974,22.08835286685805,52.19690255207699
672.8881885683973,526.5547879450587,22.15945965519771,51.81937918800761
673.1281325968868,528.6498767708372,22.715948551343576,51.70363390949761
673.7513570657936,529.9587388057987,22.57895090747526,51.58388042062926
673.5413981595191,531.9183377407462,22.12965180107915,51.41135613471846
673.9724826721285,533.7488008024842,21.935329455547645,51.090594195812855
674.8787821957354,535.3984702277628,21.878360901498,50.910014500529094
674.8039782183384,537.8561360317866,21.682433577971654,51.00368557802831
674.3176981816407,539.6562378210868,21.7740884999999,50.86351923087308
676.1644747259606,540.6679909600965,21.553985118391147,50.859513685275665
676.2606690478351,541.4553208955228,21.496545205111005,51.1836422665714
675.9010158482736,545.9070065676581,21.320526897202782,51.46549736273067
676.765090777574,547.1782241533155,20.927017541531708,51.877743587900326
677.5532260876245,552.7135626181457,20.553749851118205,52.32539246390398
678.0660057847758,558.8764705334372,20.13533767361251,52.82156760011777
678.4112190069798,564.7978823002301,19.893367039751322,53.41929582434454
678.8668732343052,571.6295211304464,19.875811636858423,54.31564951156805
679.6613422049576,579.3023718614346,19.920327064694284,55.02938103299006
679.6493266456774,586.9944877100949,20.17256863247333,55.47971354465397
679.8213931356415,595.3780392324296,20.348226301959027,56.20061709178135
680.9462126494461,605.8262756977297,20.53942894915452,56.826711910204736
680.4083282062924,614.2985047922252,20.71586006690743,57.232641294455746
680.7050033707858,623.6400693562404,20.921566744756607,57.97663618986311
681.3384016750234,634.4507247643445,21.18493676225775,57.653146418576654
681.8658364217455,643.5548249109165,21.32393018385269,58.344741657659185
680.9383573011767,653.4136495057991,21.5111943331936,58.46351824914413
681.5994249011234,662.5335765840218,21.522555227050205,57.31358413664374
683.1932310855846,668.4959338101991,21.079236071018396,54.47724859053943
684.2958577488281,674.8732040667904,20.34671528847654,49.8806060265754
685.9425896816383,682.2438646940805,19.319379962895226,43.38600413234687
686.5783252289785,688.237774761848,18.60400780620316,37.38716715110874
688.4496880157672,689.0683046489748,18.259063604696145,34.343615311425296
688.4085987012236,688.0296115240686,18.152002731830077,33.218845494343114
689.9201186654016,685.3695819611482,18.185000706306152,33.60783619977384
688.0950680195702,682.4792605606019,17.709979927656477,34.70533538514384
677.7864559069643,672.463275384198,16.919756337926806,33.883507825354
677.1495846179405,673.7945802320826,15.660867995564406,33.17124602997536
678.9780991158092,675.2446201898103,14.8954329329324,32.59460666627767
680.2180416160447,679.0403978448958,14.77671584017614,31.957908228665442
679.0246429741743,679.7950491524605,14.643646180557617,31.197163657969597
679.3044397738951,680.212419350653,14.139800566955849,30.524044355334688
680.3982024992014,678.8579776667272,14.114308197398133,30.19574968363546
681.4669734925309,674.3262784621769,14.164342504684234,30.323006124962685
677.8774866847964,676.0932392085153,13.442330402379945,28.969588477500526
677.7963802315609,673.0558024079004,12.457524876233776,28.304143780390532
670.6334388340327,669.0870826202903,13.29147957070414,27.211225994770874
671.6014385520311,663.4572621038016,13.772144258242502,26.843196739662496
670.4671396925587,655.1648736139296,13.782754001113094,26.634036036300934
671.5399256161661,648.2458037880685,13.857335962491913,26.352554411167713
670.6760021532056,639.0746185709684,13.902367336655217,26.22979499307308
669.8736578809305,630.1123021652741,13.720007541361502,26.04434708546754
671.6040715837054,621.6653149122134,13.879480428780749,25.855580807897447
670.388025372367,614.9209205790613,13.857662023820657,26.04422146394765
671.6129385937976,606.9546056267501,14.01026783193605,25.77595033707589
671.2182702247409,598.7929953701671,13.97105232395564,25.688503430808282
670.4042365387141,592.0985805743461,14.267019781458414,25.745240737294168
671.5023216235826,583.777783054,14.244609072170723,25.398173058259665
672.000508346605,575.1089488730887,14.491178436184486,25.148034718422085
670.9206366869439,568.0116533299055,14.586956911756829,25.038487621194903
671.6915322297376,562.4294346086905,15.063384820309878,24.70689997817569
672.3901491002149,555.9367696377059,15.326879533945164,24.078414612527798
670.7630843041206,551.7317204286087,15.440819001622042,23.830828704550115
671.9369347225304,548.0940425522168,15.663766358161826,23.414854501279354
669.9049795771842,544.522268348802,16.270469922780038,23.01510609414418
668.8390181088641,543.0742835203885,16.962153906783524,22.7973138491157
667.614595037291,542.141286199837,18.11890105090633,22.249932635726232
668.6034288971159,540.8720357690898,19.099569207721387,21.630009119779206
667.4623602114577,538.7185292028047,19.63368259222118,21.758807225494234
668.8021849843075,535.4906240038114,19.924949794568676,22.08029450336358
667.8648845844288,534.6667143911058,20.169950069423702,22.22740419508351
666.8255169719416,534.7052642772458,20.350110465296513,22.359204874463664
667.9419104741776,534.228804768116,20.51141983533615,22.33493578237146
666.8250719913632,532.9889771902923,20.686052916687608,22.36605120413217
667.9564710974755,530.4819331957956,20.976790165888882,22.54253848511772
667.1181828096927,529.1897286556853,21.002495464598887,22.65226189639323
668.4576809915629,526.6247650797869,21.045590775663143,22.757111228365574
669.5875528050458,524.3127496544203,21.166592082779477,22.80572551415746
668.2755203792015,523.2370923824227,21.160797010151697,22.795274005906617
667.8336893402907,519.1985627620445,21.13224290144979,22.83478136678017
667.7013779432054,517.0096021758267,21.064170688296247,22.874392297516653
670.1463642821633,510.2810334131805,20.947986462528785,22.968744483453452
669.162626908507,508.2411738219239,20.879427579470196,23.025758587841707
671.3098860436564,503.57450682152205,20.716203559659697,23.043975706321145
670.7058594158698,499.1931159003581,20.46148063115113,23.076212504703676
669.0993315920324,494.484719125598,20.286169579607126,23.182787243188773
670.5782166236892,488.5251983892874,19.889510966488736,23.320052287587274
669.85315125072,484.008949294446,19.60374846291542,23.374111146215405
668.867852137323,477.5923177760092,19.306654123791485,23.579993811995273
668.9998907459515,470.11299451177865,18.925412294718278,23.83193715442122
668.5904825256756,463.94704524176217,18.537464514078483,24.230264832637797
669.5025368839894,457.10890525403096,18.212508934658096,24.510747078608
669.1132168805386,450.3859718194142,17.96867274527049,24.760248591396202
671.3939040133054,443.8342778998952,17.825435076416635,24.71279567115689
669.6687853577382,436.91576838145033,17.61384530014847,24.937761790566096
671.6952823965734,429.45574277113525,17.4162207903494,24.956789146450202
671.0653996533421,424.67163231398484,17.489378915972047,25.14053435274324
670.2351193540887,417.11494282586233,17.37899682649045,25.311377928597572
672.30615716729,410.80441553985025,17.335164913466688,24.972944585582745
672.2743166732507,406.6033397409277,17.3883249664868,24.67698369563484
671.4545544988179,400.616651698017,17.410333751387803,24.638923319053866
670.9299054398701,398.47879822478586,17.638434359517554,24.425143571180204
671.7266727421645,393.32455260259286,17.782128148483586,24.26778398548808
670.4411616800292,392.43377197428356,18.202477360156458,24.066221462809835
670.0486376854267,388.49505837077595,18.123443012935727,24.05010924111414
671.5528105698382,384.4942901119389,18.446350295870435,23.986444953124135
670.4877004386021,383.14087447440704,18.48752026537386,23.91544419693791
670.627974990537,382.0856164711019,19.06527041687522,23.46644329680985
671.9640051730601,380.88284295417867,19.755209563547947,22.921856053312563
671.1756448699367,379.3153159243158,19.827398309442874,22.435823992432837
669.8932911831844,378.29030905642264,20.007263764002296,21.89528444452777
671.8661452094055,376.28780172100363,20.321916429333427,21.810836835092324
670.588523014264,376.90212726373466,20.824487479772934,21.45648384533342
669.5759171067779,375.75144217450537,20.777349746405132,21.457454243518562
670.575180194289,374.4392746033863,21.265403466402294,21.224398028334765
669.3810241607014,374.4376347223513,21.18078462537465,21.26021715808068
670.5151082103195,372.45437075237885,21.52962092066974,21.190711467654452
671.5236988327613,371.1198103752536,22.131504006840718,20.693976814189995
671.4818045464714,369.3908882174822,22.196905738600286,20.64191817563126
670.3724147335284,369.7093361754887,22.25693292307981,20.55072233286048
669.3995297908795,368.33397762580177,22.23754625320205,20.684793619246044
671.1706582159941,366.7563175225336,22.357558995257897,20.46298522470818
669.8127335678397,366.82173089537383,22.368154690492506,20.295941743187846
670.8535616783912,365.6786233268969,22.324820918119865,19.809734089614377
670.706619873935,364.3105448356151,22.369108884942516,19.67334010782254
669.818788830227,365.21993036722114,22.39919602118655,19.684425917169
670.860033541193,363.87428346145396,22.629046381969264,19.61737317108621
670.2378223089056,362.47584840136153,22.429842442735655,19.73237378443514
671.3911175655186,363.5262900108258,22.644896521794948,19.50867257234254
670.5451194360959,361.64930150906144,22.636895832398032,19.69513706366417
670.1214117211198,362.0993718587066,22.485875288229092,19.911985500116042
671.7773594360256,360.5336177026419,22.38735113527306,20.07706314818305
671.6619626394097,359.1357093316474,22.459720351063343,19.94265833255482
671.2359310384793,360.3633115435347,22.664162398139105,19.952122182706084
671.7143325859954,359.68837867892864,22.832405079474047,20.004708554007976
670.3429788987205,359.5893098367602,22.884072414961302,19.989459702700284
671.498459525239,359.58932946943304,23.120581254697694,19.882807278174962
669.9140512477617,358.37652408688325,22.997253034261725,20.159553297180725
670.7220752708163,359.0903065411107,23.15041580358235,20.100396591850927
670.4878349339865,360.32837446103065,23.016212456245665,19.831002085018763
670.82355304757,358.7323200288598,22.94761283796538,19.850732409321374
669.2485361892885,359.0588456362388,23.074788888512835,19.81041312815715
670.4809050031901,360.20985316305354,23.321072684049547,19.6839885896644
669.4930091192058,358.5632716388206,23.416546764029825,19.74704909906783
668.2816616508464,359.8048174411009,23.12784643707669,19.82084226013221
668.6875689699045,360.6324532485042,23.005301818491628,19.66842403888032
667.2756692807949,359.6346325353803,22.934913269464804,19.669276341592912
668.3222030357236,361.1784705832031,23.01205755159954,19.27718740415043
667.4504409667223,359.6323592078749,23.067303491360114,19.56934606789278
666.6152247051696,360.83955423049173,22.919391898254723,19.777079740920808
665.1149026709547,361.1308855295648,22.994903215219352,20.05760684004031
664.0287358057949,362.120085519116,22.802391669660143,20.37411347714886
665.1692037539879,361.74731912742044,23.008256920735214,20.658724019328993
664.8141730502947,360.4848006541451,23.193232878902805,20.893409098203993
665.8431486958241,362.1802242437456,23.367619539504126,20.819212309627932
663.6910168282468,361.332940558572,23.48182742749082,21.112244645795442
663.2069624516549,362.1273837650013,23.65162685450265,21.53899849172588
662.1174168891079,363.0457936021059,23.715132652448354,21.787429672008848
663.1622787519339,364.2257240219623,23.966786185097057,22.052973190206203
661.2970377666564,364.63518348003953,24.18496957166757,22.42455262610262
669.418256703404,360.02040843996565,21.83713924211776,22.774982833203524
669.1219873202937,361.0458094537319,19.916379973670416,22.880598652350606
670.277992834769,358.8004836699775,19.092528124407423,23.46631247571879
670.1238409864859,359.4071042194559,18.02503836394228,23.972691127738607
668.9893209822095,360.2894992185689,17.488109134213744,24.086166510371953
667.6798718137084,367.591956006077,16.149060693872244,23.50263049883234
666.8793065052862,371.732623217271,15.270554164720659,22.68153167214749
666.0831974200488,373.2541070960673,14.59182201781254,21.352148814457202
665.1815813103414,375.04508816484696,13.878445045332828,20.787917389788504
663.7680304871801,377.45925128900933,12.932437255620187,20.11623786997941
663.7317382946812,380.8323177619166,11.78886563475865,19.456812993012516
662.2200106422293,382.20816052503517,11.168953172328449,18.922633875466822
662.214962815367,384.8825628801557,10.72889928992031,18.57566021991318
660.7322125556174,387.8558495287375,10.610568022310261,18.203832100972207
659.5649830285403,390.8211964332489,10.564667426806121,17.70785356294562
659.060997167086,391.7334464346384,10.231605214167663,17.4869302203229
656.5994057802425,394.3027845001417,10.209948510315815,17.227991943320117
655.8325645310299,397.20435678371115,10.156663540479183,16.846028101278907
655.8669509887695,399.5838759709487,10,16.633773174069397
654.6074612706191,402.12575948670644,10.048188573263815,16.225894204077406
652.4020865373309,404.7651572996731,10.129168905318657,15.926140631366732
651.811222076416,406.57221528462566,10,15.964551516930339
650.2670043810123,409.0627885300127,10.105483272887614,15.584029110628869
648.1459102630615,411.5788908880001,10,15.288148704956797
647.4694557189941,414.3197180676803,10,15.120707144668698
646.580149122757,416.80069714662966,10.000838381683206,14.895153405715327
644.1522884368896,418.7445250643684,10,14.855115673265074
643.1215267181396,422.27022257702936,10,14.93871134008187
640.9652194976807,425.0612741579398,10,14.87052037918876
640.3634815216064,427.69738493929503,10,14.907445697581782
639.1092853546143,430.08741889468484,10,15.739613809751372
637.4255332946777,425.6504031405361,10,17.148416283624965
636.5021107976254,425.57925675065394,10.214566551721873,18.655939623692163
635.2558285226014,425.34544196260816,10.446808530969037,19.799556443435975
633.0504039275717,429.5082711317667,10.904696753010954,20.588216952775213
631.6746095210426,431.52926331560985,11.110585492826859,21.562254313604477
630.705391977601,432.84501809202106,10.998857310667125,22.39562665775469
628.6839678620212,433.47249604228637,11.512778692461485,23.101875286032783
628.263118520661,434.02763567293607,11.584206073912373,23.760082047682584
629.1148401886626,433.7736814866187,11.284365338006783,23.77317077920394
627.8638064061503,436.29405951976076,11.196482341507968,23.250359048857376
625.0573993020864,440.67311077166556,11.42224592097356,22.94341316125868
623.7571149251902,445.6454080255185,11.597796364219178,23.1625912365606
622.5500428568021,446.70159099600886,11.448486826679018,23.312706985033056
621.6849669808335,448.2110283319972,10.891910673342963,22.514123450751622
620.3371748124106,450.3000302023902,11.283578079036335,22.1006537065478
617.8156323844821,452.3486849931812,11.445612825029876,22.02467591207511
618.6350626257774,457.2510822557785,11.5291339342362,22.405779214028954
615.4781779406052,458.01538397144196,11.53348939466858,21.991509889147373
616.1218010568562,459.46356950929385,11.38368670464709,21.501953388638878
615.0100620849665,461.6965225348212,11.504804876697841,21.0090850573107
613.7966412072958,464.7025643738709,11.587667750203275,20.548225134094125
614.4187517224634,467.6678440787717,11.7688159825633,20.30478425456599
611.6032478104224,468.56316218130746,11.50845494067863,19.888827614924136
611.0150675500807,470.8556777580119,11.363705689633502,19.81575935214027
612.1433905402014,474.8210689522465,11.247097246013173,20.08047256913981
609.8726082554847,475.67181299502084,11.047981120866503,19.88411143671617
609.1021369558456,478.1169864925417,10.836219099783325,20.12525705642058
608.3054111839058,480.13021216282954,10.848650288438344,20.143300344751058
607.9286626693527,481.26815099207414,10.869015908853221,20.286001787824425
607.1365245050217,484.18066197354136,10.839194642300374,20.304073696960216
606.4216636310645,486.4681703641814,10.818438790117098,20.418426117340353
605.6826478954312,489.734057724055,10.624862290192302,19.99231851185091
606.5508112830656,493.23656464370305,10.659626976105006,19.872985824898645
604.9327607815108,496.2167492892299,11.049364911587787,19.961047930329265
605.3187900518778,496.81742554809375,10.88986282837331,20.182287575687482
604.1354995443265,499.7496522330268,10.902397975555846,19.791619606212045
604.8427596228493,502.6441034914991,11.069870921537884,19.87564189395497
600.7177762331764,503.1536246966095,10.729215752641373,19.776582393890394
601.5082664182901,506.16209229828354,10.431716980314437,19.473575413198585
602.353265901585,509.80030240187455,10.613040645560494,19.94309636812594
600.1564770499089,510.5470276529522,10.769874421910753,19.737739432865133
599.4287106676481,513.1703846940576,10.515492025299306,19.88781490143564
599.3149128459385,516.1831436083851,10.518478293718761,19.777236953151622
599.6331203087931,517.1982394000248,10.428564527677514,19.893766256102804
598.8068660337343,518.0021921365077,10.25707939493369,19.694643742121325
599.8911552429199,521.1692845423522,10,19.87071283668227
600.6655352503099,521.4708255772106,10.129081171743543,19.688880156613987
597.9259350332943,523.9668772344954,10.139901631409398,19.214332078860682
597.5059823830359,526.5257717521228,10.298517259074817,19.72500678872328
598.3687191226043,528.0361024200678,10.239467577545488,20.0044934630871
599.3264668877531,531.3272255305428,10.295079530157789,20.19400627534011
595.9801902858931,533.7570589662689,10.647312146719756,19.92583110310675
596.1701030513547,534.4744820607305,10.586788221021063,19.98641490685948
595.3549170122884,534.5017385607525,10.52037151131193,19.843873952713754
594.3760075260682,535.5701389054968,10.431239189807076,19.890514425334356
594.0847419375725,539.3269158528622,10.628623272071799,19.644096150720966
593.6785754677979,542.2187471078433,10.735229588085812,19.766630234997002
593.3908616545777,543.534781550329,10.814365100268303,19.554292490162496
592.4530323614015,546.6841858045279,11.072382237646329,19.373541232741015
592.3362100401342,548.7631023625147,11.012554590141741,19.66312632965809
592.427411915697,549.6270540485478,10.730621572658658,19.71683916852928
591.6377739391808,550.0289155491434,10.354045017146358,19.9270169241741
591.9786587644729,555.4761021705427,10.35763913609319,19.526563053934023
591.5411080347337,556.1375318893582,10.439398005239525,19.199454043549242
592.4728012084961,557.4324965670339,10,19.27624221749467
591.483476638794,559.0882744109834,10,19.519686834771388
590.7062187194824,559.8380598966299,10,19.621510516798637
591.3201942443848,563.675015518952,10,19.8008097213732
590.4312438964844,569.6515903661751,10,19.91696544684887
589.7995106642918,573.0168060415598,10.269852267607826,19.567591835337407
591.0692377638534,576.0294660542933,10.209958920535525,19.335118489557964
590.5330472582385,576.4704923695635,10.128676296511188,19.883810030159918
589.6617570611578,579.2322567010243,10.263892036131743,19.59328307622286
589.4679512467762,580.4518710028782,10.30615912143785,19.661332914897805
590.1400703882209,583.3881452857545,10.135985474778781,19.678203904809422
590.4043187619625,586.1905342510827,10.14908037158279,19.878494943879662
591.3581548778511,588.5332682849468,10.26915243301857,20.03072676628819
591.3350378722128,592.8789096622054,10.448321014607679,19.976910442434917
588.0861543733463,597.760472767624,10.411103423717485,19.867173208648364
588.8284819925798,600.9359759174505,10.431392032906762,20.20527671124162
588.0678976418255,604.3307986019934,10.314323734903613,20.522046137077755
585.6576678749348,608.3044229702433,10.167143345589373,21.21987796698408
586.4398784637451,611.9136630254907,10,21.637269743696436
587.1472381423168,617.5151781673767,10.176245913852744,22.007397724084626
585.8141446633873,619.9134886172818,10.418227091682464,22.476645964899284
586.6957982699334,624.4688931995619,10.424550310718997,22.602973641159437
585.6481512119796,630.2564340345637,10.54612006139252,23.076376773402103
585.6733972876923,635.547670433887,10.602439433404356,22.98612962172802
584.9291090146754,640.6085163433431,10.578702136664873,22.93696282722983
586.8774836856636,646.0169249489998,10.389388402598577,22.682653245311137
585.3631175296186,648.4204979297099,10.379847857022526,23.043003011429953
584.2643116076722,651.4062295580032,10.50221861204808,23.791754598593016
585.2021826175928,655.5922240290973,10.404232329511505,24.40806216519407
584.9314699909693,663.5981410897244,10.39960655736809,24.8433258222601
584.213534733674,666.4692655532597,10.446767049985919,25.260577017259987
584.9743610288165,673.295504945514,10.334980792708826,25.10016366243874
583.948743149308,678.2126352964337,10.515023619596912,25.543651068509348
583.3526312300824,683.6130043620958,10.50738020951309,25.684258152028978
585.773743001988,686.9745537368956,10.662730518240808,26.196877175867126
584.4600199412248,692.180229237397,10.7153704263882,26.344425100645264
585.1758359164014,696.6602371761609,11.122010570761685,25.065470014133407
585.980204868686,698.4008978896179,10.986020468926817,23.70782870196537
585.9294173068573,694.6534921749745,11.262301097955227,24.496524408595757
586.9604480018012,691.1018297666844,11.4996629258411,25.200496197832276
586.2663134410897,688.550432604681,11.77107261122886,25.744078790882234
586.431975246353,689.6431209740857,12.002844093475614,26.232331812814966
587.1491229595026,690.6457210239219,12.225744712098184,26.562664855232548
587.2103468356341,688.8366259743798,12.487200463253282,27.211059727265734
586.166416808245,689.3480901446255,12.751925142054885,27.905126626032146
583.9689903019718,686.5137741687557,12.849475908507708,28.47476718372882
588.5499139114296,686.7753679842816,13.05307668763883,29.637607079532454
589.7872752887477,687.081982953221,13.2542725121044,30.326226506888123
586.2958879626628,673.1213290318007,13.357973067594342,30.995188310910464
586.2436826147791,672.1255337338018,13.540096776056913,31.056381873216687
586.50740429918,673.0368651169299,13.78659444729426,30.68015312795668
586.8161409090189,674.3680002334634,13.971710644120385,30.13850362242875
586.8617572203015,675.6405594946052,13.580581781320952,29.354600310105994
587.3837098715345,676.8136353621591,13.637384486667287,28.445300076463095
586.206835244339,678.3926831052154,13.32440095297239,27.953250732928574
587.2819258993248,680.2256403665501,13.25313810003185,27.627942899712245
587.9175337713699,680.7362714874291,13.435520378402757,27.785887506098838
587.2185173145214,681.6904550554989,13.484600045029454,27.56776695199049
587.627767338443,682.6920101940048,13.487480612420587,27.553464353201527
587.4787977433836,685.1080856870246,13.249904970996637,27.132186780247626
587.9773442014053,686.6883949969115,13.19228806813662,27.11084275764197
586.7934244269239,689.5476317331347,13.190727592685223,28.282711997597723
587.8340018009563,690.0317324650408,13.368102507706437,28.847927281832376
586.8379503504937,692.1535679520948,13.051604029237224,28.313088094833745
587.9698634766723,694.1028363989262,12.95059668557131,27.193680229491203
588.3462602418158,695.7887432323876,12.906123772960163,25.996594956123374
588.5875676563982,699.2668522013263,12.629540743111932,23.7614310953942
589.3082442604931,701.3777094991005,12.274666721933768,21.523694771330195
589.6063252554959,703.6871840531794,12.134780671869441,19.708319271570804
589.0223436444566,707.7267355682158,12.429655057278207,17.22247796024825
591.857104145351,702.5373257608184,12.881105735176925,16.701620298431553
593.0663345354618,699.6762782856915,12.967741390502212,16.338616982083842
597.7308784669384,697.0465967206214,13.109837304404362,15.577266306071527
599.90346330407,696.1579690067582,13.275211453383502,14.649874669588948
601.9710227420238,696.7628956221401,13.373582567710093,14.106136245954115
603.3106336075846,699.6595412520979,13.537363155924632,13.64557814033539
602.7886402026735,700.8324436917108,14.060098287280034,12.65677933410785
602.372393033969,698.5893409998515,13.648551181817817,12.416609137992307
601.3657577173777,697.9330898442352,13.028242560849977,12.461849944098091
603.171150784717,699.9394225361264,12.561133183983927,12.223598622815691
602.5541061954115,701.6560548114352,12.471667369919187,12.017537441338611
600.7634960710906,703.0626074007034,11.846543014068931,12.359995617294304
601.7296166297256,701.0787931700078,11.493857408273419,12.219645257884887
603.0457929839106,701.4968508757235,11.790368225294134,11.538345520281549
605.0408520433683,702.0535508422653,12.03716950945475,10.911262268106062
605.9457802935069,701.7435129873516,11.84872337905054,10.548092128324345
605.6237932857794,701.8701229858227,11.90376535715223,10.174003448520565
605.6917301320013,700.587574005127,11.914952058995267,10
608.3147480035481,699.8075408935547,11.99875792967141,10
607.3118120312159,700.8011646270752,11.968996787177403,10
605.3586085258438,703.2991375697412,11.729361927804595,10.001883551923788
606.0969886980247,703.9997844696045,11.72524638935095,10
605.8441430817085,703.1054840087891,11.522052429112433,10
608.9803718151611,702.6176719665527,11.56693581303705,10
609.4192438841433,703.4021472930908,11.456849908715483,10
609.9097420020022,703.5260734558105,11.185723057763095,10
612.0065667397224,703.4955024719238,11.090080784471274,10
611.658887925979,704.0811710357666,10.986938350922825,10
611.7339670129385,704.2643413543701,10.834819422609392,10
612.4741379782366,703.3277893066406,10.51384028498179,10
615.2463742578032,702.9318141937256,10.345348103046085,10
618.4363862804067,702.7269706726074,10.288676871559632,10
619.807255833071,703.2851028442383,10.223008933223053,10
620.8048561518634,703.5788898468018,10.174970923812321,10
622.321533167833,704.1824836730957,10.27099234963671,10
624.169835128889,704.5901222229004,10.363969726352963,10
625.1927486507077,703.8500137329102,10.668801099463487,10
625.7537741086453,702.9066677093506,10.794266815668381,10
625.1525437539475,703.1051502227783,11.066574631997529,10
625.8201622683054,702.3894424438477,11.373637255381375,10
626.0077029762281,700.2835712432861,11.774655998227336,10
626.239304420711,698.0491333007812,12.288027053353307,10
628.03368824759,698.1412239074707,12.689684509458537,10
629.3814066066484,696.086835861206,13.214733478597807,10
630.2428533252308,694.8449115753174,14.20677152946988,10
631.705270665669,695.1064167022705,15.133556569052645,10
630.770842856603,695.3227291107178,16.030396806325186,10
630.5684945563053,691.5119819641113,16.85765886712582,10
630.1839625594774,691.5502310010097,17.126066732851775,10.127443271418134
631.1383972249828,691.8605018734231,17.353950484116574,10.34373548044876
629.6024045454742,692.1721789431756,17.227689840936357,10.650976738892863
632.9912015100884,688.838716666304,16.553420801844517,11.95564619620074
635.6947219905194,687.5877178277004,15.855001819742563,12.429396040155877
638.3560534574716,688.0622599700091,14.473405627781426,13.166880969405529
638.4665575628458,688.7727273341989,13.501829027140614,13.310929608946001
638.6930695142369,688.5537581503847,12.685352212981416,13.678570735363241
637.8315939376893,690.8352942572627,12.48448287047105,13.572564103882698
637.3931316169746,695.1660866386119,11.913230174253808,13.298827241575106
638.7978604327363,696.2169214406298,11.317521474615285,13.37773014730479
637.7629881549125,697.2532222127816,11.484800209950459,13.104704408665313
637.2787856010739,699.2624361433298,11.496799677979281,12.996577756065108
637.0023427880035,701.5316331668989,11.482874696209898,12.757591667911166
636.8087563838964,702.3549447410627,11.64994328689476,12.510176588431243
637.8496129275906,702.5068970916512,11.654598760297382,12.434192419480745
638.3783097411192,704.2127520598569,11.95130059222452,11.925032226721639
639.0327763584139,701.9143495066618,12.297121996306917,11.784605124859974
640.4263431702323,697.2095809477968,13.817769592152644,10.977707763830367
641.6116413249104,697.0495973128258,15.159491703206639,10.727602859700028
638.6732791552693,699.0858138827139,16.3817436914146,10.646922344435591
638.0745013832378,694.7730414107889,17.11613776697168,10.855211886674148
636.40335128854,695.5688744378785,17.401293791328364,11.213725886205772
636.3822214011989,687.1484206401673,18.434398292573057,11.130130155212418
634.0183675441519,680.3229638147628,18.198162525221566,11.108310499136554
632.6602030797618,681.0486778691886,17.87503604018348,11.192267522120702
630.3898358638452,683.9407632158591,17.372363031831235,11.290184536299318
629.5021023977321,687.3855479444275,16.97622962226055,11.254306180236913
628.6507704590464,687.8409650152951,16.498633795042082,11.596931968921595
627.5726435465812,687.3864968069979,15.98883384799969,12.073193977556866
623.5905259489966,690.3202189153067,14.578927350053565,13.050472508742189
623.1344640855147,694.4916587435889,13.509167074332108,13.414738543095662
622.2134101000122,697.723757060024,12.119761068286099,13.709407266670777
619.8028752276863,700.2588001724271,11.70288525629741,13.797226620477968
618.9621771977882,702.9473750902432,11.52276627092758,13.532225069757665
617.0956696424538,703.0589301089888,10.229982583988942,14.411329845499042
615.9893414367384,704.5233113377077,10.698704364072102,13.856041509155027
617.6497313462548,702.1607455687719,11.200815780390613,12.978614911040356
616.4613665532894,694.6107828783196,10.635639390979751,14.188472237745493
615.7409211587232,695.9909088836274,10.251559934750855,14.637280896075284
614.2995071411133,697.5888819094861,10,14.94515717101805
610.8803549234738,699.9993840953082,10.41267195847231,14.36621441436408
608.8334541320801,701.4399372060963,10,13.651665504799777
608.0290603637695,705.5881398610935,10,13.185460390117742
607.0199699401855,706.42756472523,10,12.961391240458036
606.1199631389619,710.427028515536,10.92507463760353,11.763889593683768
608.1690960076924,710.9127553704404,11.683010072017725,10.87230038582812
608.4079776717197,710.2925294674834,12.11050110797667,10.590726129730506
607.7955407220999,708.163995932366,12.178915198866598,10.62886772389109
608.8385226961734,705.9746131896973,12.643110705065194,10
606.2533453290632,706.188549041748,12.902721725906805,10
605.9838447341502,707.1049352589931,12.764438675010105,10.12582665608602
616.2518034756336,701.7993896920369,11.299169385402767,10.671274479451561
616.0413234408333,701.2505489782762,10.501059020433187,11.183777531728735
614.1656869611151,704.628456137049,10.415898569224915,11.580371814036589
612.2847652435303,706.2843987821343,10,12.140251660584921
610.2410100453869,708.6572277418944,10.049706746384366,12.07970574057636
607.9242172808978,709.0288549855112,10.131358986788456,11.72215910856747
605.611010126613,710.669861061443,10.560984507516261,11.315764937660877
601.7275420270389,711.1345553218873,11.483339102660446,10.604756391137476
601.5204533050297,710.0529479771342,12.15238410038974,10.566906017167078
605.0995150640935,706.5260261598244,12.277307304674318,10.349799334404059
604.6559539824905,707.2009397073152,12.603695672714268,10.272219553875429
601.7539674358401,705.7748258745183,13.083694156640037,10.035618178941828
604.5500801324964,700.800046138702,11.62733302113996,11.502038612488676
603.159166510058,701.3653472603949,10.928722033594973,11.752551328819653
601.1603751378535,702.6085845852461,10.558194121265624,11.533475513345689
600.5906071468609,703.5203300737204,10.21272949289927,11.403160805928229
599.2135314941406,704.5535746846755,10,11.34884809769015
597.760232925415,707.5372301229728,10,11.358553670070055
597.3353786468506,710.1814453681754,10,10.89185474704757
596.6827964782715,710.8694492705773,10,10.388107989607043
595.4513700513621,710.8827201252384,10.288521188779782,10.019906734386515
593.9181077850046,711.529712677002,11.22636072393608,10
597.3478016977085,710.5827789306641,11.721327756926623,10
598.3264298564313,710.5489845275879,12.182627652859916,10
600.125304796809,709.7996215820312,12.483177943003025,10
597.5092666932039,710.448823928833,12.888475738348022,10
591.9809140899015,704.8700294916166,12.184389166388415,11.024848853680828
589.8831980635844,705.3274431551799,11.89034215408124,11.639562542179302
585.5468512218054,705.3703579172749,12.68168055199473,12.370967057295976
587.6313731935968,705.8379202435674,12.302050060560257,12.437631497728482
588.1853291691137,706.4740054834465,12.001812517485305,12.392954304103142
587.350051320979,707.3177513843101,11.835297748667085,12.077094124690396
583.006852927572,709.9242419988345,12.6967586223949,11.229358714733383
580.9551227785763,711.1337980499953,13.075788836157866,10.403618957382433
579.7116271295715,711.4692115001661,13.472989789929231,10.072342075351296
580.6320400132784,710.8046455383301,13.807312032769545,10
580.3363618296304,707.0117659516682,12.962476841227556,10.545010577132462
579.049969076985,706.6352945701434,12.494300127280022,10.645476075777667
580.912060079374,705.7665791115392,12.027747517033164,10.927523692204879
581.8326841240668,705.0498637580131,11.802660774083346,10.797103996424912
583.3324691300679,703.3024099707897,12.021447848262708,10.239364933908863
582.0485747842977,705.2087154388428,12.018000883064861,10
585.9949889766755,703.3389460621725,11.64030540236196,10.170939052412905
588.9287036159875,704.284548503222,11.683429102253447,10.104509866114569
590.2246739833881,706.371259689331,11.86829805983501,10
592.1096925819099,704.6469421386719,12.359064085447768,10
596.9831218182122,702.8055303140876,12.157421219532603,10.067741862059075
598.2999065757742,705.7602986593272,11.774660420228871,10.411153932566393
597.2739334592892,704.8083393724136,11.247360132202921,10.773316830123948
595.0919013145368,703.6569750216603,11.145604109207595,10.425612944960575
598.3598498185092,702.3883399963379,11.67079566327443,10
599.2516525945689,702.4663360953592,11.831396348948202,10.069448780961215
600.377731454796,700.6993774812909,11.88977024470486,10.557295910220924
599.6952896505504,697.88533762514,11.76232520939713,11.246960095179059
600.1052752371444,699.4984291005627,12.101442170974938,11.512140669724108
601.7835098958182,697.1460807062579,12.219544081654773,12.020388178548657
602.1052605178667,695.601820241041,12.528465933260849,12.334773519382992
600.8846542466085,697.6480168927526,13.002072884956721,11.995367123918584
598.3621511475063,696.7028566905977,13.361642834381797,11.651796994781012
596.1002304247023,694.5731200159327,12.95241695821263,11.38861485705074
596.8870166690929,693.5291287260461,12.998202532175561,11.275631555476084
594.4250166053912,694.1897749856588,12.923064781160921,10.982632645869952
595.4037766380626,692.040626006637,13.132124916013392,10.758503998688777
594.7125200289265,688.8154144273348,13.554246135994644,10.190097811590137
597.1991761646977,687.2608528137207,13.886952693797792,10
598.3220869724561,687.1539310146527,13.776049291171796,10.04342962718881
603.9178522227159,685.8419618532623,12.97895848791781,10.358964934832851
610.2949866337434,686.3223391147525,12.50445574862657,11.041818505114122
611.0836913369383,680.8379805998263,11.656088395459319,11.944899853814073
606.64548425588,682.4536274560578,11.068814660847373,12.672254822991825
605.8493565036274,678.4086376185207,10.584043798165126,13.594258118671348
602.4269743185968,678.1978030618043,10.345140413099408,14.110958970385544
600.32017745448,673.9886064841662,10.085978709204136,14.607480940359011
600.3742281398711,669.7939529333421,10.0847346382265,14.940929429946722
601.73062344094,671.0274171022902,10.472617711625862,14.95014016065408
603.3166140341831,668.8840913243497,10.977970356926885,14.69195757957208
601.3620319857497,667.7868282590538,11.575866601010432,14.214429419392529
590.7397522537279,663.3716960185036,11.545329171743253,14.187687827494688
589.0087205100979,658.709304718134,11.664893879706643,14.622608367687043
590.8732416153225,652.873071333756,11.193812942450649,14.975285249968453
589.9800327197424,648.6996338806281,11.57356874630605,15.053391845677483
590.2023478205475,642.6623563899353,11.446760047381497,15.261568042883242
591.2763164288974,638.1523705457296,11.591577957634888,15.81168728378508
590.3582360699507,633.6532858126336,11.701912412100384,16.168228484595957
590.981540886372,627.9591955977298,11.717727248251991,16.288525613622262
591.673591898999,620.3087391697335,12.275077249365218,15.73398116370694
592.8047238124237,616.0515230407135,12.018268439605741,16.14419970714723
591.4041076647983,610.234119446273,12.044514467766636,16.640247282991226
590.1942372602388,604.0274546324002,12.174723569122097,16.896216833832256
590.876224939762,600.8378551977602,12.752604594352952,17.29108647947971
591.045648284724,607.9632137845665,12.681175812143762,17.66463688399191
591.6214233173255,603.7447251416701,13.258545729850882,17.399667911239977
590.4489682202693,599.2232641458909,13.164704703260242,17.406708860317856
589.9246579099515,597.4375992833351,13.71790677531177,16.452846324687197
588.8987965881556,599.8016722678493,13.387328088337107,17.413146400580704
588.9122876761861,600.4074842361987,12.55529220133881,16.793437594497128
587.7680785514016,594.1134780249547,11.495779542704746,16.32757504750262
588.6432695696336,587.8087855981861,10.714979110244425,15.415528931801692
588.2946261692047,583.7094293973861,10.657039775848556,15.380179138577322
587.653854748485,577.8391966035556,10.445719915871821,15.168667950115484
589.2965812683105,570.9280950751443,10,14.947963292094324
589.0461578369141,565.0955655630291,10,14.153099525797144
589.8283424377441,560.6440520313874,10,14.089001650115769
589.191873550415,555.8501911643407,10,14.157188319511977
589.8932037353516,549.3591846885893,10,13.58908759303637
590.545711517334,545.0920230389108,10,14.448312473203783
590.1249866485596,540.6581885881795,10,15.173933492586295
590.6163120269775,535.6497274339644,10,15.743212520987372
590.1055030289896,528.0412120668573,10.125381576298286,15.837738067213284
590.5725440979004,521.5195959465237,10,15.924167939716128
591.3477230072021,515.4681619210887,10,15.19263962828153
590.9701881408691,510.28955082244994,10,14.417404092404851
590.8613967895508,506.45033597242457,10,14.481095328100112
591.6238784790039,501.6061132165542,10,13.314243751217735
591.9904079437256,497.8052928602121,10,13.264479129429368
591.46559715271,493.94916377017057,10,12.630515385684234
592.3214454650879,490.68531469356833,10,12.449408454660222
592.1679553985596,487.1520226190554,10,12.590962849047376
591.9583568572998,486.51551522721684,10,12.502294740878787
592.5703868865967,485.63360260011666,10,12.16189483638778
593.3207263946533,485.51347405118315,10,11.74426924382508
593.8582916259766,485.3331608722893,10,11.753951082569845
595.2290058135986,485.9647122854832,10,11.455821705889129
596.4409756334745,486.8415339283264,10.343264644916234,11.132552565710505
595.8163697679972,487.4835170492145,10.073456295304323,10.892695668416664
597.7489223480225,487.7730854249875,10,10.61282954675347
598.6305847167969,487.8383247021085,10,11.045438455890496
597.8283653259277,489.1560691623094,10,11.762507671474934
599.4554023742676,490.6509150133587,10,11.96586253920059
599.8629627227783,492.6960235579512,10,12.101536563296845
600.5475482940674,493.32713463807346,10,11.818787517065921
602.3483066558838,494.3709426503355,10,11.492951277698133
603.105281829834,495.8461380625594,10,11.66763293249831
603.26513671875,496.0642352825391,10,12.251404618027351
605.0616685483501,499.34129921363404,10.040954285135648,12.358634635476053
606.1934032440186,500.35954522848624,10,12.114352231015795
607.363618850708,502.45496016318975,10,12.22913301834701
608.1386413574219,502.9725967171818,10,12.372002457970483
609.1522843063796,504.9155449881581,10.114124929721402,12.75892924975797
609.7369594573975,507.59941543988106,10,12.7347514261461
611.5679441533586,509.9522423394887,10.0079601124723,12.599158356911303
613.0232855428641,510.8354662856884,10.028670003139082,12.704830368076312
613.8322067260742,513.4928527255167,10,12.908188744523056
615.2421054840088,516.2163540102248,10,12.695496325253616
615.9274024963379,517.5460969090681,10,12.58291985984247
618.4602288131944,520.1862756393762,10.013151382400316,12.574142141657923
619.2641105651855,522.8138722040625,10,12.931913642412248
620.2753753897877,524.7541994100255,10.043285322719589,12.690453719011387
622.2048072814941,525.5875698558582,10,13.042042447707349
623.1721134545454,527.8862954279894,10.245910572598586,13.445869227029089
624.1687865887554,531.8932891853077,10.320099704569227,13.084675596669758
626.0209567400354,534.8684108871252,10.3549561793529,12.704328891032887
628.5174942482851,536.969959235743,10.19279089185756,13.222328232615556
629.6627464294434,539.9333012215358,10,12.964051701215485
631.5988006591797,543.3519197604365,10,12.692930956421941
632.4480963668088,546.1001942850818,10.005189712671381,12.636819224025963
634.2984237670898,548.4331021117112,10,12.441996612759334
637.0605087280273,551.3781122004268,10,12.951142542505643
637.8914451599121,555.0899877150669,10,13.016595919963974
639.097117870449,557.242928839089,10.087750495674367,12.539384173628678
640.5939807891846,559.7961168721156,10,12.696962270173207
642.9802303314209,562.8088630494717,10,13.04885028655471
644.947097368713,566.2060057015243,10.069168910034932,12.919520121609597
647.3594703674316,568.4647786334252,10,13.216209945063722
648.1575832366943,572.0746100982191,10,13.165599139499344
650.296272277832,574.9376635880888,10,13.313916140472895
652.7363205519553,578.9462602587707,10.101852304292562,13.299637227819936
654.8149882191958,582.7713699451401,10.27561743367875,12.866897560891712
655.3859129153911,586.4434545556295,10.12079044119034,13.279209510567068
657.4005294360051,588.8794553129227,10.389046566222271,12.944984943002304
658.3964227398436,592.2183080889624,10.775113352099778,13.486521486870085
660.9498434642086,596.5245888500502,10.393060569141396,13.125211185397612
663.0480244534464,599.9498209453685,10.432065411954879,13.476887802866422
663.9663353593781,604.5694715063792,10.736690395745633,13.175391856626486
666.6323949420674,607.9716664314976,10.239913637593567,13.403053092815362
669.8694858313597,612.2375658610197,10.124412584106814,13.20662715857581
671.0739722104819,616.1046467867814,10.036015539973778,13.29973581486496
672.8267919768862,620.7405432651822,10.354865600670951,12.728615007721544
676.0371918783604,625.8499659191319,10.333231904900243,12.803856156120919
678.1485149108712,629.8550431349951,10.17815557254473,12.40516717849621
679.0030122930663,631.2569596487681,10.119848979541239,13.45830970637013
681.3335971832275,637.2553235279776,10,13.097659828810452
684.3203233874308,641.1120248917872,10.095177810099358,13.105589651240104
686.7740315005288,645.5961539580996,10.043298998454109,13.060259375060472
687.6889266967773,650.5021525290433,10,13.47501165333913
689.8399495220327,654.9757678524267,10.155359439821314,13.415693756816662
692.8694953918457,659.7900740276198,10,13.348379776791612
694.9149475097656,662.5834851880176,10,14.336260672548878
695.3908078578104,668.455084177649,10.605873603226836,13.693370157885568
698.1271998565595,672.9392162413894,10.183241430679804,14.140011578500374
701.7402353019976,678.3811578212009,10.026559883065262,14.087556946709508
703.0707396814305,683.349377000342,10.127418647392865,13.977206540087618
704.8811783055079,687.3365591436569,10.500201372382598,13.929447478066976
706.8165566315611,692.0746635843902,10.484585406311549,13.782267679852424
710.4470683402536,698.9588897094375,10.18886731729552,13.659502533029347
711.505407333374,702.9220224879456,10,13.671122260436896
713.4047458819086,705.9755944434384,10.138578762305702,13.903700029138918
711.1293829468314,705.8313972498747,10.218181890761018,13.87584456885397
714.4567781831909,700.973285029283,10.73741790729989,12.889855722683844
714.6311040630567,701.7511689395068,11.570399143173766,12.036633068252135
721.3947599374967,701.3363965249624,12.79444542652033,11.435738901979462
723.9036322931163,705.4601997827715,13.034467438913834,11.264952759896358
724.729396644871,711.3848272216886,14.066177718558695,10.428705999738023
727.1610859288693,703.6623078561938,13.59176094255448,11.927825693862442
730.4402001093991,705.9460711285935,13.488412342236922,12.805031815078591
731.5706817251743,709.0962280510483,13.442754439055705,12.253626966751046
732.6818412557642,707.3686175260725,13.055064436713693,12.503514306985908
732.8414310704547,704.7859259148208,12.816939494832678,12.929414649850417
736.7091938029598,703.3136060256327,12.65241317533028,13.090820785648669
736.6387289195197,703.0410683184151,13.040256852122681,12.374661916636523
735.2448751315159,702.3572677238275,12.820758464995619,12.083682325782611
736.801303381353,702.6963832465742,12.846371661366318,11.766493302994128
735.8627233121175,703.1438837830249,12.970644074007206,11.316114269887715
734.6645020579657,699.6918276714241,12.899477176793262,10.985515799729852
737.9295866559111,699.9918410035121,13.232078061468844,10.532988220026418
737.5838190814958,699.0898580444594,13.193373342135372,10.30860712275103
736.7944115610376,698.8236783128712,12.504312711665037,11.226224306874789
739.2302528692633,695.4776247224947,12.129677519530013,11.429416997881518
741.0716438489065,694.9052604470359,11.786476096132139,11.575755351045432
743.9056851344847,686.3864218670619,10.92272625813028,11.623152359626218
742.8779345778926,685.1292439040614,10.912103408912152,11.470577133283498
742.7858023225108,683.1383860566409,11.006436431638518,11.057162670653828
743.0791140337635,683.2372207661604,11.16993507944567,10.802337642483959
743.4639018539966,684.69399028047,11.321070956313493,10.47132958920655
744.0846642559434,682.4854126771552,11.137499033279328,10.203979333189544
743.3021317669615,684.5831890106201,11.226344833997082,10
744.375624202976,685.1870896766208,10.877600623588982,10.113491545195984
744.665152199946,683.9771914227977,10.172095044688243,10.317036679551105
742.7245142136143,681.4017112091393,10.457786147966747,10.00455716546158
742.88346040505,678.7752780914307,10.472108120564124,10
745.6748646718099,678.8116737867944,10.472589687141893,10.194515890766752
744.9983818345257,682.2908104200754,10.499578036270762,10.113142343442824
747.2503182861527,679.9488182067871,10.250038629110477,10
750.4964367395039,677.8917880988394,10.154499720454995,10.08481293196005
752.0229110717773,678.3928488758722,10,10.188301271692975
751.1722878009289,679.012101961325,10.036127370554322,10.185325954059046
752.7181656935747,677.7232818603516,10.079987887752905,10
753.8980905640412,677.8576774597168,10.252414300384295,10
758.5750130120384,677.2453231811523,10.290445625093046,10
761.460795310939,676.6015930175781,10.310568039010619,10
760.1440029144287,670.514237446522,10,10.168846045066493
760.7627906799316,668.7269794548208,10,11.131713468898408
757.918514251709,669.9372381540885,10,11.127211695363092
759.0159403052112,671.5313191609977,10.435953862233964,10.628415068507525
757.1749659407208,665.380342387207,10.277097537503764,11.45585460852063
753.6732749938965,662.3127226368948,10,11.929370018568706
754.2885665893555,665.9007871808042,10,12.754732477380983
755.1537399291992,672.0382243803351,10,13.710448898631473
755.9166774749756,680.1263842358724,10,14.10351853081886
756.2764150907531,685.214877677452,10.110759296032983,14.288443421340986
758.3260396365561,690.3042198643377,10.084382366292207,14.91630811983531
757.5494842529297,696.9944945466663,10,15.347949764699694
758.1926546493102,701.6909022178799,10.131906430139361,15.715903312653472
752.3296146392822,698.0103783852928,10,15.572079609419301
752.5327644348145,691.0450866863353,10,15.133880963877449
753.3983058929443,691.5675595750744,10,14.84726648522725
755.9681186676025,685.754656092944,10,14.308064904566262
759.0357904574014,688.042242102362,10.201295824699264,14.003965273425425
761.009301012855,692.0741987649037,10.410116541184642,13.913715278420087
761.0308196324906,694.5368164854941,10.466414018710003,14.047210916340815
760.083713557483,698.3356581301384,10.370387979028235,14.25448978525533
763.6364449242473,709.298074001473,12.283663038468452,13.107497703230708
762.824245935453,709.1286917543491,12.62854670331284,12.807067708953069
762.6199181434446,706.0580936718325,12.679902482642085,12.843435993127136
771.6078500705142,706.0882884493684,12.690435418053632,13.307956411199743
772.3033106024443,707.9993454004132,12.628314555609343,12.961561961014443
769.7381275140752,708.2276055283933,13.197336585619137,12.804075823706645
779.8226478233531,704.154025742527,12.073179695090653,14.45403919792942
781.5398260443651,706.9347633586921,11.105112773330294,14.124520447532792
781.7731353150679,709.7302644828491,11.223760345205983,12.965662364257831
777.2614877035326,707.9634791847129,12.14523748355976,12.794387532063462
776.0013899706761,704.4482614038793,14.03379156133338,12.14891595872085
775.217404079693,705.1647050179179,15.66358432718637,12.006605665458117
770.6849023737111,708.5453552531366,16.732841126601294,11.758217945264887
767.6067114178223,706.0602463886274,16.544736801806526,11.611377873990206
770.7690655145568,700.406115394058,15.040398328796519,12.907364167328318
771.8752448082254,698.8598091536948,14.535635566654664,13.653823388777486
770.7262289579207,699.4221924409032,14.398597229422101,14.45302226846195
774.7961354430323,696.6038022221533,16.429987872480332,14.035786592680825
775.6192063420549,699.4553944243836,17.90113275656398,13.288374588122492
779.0387138428006,694.2005293203829,17.45934218134228,13.359185728740998
781.2694555244185,695.2180644735269,17.30457573705158,12.971999791349536
784.5633656634889,696.0994820343712,17.131374904711613,12.683049252180247
787.811810087483,696.3449935583462,16.86615262166483,12.292154378058601
791.6998365378886,695.8023523577556,16.58423271645918,11.94778361151513
794.6008853396991,694.8871196546014,16.330467327193624,11.712010614503157
797.0973001362449,693.4275886568427,16.055338692353892,11.4200740748645
800.1834485731696,692.0273465062148,15.876091440086682,11.102115840719797
799.7313981327269,692.4200452721404,15.61171621623568,10.904463975372401
798.9878180996092,692.384874764807,15.392657562988726,10.604275815234558
799.3570175531481,693.3236520199716,15.243579792385491,10.34156658078416
799.9346175906987,693.7341540839798,14.970951891356407,10.228040022348067
801.7184511423878,693.755612282926,14.734137296523114,10.091129483830645
802.3017470445014,694.326735496521,14.567938406114214,10
801.4216269994272,694.1877889633179,14.46838006486639,10
800.9312482264667,694.7506113052368,14.2567433541955,10
801.053390271884,694.8745546340942,14.228188023126394,10
803.124216248778,695.6297731399536,14.172343869631613,10
803.5881774468866,695.9916009902954,13.993002406031598,10
803.7730781239134,695.0138921737671,13.72889868381392,10
