884.0,577.0,61.0,32.0
882.6370900648831,577.462709495238,61.04369096398386,32.28977571167252
882.9962228650553,579.0653438268376,61.52961847887387,32.35042196546535
881.0436394288807,579.1516678036871,61.68594501919159,32.549462854539726
881.3284688329696,581.7503609601168,62.26504414558407,32.35692883660221
878.6008572994517,579.175031181653,62.909949219455854,32.678563124975305
878.6916767460219,581.5875868520402,62.99099038002649,32.66726404006011
876.1351980679352,578.490481415611,63.495076276239004,32.83565704182473
873.4601513383808,577.4831752523324,64.527817440426,32.66467671701484
871.8669226853366,576.9286656863164,63.60485397014706,32.85729875432024
869.3420464519398,575.1805167900973,62.64078197404996,32.86412511121161
868.1777661347818,572.4869595033745,62.33302058688166,32.83232488973533
865.4495154957272,571.8486022181102,62.18043678198319,32.12229934795944
862.8845745850589,568.2449889633514,61.4018713376947,32.0663117461489
862.2719780623299,567.5686776486912,61.001118338230846,31.852726489727157
859.8549244532148,563.5536050630819,60.82251498517198,31.788496050593942
857.5242914796263,560.765635417552,60.62326152316918,31.72046866684927
854.2164056148512,556.6917439537643,61.22468999100086,31.26569727313533
851.5685223978988,554.1328958693174,60.61286365146783,30.68513599574013
848.8034837649666,550.3053724759882,59.035580077488724,30.423221112476867
847.1455718366394,545.885260802499,58.12635205426018,29.990449464337956
843.0767501937959,543.4826415125627,57.42715757139267,29.224490534444904
840.2447170440341,538.9868804231828,57.71715465704902,28.60054945636866
837.4144616760263,534.9491782961612,57.45463072509571,28.225453222130653
834.298849411176,529.3693708769758,56.88293777432767,28.274579168899855
831.3293219203101,524.6567415268086,56.29136836641112,27.985970681734344
828.526408756536,518.0570461845307,55.407707999623426,27.675763587969833
824.7028451300739,514.084931516977,55.8839520738366,27.296033572491325
821.2256335764424,509.5213070571282,55.884243101021454,26.866840231446723
819.8258856366999,504.2860506614285,55.23297909281116,26.812771113666457
816.2510938915092,499.8415362031941,54.123529380067666,27.12105051841654
814.1922158096261,495.89815193396595,53.60082839051341,27.20960128343531
812.3686452866934,491.89421540976105,52.01808052036303,27.649587979306048
809.1515554815663,487.84389094799735,51.97617065307835,27.753014002442832
806.6201916827335,484.41653424254446,51.58063103882981,28.10610998170796
806.0435191432081,482.3392517804444,51.024427167685396,28.578973245751847
803.5640364060276,478.16981118278653,50.73804657271039,28.292793405911322
803.842320230157,477.3340434003934,50.85433048695147,28.03943273046326
801.4151804893953,474.35142308759777,51.21205845480321,27.33879506015604
799.2849007404885,472.6313215433385,50.843162386210544,26.72049595140891
797.3038986671176,471.75806714222097,51.38733511205407,26.41565892844871
798.501874600266,470.43797185365304,51.79634540396026,26.180178118865797
795.9986981283357,468.61527331177166,51.293359968914544,26.296003669425485
793.7311402465499,466.4957213956759,50.7891538330721,26.19117439614821
793.1129489812976,467.06551572546624,49.867394273732906,25.92263371020031
792.375683210301,464.7307615870642,50.12000198760116,25.28432643524666
792.6689406602234,465.8789633035912,49.517678982287585,24.83643374438011
791.5000991156228,464.69995388581253,48.93678296992641,24.380045231304642
790.599218788966,464.33762981150613,48.72990714863043,23.68614479593303
790.4190100524534,465.3205777099925,48.40729544685108,23.47291928704623
791.0020783454084,465.55614460703714,47.867120164651894,23.449493622839746
789.8101489773981,467.2330829086343,46.71892018485222,23.5710045928877
790.9734034109887,469.46943671515334,46.931992616499286,23.28266892809177
791.0402429474098,470.76633720716376,47.26767389521951,23.773218530008396
789.9243569075992,474.4881603510227,46.59900957347355,23.873975318462353
789.7162472294758,478.85228474717684,45.790222826204634,23.78102620877133
789.058855286059,481.987620063974,44.81467773354596,24.05919895896602
788.8959625060686,486.0001308738378,45.13974613044087,24.372556245488447
788.8732654414391,492.9540411013599,45.362142212825006,24.169920726967696
789.3145513360437,497.33807056155285,44.69613841677988,24.38252892083957
788.5087099161107,503.2219654002168,45.34319112969279,24.716927353863316
789.0648487653143,509.4245876610193,45.1622488805041,24.74222482444579
789.5846444029098,513.8286116590336,44.661491223477135,25.463290597948323
790.214769024213,517.5725353826253,44.972988807042796,25.40513065076493
787.972404913501,520.7960512150639,45.732131090966654,24.91011009428616
788.1792274256768,525.1840697559998,46.49617466524803,24.469079726281777
788.2914147817949,525.9677097669712,46.76739016297279,24.042256857659048
788.9660956677434,528.4653568402164,46.971174753380474,23.56379315550479
789.1647530208626,529.7047227213071,47.4420088508529,23.288064323010722
787.5928447998814,528.7823424459191,47.00815805648713,23.075512862067974
787.7002522511993,526.6295623657904,47.27451380814819,23.058197045762967
789.1938396290482,523.2721593846135,47.36502154756774,23.256645586241845
788.2835667493387,517.0818693079467,46.84738676499444,23.009814850903574
789.638858557599,511.10003036021783,46.262108324255195,23.407071237572172
790.7349735354632,503.7905323526265,46.39431074157372,23.670575614571213
788.9994803688646,496.04972414312573,45.92939924762233,23.9419488084751
790.3104516808099,487.090338459501,45.40192378681756,24.530001181583863
788.3835322790885,478.228090543755,45.34687281975269,24.745433292372805
789.5792242723347,469.0363945064485,44.64002862818211,25.017718494427235
789.6647098841073,459.0615078895899,43.9778006907698,24.294640165644395
788.2359045940922,450.24491517671305,43.67531605595631,24.48321499569503
790.4107815979542,440.91989622504775,42.817230749404146,24.163984100197425
790.4307657369517,431.332393269631,42.95029713937792,23.889206685835727
789.9604097730821,422.2513365285514,42.3875148044218,23.842030617213577
789.9649772386755,413.8715319475708,42.336555532414735,23.519349129760695
790.2035435595126,403.456189830816,42.05591031749822,23.34938486473515
790.8828111243167,394.8244151441374,42.03987396718691,23.061351901666608
790.653682110247,385.25751949449096,42.00644803536537,23.13259742459232
791.5911775000734,378.0086276880255,41.71246616684547,23.19535296135134
791.8237614214152,371.4098979888545,41.38209446674003,23.36002122199806
791.5475218167,365.53852086981897,40.98109772402185,22.513244515244914
792.3640352993733,362.0233843571104,40.53229011902677,22.54173989173628
792.653171799278,358.91757365400457,39.72528024177619,22.879078461033828
792.8058549960048,355.97423489888337,39.93939932195533,22.478844960534097
792.9942725790033,353.3709425409647,39.35762336005972,22.181378467875362
793.3006642236305,352.28876825424106,38.990056440434266,21.584443166810818
793.1029774980478,350.4350933977701,38.96755269433402,20.794112215690216
793.375669807735,350.4744445543656,39.457125960701894,20.289674428866455
792.5056884864088,348.4447874858169,39.20145261702619,19.649739298385775
791.9588813922938,348.8146310455151,39.66236874617393,19.415774224887784
792.0315322366904,349.09528031237363,40.27482615161928,19.00233335718633
791.4720142270749,347.9958601795308,40.27549974409245,18.70238669660255
791.094225424349,348.1512044696386,40.45579811370427,18.53584026726573
790.5092788302956,347.3104119730743,40.56533516167449,18.57763949379285
791.0882021009563,346.56239635535115,40.941447055411544,18.208154066641463
791.7692955684239,346.51538440884224,40.88406206139429,18.464195781924868
792.3000508873209,345.5973286682651,41.29910629420584,18.35105799550102
791.1607538591229,344.6432314218294,41.24863693507456,18.36382096981781
791.8711141114136,345.2727523917513,41.62891893293456,18.11054685223963
790.4051158240645,343.7170094734962,41.09904722149993,18.170274876249806
792.0501223195471,343.881757322957,40.78510844928469,18.098835817953194
790.9525106946368,342.1176680631309,40.4179613988125,18.339775262898392
792.2072187142115,341.8755649202705,40.68199048905742,18.57171561844335
792.339114994089,340.69678147622227,40.88415557090411,18.778060277535896
790.0387739899978,340.0954016119018,41.363392876937965,18.59081298713383
790.6303898412274,338.6374052894137,41.95646732682258,19.14402029275461
788.513966566956,337.0184242271657,42.98682974450588,18.572213740492742
783.4747448819141,337.0180184674799,40.64432127132795,18.44321111191517
782.1900529508483,335.5381934332786,38.60812957193626,17.938345494282622
780.3660943827149,334.5201482372644,38.04002803144531,17.32801254646735
776.674271762646,334.6900005528275,38.75858843271585,16.71886821807545
772.7107044103743,333.67245015516414,38.87274248540363,16.357484638402127
767.8650068107305,333.2689904956487,38.59473918615628,15.866842311925161
764.6396191103838,332.0815911417351,38.39883947698635,15.290415738990813
758.2979909855628,332.07896644104346,40.200900658269006,15.551082010491157
753.2081515296367,330.52085740774106,39.556749919242264,15.94032558979134
747.9610402245446,330.12439377007206,38.799942561164805,16.392798763566855
742.1890091668085,328.60145786420736,39.5308790662852,16.591983258401676
735.811726223274,326.56951433004144,40.89276764622543,16.554803737378016
728.4180032611388,325.3154595190359,39.79375421990989,16.437356413588294
720.9505613165933,324.7101135889724,39.40441935900086,16.530235163363876
714.6431102736356,324.12877784713464,39.559146884369405,16.777753143621318
707.8110526474273,322.43404629677565,40.380091970770316,16.72757238447609
697.0996581036871,322.1841151233064,41.236093338524135,16.579828835418436
688.9907719674445,321.64697745455635,40.82921656315793,16.366460740301388
681.7612336402294,320.8480692632289,40.22476324932636,15.961507652741394
673.4732885910297,320.3197184276081,40.03223598932726,16.065587864022106
662.4827323749942,319.1341222637787,38.92914279395702,15.966428018829342
655.6867702227254,318.19543470977044,39.177050069685976,15.43502779725602
646.4108747607729,317.57108149840997,39.25854222650102,15.462786954351964
635.4945595676284,317.52031685521894,38.50949994433303,15.404816118663659
624.1600443554714,316.10092484240886,37.74559274657662,15.05221678246744
614.581560741578,315.62112105300986,37.29988358276215,14.849783650816262
603.4809752385738,315.29179537796705,37.07461721084053,15.080830325608881
592.4865590552843,314.97394818371123,37.20090074929473,14.993143671640066
581.4280661411416,313.76912184361925,36.74102805707232,14.804522120867016
570.9692952946085,313.6395157327622,36.40169566566586,15.248182584768509
561.3463078224007,312.88132142676466,37.46916566623365,14.867636687486272
549.7108151049163,312.7107949494273,37.75419681653473,14.405581426828974
539.6761386733741,312.64494625535804,37.7668175018845,14.80442969387378
529.0263583920582,312.0785819304173,37.7880806402,15.031335589849029
521.9511239069002,310.61965909987447,38.05888042106287,14.77230136812218
513.2332675648728,310.2384912564835,38.70067068080131,14.666617950900203
505.1048687192966,309.93687510384007,38.75196300085997,15.353910925132363
497.65513547853607,310.0475624768325,39.004517861287276,15.439901596627923
490.8047439484952,308.6817410928384,39.35721742527531,15.738515189811412
485.09143254034325,308.0822010598444,38.79707724109087,15.705516703553382
481.02578411660716,306.89301717738005,38.88932684735204,14.865462532446932
475.2517644233452,307.46208091103193,38.76697133641508,14.916238873736944
471.1515728137061,305.97575209602326,38.963623781767524,14.542018451996487
467.17871691822313,305.5130340617661,38.800929505838894,14.650460807131854
463.2820130758877,304.60483439827414,38.7989117754708,14.698030788412694
461.1277857142321,303.4088070041594,38.954992231203725,14.820455144513154
459.108772908719,303.28023882311373,39.179579426702624,14.964531509046
458.0302325487607,303.5358895383828,39.774465322400474,15.23754709510947
457.32990674629286,301.7993097769832,40.71888676376187,15.21508589036954
454.7382160715041,302.2544545129632,41.011871995175426,15.372606477003231
452.660955057858,302.45805107609834,40.926388529303544,15.292668599756432
451.92908397635915,301.24604266821336,40.88593452530904,14.92434227587798
450.0248328468802,301.9945920328049,40.405702348231756,15.166074113101132
449.85811868468636,300.9284332417076,40.422396358654645,14.983557100569264
450.6099768146109,302.55373110178425,40.668985274586795,15.257177078658055
449.7089742467889,301.39264298305756,41.25516246833632,15.494628889841891
448.42422440793314,302.31371328709344,41.27634519048137,15.71340136770764
449.41672687142324,301.0973227865019,41.31663933576681,15.76369030346114
447.6013071417759,302.34819256953284,41.2149272203544,15.92095494882491
448.7815789080429,302.46400046541453,40.81967757209782,16.193359847979544
449.1187401415249,303.2121963571644,40.21004474136424,16.49766539113996
451.01274347567795,303.75062786433864,39.87902354669094,16.845889351889106
451.4745871001267,303.3931100141259,40.48405333880911,16.978710696845827
450.09622958197804,304.1773187257301,40.686004581161114,17.039794616410838
451.2808350635962,304.126192709554,41.03291910620605,16.85454817464203
451.3168975032417,305.6518941921225,41.01635910728615,16.52319220657538
450.8178594428173,306.2011632960419,40.758385118271676,16.367868415240416
451.78350847144486,306.3913070712318,40.688163415996954,16.496400444938764
452.2071639478036,307.4895641661318,40.10473033193178,16.54306557642778
453.4999401999391,307.57004315570424,39.95512906057101,16.56369481652125
453.95998620735924,308.4667801688039,39.428759579910476,16.615954432900025
454.1534234481442,309.96533131656065,39.000014981152965,16.90777730828496
453.81096706076204,310.3390395318604,38.39439278277282,17.255484168701074
454.6163245854772,310.9365981972339,37.80446783344014,17.008944718813524
455.07547146734834,311.2752169222116,37.684361325557184,17.001064568662688
454.9661334541976,312.64484936847606,37.36323480058924,16.862553460313546
455.9170563995323,312.35421921251134,37.211831414802575,17.14932677273126
456.05718539264353,312.93717029277684,37.18068078941995,17.151713796770537
456.6066997091387,314.0698002460905,37.35254906805072,16.791216158209693
456.63521206635903,314.31889221346626,37.072280640231156,16.578859860176905
455.99263515764596,315.87472085668963,37.11523932826276,15.584611326171542
456.8879986185167,316.1607484251304,36.970081254177614,15.352254980793882
458.13659197714475,316.7529660664239,36.81152521319102,15.303996761195213
458.3058495967403,317.2666971214422,36.390581995484254,15.514709089635163
457.9729385981876,316.83199593989275,36.07268512051934,15.730394411718418
457.6861027991545,317.90040283118634,36.133813993976155,16.329595948955436
458.27913625152,317.6585553631608,36.12770924744829,16.07264452270186
458.23935534605135,318.06006981487076,36.16856713992858,15.509376971821041
458.403107618292,318.225318939335,36.21475796898244,15.411117492423678
457.67179805390236,317.4724240452807,36.26277291074996,14.8179845510401
458.1451089230556,318.3196515962404,36.60884526424037,14.524553313866852
457.29494852041626,317.9113523867651,36.58605205584719,14.135196227446372
457.3364872130581,318.2679522056756,36.47869793716511,14.458228584254213
457.73884801939727,316.98247810941825,36.28014697878364,14.353784625890015
460.723308137619,317.0997131957824,35.60173882730107,14.533270141638377
462.6484582978205,315.9971062081122,35.07764852887061,14.341282578892807
466.8883300858691,315.58672683011247,35.040959151992254,14.44281831243131
470.9951319583338,314.3540498183274,34.83778478938717,14.44012424029838
475.79004204573073,313.2507665951794,34.714372390472136,14.380333264719273
478.34654832794394,313.1104454280118,34.392566185909054,14.680522107843558
483.0203029286211,312.0541439434275,34.78385703338276,14.587001724961445
488.61291102034977,311.73625560673514,34.18636362824576,14.761917192291389
492.9251758461308,310.30319984170643,34.10274279016027,14.414283605161405
495.78520574529045,310.1007458975195,33.84510822377454,14.442169703984419
500.32608592578754,309.74110190518445,33.61557412010461,14.386440903986568
504.1466078435833,308.98032982131156,33.26011378060688,14.911776880814433
508.84083612876157,307.44603506724053,33.2570331868128,14.80908648172984
513.0830557408314,307.07055475653686,32.94089840603252,15.030094100207531
517.6585198996389,305.7204025607444,32.55973784964798,15.188055352144035
524.4553409012287,305.00750799205514,31.59306423025741,15.133085822530301
529.2068686747814,305.26012824032733,31.196591324753634,15.578055897275043
535.666703826862,303.8905590943746,31.060085998619897,15.888635839571087
542.1949178289406,304.3084464944484,30.721713719560213,16.03278810241185
546.1770299040617,303.23533564151796,31.609845526349297,15.726724041671131
555.3940116668947,303.73750326411863,30.869844097851125,15.997840456626077
561.4762372871367,303.52356145021406,30.585657139593856,15.89516072994298
567.3039885074869,303.25479173467704,30.470254796549526,15.649619106329526
571.668536175687,302.9479121780785,29.880098363958133,15.45853050224135
574.7855595671062,303.32239832973573,29.896303351139,16.023072908399648
576.6416210738699,302.3910378006878,29.95518406075619,15.947752279483803
577.9582027893961,302.7391641044458,29.267630676090725,15.86752750399899
576.2607238926004,301.51208577517684,29.4068435356,16.082159321228396
576.8465537040469,300.3029135921143,28.932716566515744,15.900665430517543
577.2118244317188,299.13456919834033,29.046146363613225,15.79632943779195
581.2396120801249,298.01447056636357,28.52668862051197,15.507222197350954
589.860473347389,297.46103132073324,27.653771017624457,15.160861247693681
601.3355440722576,295.93354710245086,27.62312419679338,14.826158358574789
613.1628036164217,295.9297189120789,28.62415320416836,13.82585728082273
631.0290467567622,295.27503025800866,29.454784904444246,12.400836700779585
655.0496612811302,295.5606404203663,28.38087152953657,11.82095701327131
677.2060482306948,297.1671582988545,27.14112619486036,11.264468802681716
698.8513961127668,298.37578150395933,26.969288768118705,10.900712077530606
720.8190536617748,301.2568514462758,26.76036069402853,10.599418140163316
719.90989588954,301.851663948353,26.619798675021425,11.068263289817462
721.7849656274009,302.59551500706834,26.699668659748955,11.326204788109404
720.5612023835688,296.3807020955715,26.03663759126082,12.280061568134368
723.1461657424267,299.53588010721387,26.12067052930681,12.285753213306682
731.6824127960051,292.63737555214055,25.12060226443514,12.544760309293126
740.2240999904149,291.00855332541784,25.90904641809616,12.598783852094012
741.2714818641402,281.86515618563607,25.92836500707114,12.360454535466143
749.7876981970089,268.3753734991789,25.485608244654113,12.08628913445462
750.6680289934953,262.311852016708,23.53936925910303,12.381941718537169
745.4693753497689,255.35903622249808,23.841244265061803,12.459001987376867
739.3648389328545,243.71380259999006,25.50640611866616,12.803988885713247
742.4508455319326,249.0292813552554,26.30252493955269,13.11748938299505
744.9986007483943,257.7422935133803,27.965124553015958,13.784726785495357
744.6362385963793,249.6433851035283,28.223616557241538,13.685248988500053
746.0614006706205,251.60973461719638,28.302743397528566,13.857927158429508
742.4001713611212,242.07755648248747,28.6452368065661,13.869808452261417
738.6337259196547,238.82719926850837,28.8363460732883,14.312600516938334
731.8691159948102,235.67575905695935,29.025264409305482,14.378840009860617
729.1545343776872,235.13814781881615,28.824941559566945,14.975760484193874
717.5451852709974,250.453031405493,31.54071008544655,14.908996850879273
717.5098709290982,250.77218317364427,33.26300350313191,15.039827836061054
718.7616445849548,249.35213269361347,34.17376283204366,15.244117944071862
713.5098485228067,250.6440642416027,35.91401877469901,15.055770289987944
709.1492419188337,250.98518338826653,36.6562433351842,15.341473280839994
701.2251457571308,251.92691184485824,35.96708214296497,15.441414805156551
700.5059350510118,252.03510015158506,35.38332490530076,15.744043013480255
700.5220570498489,251.8954136600555,35.39613248233357,15.951592876422184
699.4542249348718,251.42730520925767,35.30956007898683,16.198028589052996
696.8089225529634,251.2863292017371,35.17410130520592,16.404106275480913
701.5160923724541,251.80411801975367,34.76240143673257,16.494535719525885
708.6686832188977,249.4096319181159,35.47777333271229,16.616454700145137
711.6448697669542,249.04089928643108,36.194032743923486,16.636848430311638
706.4314672585267,249.9969516855478,36.99967534622779,16.70063474535946
703.0595073781543,249.7255195556893,37.608524306191356,16.71419450068199
703.2717563531176,248.94711078885547,38.39993822149917,16.700806345873055
702.5174999660751,249.72753592267668,38.558124457498245,16.787775597273612
697.3583020824678,250.65479904713226,38.41501814951732,16.83784376974914
695.0519326688244,249.95327849761517,37.987916278562196,17.015634624642676
687.2248844247707,252.9862973140949,38.51225202448201,17.13364850535509
683.3483576835531,251.6666766680323,39.12872408601886,17.32973641613266
677.2806220098165,252.54647827681953,39.83014391982009,17.6747703445543
670.4898291859708,254.49877151547977,39.54017805383951,17.907894438522884
665.6173337459232,256.54877710586715,39.37795000082928,18.074484820248077
664.0395704957499,255.74231956471903,39.279127746293234,18.2999334718803
661.6873883388638,256.705961515887,39.341325922370046,18.494880099329464
659.5686334005629,257.4687161927114,39.31148655580773,18.64459504987997
657.5064711990889,259.241427983822,39.21073619068934,18.76030428015867
655.9917437996386,260.52090170323726,38.950022227382945,19.007974578144573
654.0734058716769,258.6729233009977,38.869873742486085,19.147885850397238
652.9875965021992,259.9924983410615,38.653652210445514,19.330490225835998
652.5278605469546,257.74441811930615,38.55584354232133,19.396780063877934
655.6760055558683,258.16954338712253,38.09299621248207,19.692533251389662
656.9875961751255,259.1393378080313,37.843594270842736,19.97120612832209
658.8828578570123,255.88926089036798,37.75021446175685,20.082512612574575
658.4906969076442,255.6295979558747,37.65489005922347,20.179009807244764
658.9187898429154,256.42666415516226,37.57261471114168,20.2659839760524
658.6878801417973,257.10989270027983,37.34416464316318,20.33834677107119
663.9315356836466,255.26500010546243,37.31943900868323,20.347826479748967
659.1490524100985,255.9789913492803,37.23097843175605,20.425657590746038
658.3875029434737,255.94907365487475,37.18354361256423,20.513912474186064
659.4109861454557,256.35631361754145,36.96262701328793,20.627586540551846
659.2847751624016,255.8773761852942,36.91345138418106,20.72161557985108
664.6095556422982,256.7667777722596,36.67147556843082,20.70601888785378
663.8540990348664,257.6697046701776,36.14572191317725,20.789042960670123
665.4071351201009,255.72894117685152,35.74848915921227,20.865317872127022
663.2347003755395,257.9816135406652,35.43706287196784,20.99410552975357
661.7559082157302,259.1894871333611,35.58076627117642,20.938389472291437
663.0736521293644,257.09969826004436,35.492214479064074,20.828790278007
661.2756496549342,258.1896477450998,35.05593183026819,20.66724000174372
658.6029985456605,258.35852805526815,35.50043143651109,20.554241344297633
656.7199161941392,257.7403527309624,36.26050788271786,20.386745252186564
657.2592172885561,259.12274856041864,36.23733324515336,20.36354600050059
654.7440707459565,257.44605466830683,36.36093382546979,20.381835518122703
652.0666840886172,258.16863215391544,36.27723057764845,20.517559758331192
653.466707998708,269.36266357521964,36.136080157369264,20.871989591504082
652.4483714501602,275.08050391277675,36.1371926465547,21.008627947151634
656.0401979350073,279.2336022923016,36.20701105137211,20.977402196402604
657.2954903668926,276.8486290808673,36.16504648789441,20.93716795520882
658.418112346286,281.7358877552738,36.59424863506477,20.813178560497317
658.7297533332228,280.7086578991772,37.05351671001921,20.801979703354586
662.8441326200531,299.9123711760555,39.1063896060852,20.335776294129268
660.2586484627748,301.47872412247506,39.36579023265359,20.03539919767689
654.5828602351501,305.0742358783238,39.21188115323507,19.595153884221567
662.8021819699183,301.05346027387793,40.446577527448625,19.36133735629684
671.2687848949164,318.7562835066576,37.82603952413207,18.56355527062033
673.8674873954134,320.05755783448734,35.65400988934895,17.950745079316384
671.2381452039069,319.8297999864801,34.69212084706898,17.151027010682306
669.6201660917368,319.9782877495837,34.117959442503036,17.446702851662568
668.5828755899353,319.3434655170725,33.431042948547486,16.33483181375535
666.8954820371756,320.6910200011429,32.886388830922215,16.207120916903676
664.9519923118372,320.1924136404268,32.544150752302116,15.974810933257642
663.3264464704649,320.70634539477254,32.4920502963749,16.02993234888267
661.4615555077321,319.8361996687325,32.90215296158656,15.525915329283091
659.594344248549,321.2147673716977,32.9099366860076,15.581760575208106
657.8585081196028,320.0789490797178,32.50811956401705,14.98194482762499
655.8350495714457,320.4112475151936,32.7955456935345,15.36696190931007
654.3978367675462,319.445919483392,32.999698474184974,15.02941423756167
650.4437913466063,321.0261421660457,32.033018197900674,14.48778906268393
650.128454884222,320.8118854013644,31.707201559680936,14.664967448003651
648.3370279570025,320.81241244830096,31.824486871639564,15.174899682255486
646.6383736075154,319.49355254098805,32.132150184871534,15.098248769342234
649.2124638340863,320.1996062304128,30.537673039835276,15.297469515492745
641.5255403034678,321.70210760774034,30.893545247556602,14.97316134091583
639.9781154223579,320.6937151477599,31.597518239757044,14.930032625622749
638.292014459993,321.7494871281399,32.079232493588336,14.832023210761218
634.6871345565156,322.0831887060507,32.002973928961005,14.448570860603684
633.2594896134267,322.7405104220314,31.984408224318578,14.58201702825166
632.9932134508737,321.34936571699734,31.73661081797919,14.421305644862702
631.4426799257953,321.34259977675265,32.02053919626081,14.841468995078644
630.1672976830603,322.5364678192257,31.801726655363893,14.947949829077835
634.3862063810141,320.9046414958722,30.056864276546037,14.791482236527003
632.4766282214765,321.03051023397813,29.27165047843373,14.73390522174098
625.8213913261175,322.1163781362135,30.04435113682764,14.424672469028138
624.9715149258205,321.4232463630339,30.767999201093257,14.26757816626611
623.09622294587,321.88192777461563,31.096105438826555,14.54056873665746
624.1747729426833,322.68802929255133,31.302874158578742,15.239530556742999
622.3917882330903,321.99068658618074,31.656631968877903,15.137931484620964
619.9914739071022,321.73069317690454,31.703751099369804,14.803876249950637
621.206476197573,323.06628136819904,31.130962399775775,15.570276161306992
621.264764262475,321.63854944314716,30.71156797163202,15.724766500668634
616.7207708438739,320.7227669217169,30.927904113033552,15.643360046947063
615.2944142357876,320.65862006009723,30.99897823008507,15.185205100752764
613.887896158801,322.06681709943825,30.99244193532772,15.04505766513717
608.913138050464,323.75217918374847,32.125788413232115,14.63111297649717
608.3110173547562,322.0952227070682,33.119168598593,13.9784960836663
607.5992174651745,322.25022392089915,33.28065289924075,14.330938724363788
606.3315227842035,323.8668151040537,33.36426766401504,14.252640696433584
605.4044610960957,322.4225570975023,33.045920947456935,14.637548005923145
602.9702616500093,322.8014004908877,32.77109321609468,15.33068977139839
601.421202585735,322.4541830081458,32.22159781925248,16.020386882878363
601.0279135545212,322.210120911673,31.1167574246491,16.106098661273098
595.8017494349851,322.79391448992027,31.50785214321331,16.10625137294263
592.2482720026003,322.100235694709,32.33861529655713,16.00021601902923
590.5254746220138,322.99715304615137,33.34893021153873,16.053274626691422
598.0764180577896,322.45711039099035,30.917323796530027,16.60551264697433
588.880819614595,321.4638194099965,32.19919908868114,15.651558109938636
586.35410050495,322.3266763379149,33.755658548205375,15.883760513867546
583.5292007185385,322.79649483876074,34.17884221526665,16.232743507292966
563.5685324424916,310.1365974644601,32.193284083522656,15.65941081448798
563.816084880504,308.89788938332043,32.016027413064286,15.65689991377907
562.0231395576828,308.6281229422511,32.24815829308164,15.779059138691244
557.1392373501353,309.43116304330084,32.60782061833281,16.05121379987292
558.077649979197,309.1033823664315,32.82034319956511,16.28698297831858
557.5161301953551,308.5271670170247,31.836693314123774,16.356718669808036
556.3454908125767,308.6698610278457,30.91707730428991,16.428195577365262
554.2579692426925,308.6802470404962,31.61986092257394,16.30940872052123
552.1753077805706,309.67083146589056,31.12122052894676,16.37725872959581
551.1070234263965,309.7811565197172,29.95571861961921,16.074111978876232
550.572190519154,309.3573452194332,29.314332493186253,15.980076559424553
549.3062908187653,310.31674230344044,28.638536068768087,15.708598370414105
548.6538083117955,309.1526228490878,28.17797526483673,15.255015074529554
547.2709430073421,309.8359894622149,27.918956117884218,15.14945891126359
546.7363161703382,308.94208202221074,27.45708186220439,14.821360400158596
544.098418364165,310.08563300365006,27.635854464297033,14.820978713158866
542.509793666885,310.89803065992896,27.65926474752892,14.9449321798979
543.6707822468654,309.4954905028479,27.247680348798514,14.71622953507578
540.3652679559084,310.19387989893545,26.358563972216405,14.55958593577167
536.7008444058703,310.3439265307102,26.110003235378606,14.193254268901889
535.7471458313227,311.56104696260536,25.14571154170045,14.105487098959175
534.8068221794263,310.4789451242904,24.963797810336906,13.781043314651548
530.4171214239376,311.55450901605116,25.952534648462787,13.828287418337098
528.7051891916532,310.60716862692885,26.246447635980854,13.901366328905933
527.677082276785,309.89612395326975,25.912761258197524,13.68614183345069
524.374160071434,311.0579776527433,25.471509416458332,13.600173997491886
522.2762319887321,311.96010018109007,24.378913433424508,13.424514756228028
520.9625618534525,311.29113207867454,24.023503765018788,13.491416720336499
519.8018209616555,311.0729637467411,23.882316176054253,13.438434536547096
516.0076489568319,311.5214337486079,24.424838042146696,13.098310633887772
514.2917687187448,311.017018390712,24.5283438186138,13.13742241657406
510.43711236162983,312.20564276433055,25.164246498664166,13.302806725977522
507.0887412551083,311.50427901707764,24.291782473914264,13.386167765405265
504.78462699478104,311.329824806196,24.561662605896903,13.461531875645138
503.72257470278026,310.1171212524769,24.835501686968737,13.2840031920676
500.45272632036097,311.9561490348751,24.333572475244846,13.201749934400114
496.72434923016516,311.7202728558864,24.67762523962089,13.25503000233862
498.30244740004474,310.03116174488133,26.83391364107267,13.447636684797839
492.26959174056566,310.99773532785593,28.353955404366687,13.8283856980479
490.55178265148817,310.2453218421804,29.459052952638867,14.021010215785767
487.71599463577377,311.59233823217767,30.357420365903643,13.98364705249033
480.9508804351254,312.5494859360197,29.60439223643865,14.198875875763271
479.37915435312465,313.509390347444,29.533130350147154,14.457640661313102
477.49883376731526,313.5339648553624,28.837968604285457,14.735929999968583
474.0366832552083,314.8059832528315,29.27222598836273,14.822905167921048
473.3348900593679,315.88525581744625,27.88382782193802,14.754295341425859
472.07018189334644,316.24062171997997,27.29867353630513,14.572929075909215
471.29672563948986,317.30173347955446,26.257184249584746,14.27011015881099
473.75424372329906,318.19011820660046,28.18668390960311,14.264291022101823
469.0561997502681,319.21072403328736,28.710266667676713,14.382991478103058
463.6532287981712,321.02037810710596,28.673671645600912,14.644374858786104
465.36209907740283,320.90912305105,28.32906646311427,14.837046408886334
468.7673627041497,319.82817798508626,28.664108057276763,14.985897905559865
464.47455739082994,320.943593893191,29.327683466631182,15.109779529291774
471.2408428239899,320.77854870042756,30.407737722381494,15.406437907982818
468.8193138588979,319.51659026176173,31.545206358131985,15.632114123693327
482.83367534963793,334.4808317036147,30.524173806339427,15.089121657467945
488.0024848912164,333.19024748249706,28.302582555213647,14.25824175985935
485.46292753720405,331.8482568705421,28.0308977026915,13.57979622595681
486.8367885039043,330.107133463187,27.191554370365214,13.46054920521782
488.40704334317587,327.97634631415224,26.002216566822128,13.539758085806833
489.45789822192353,322.20355752440065,24.400071933838436,13.394829683864735
488.1803871980502,318.9994917774479,24.117706896624206,13.111722774449937
486.68961838670833,315.085544702241,23.782678052022742,12.968410259824575
486.86563784136234,313.5078838637708,23.84858500453118,14.086881961179115
481.8888283685592,307.09079639978705,24.85760861322343,14.220495365709052
488.5975635355645,303.03719583061394,24.25733035684944,15.76916378921154
484.43125781063645,302.19365625935137,25.322920627506434,15.894093883885098
481.7204481915951,299.1278111726959,25.94882453355782,15.718121093328923
477.7010407443131,293.7248696574477,26.983717919332776,15.590623996872187
478.2026992249924,285.9849865107023,27.532906451138253,15.79680783186689
476.95264077633135,279.7621719365728,27.956241121897836,15.862577055809389
478.4079566844803,270.38309148445774,28.221962760189747,16.026209761797396
478.2364078891228,263.23362898247194,28.428868029127493,16.039268982077566
478.49714583575553,256.56763016476793,28.353162399533893,16.115811600395766
477.0993866444263,248.6052320148838,28.44316015230948,15.922199697039053
472.6540349006804,242.02954900911612,29.217194938629394,15.83345340388691
474.65742126934026,230.9365243538676,28.171405477676856,17.823923185575325
474.71347662476643,223.2258758539795,29.70259768430506,18.790554047656283
475.95607191717363,219.6383218135312,30.152107111697656,20.053392536267694
476.2342089914604,217.23256354793932,30.84013380540931,20.759722605049074
478.03732936398825,215.51922061263963,31.00810875859572,21.093635038148488
482.11819806061027,214.67365146624172,30.857212734980678,21.953443985241137
488.9030292039984,211.12231733512343,34.08960580709109,21.611730533610594
485.8752879674738,212.2904190906312,37.06034096568709,21.78378202747785
486.6670898875878,208.77815170321875,38.47521887594749,21.702512358943366
484.1516903262414,209.592427310852,40.01363213438247,22.260255699340906
486.1221944416053,206.71655877668664,41.64142578353748,23.09341366610916
476.41155154479134,209.43924817219428,42.085843901384074,23.61251241415638
475.391530409048,208.2182983757249,42.38150140724578,23.874526142837293
481.26077751174137,206.784962067795,44.38057128877315,23.973254422759645
482.00646369423634,205.18895953117266,45.49869599409564,24.087042943269925
480.41246307601057,202.44682685189778,46.2932340957816,24.44997041119465
478.05630641078216,199.73383097833118,47.638695619597826,24.66580285657004
476.48307061716474,196.9958201588169,46.684154023238875,24.98858047704389
470.72675734641007,191.37330199102482,46.117801072560724,25.33939073840937
478.01085035725583,186.84996337592608,46.19388690145513,25.443517309427126
476.85194364677193,185.72928349585683,46.7394835255479,25.542161615464064
475.0190008051155,177.4229361398871,48.001804755735705,25.98873389088007
473.0540908307868,172.97669747049582,48.01737909892446,26.537537523607952
474.6842813787413,171.10774420095163,48.71047395516393,27.10489657734481
476.45226494191826,160.01889803870552,49.74463622334127,27.256114902813593
477.02092591742837,154.74230935699947,50.17829815903974,27.72234768614753
474.5229272582334,153.4184269144362,51.073404364148466,28.072077903305317
472.7174628747747,141.47398646185,52.1927102062612,28.508383124884027
473.91942543472675,135.36128666284674,51.79955779143514,28.766238167226472
471.3925073403674,134.84623097045238,52.82168621648205,29.086754825452637
474.2084047024808,126.46031154673946,52.95775953424747,29.020474166042554
472.42649010598166,124.36291615420471,52.783994122753434,29.404168759705822
474.18623123810914,119.11186898160379,52.859940325295334,29.404447309009225
470.43142501465593,110.4131242237092,53.91741959349089,29.987361629485896
467.8064321480222,106.70202972602429,54.4570934371099,30.272435146340076
470.00247564546305,102.63412879753997,54.382770724454815,30.649203800183724
472.2168021268797,99.96153096003711,54.79104708291049,30.436171936126957
469.20797550548485,100.30964556275039,55.0361630942549,30.48699778441132
471.34727720726323,95.60478968276352,55.869818601831014,30.748714549267866
468.0686921954264,96.90614624953767,56.43759348390306,30.444493847360206
460.7978608911914,99.75291730915687,54.3406757701074,29.89813800741869
447.33426842327947,103.01735272250878,55.479698474485986,30.10144491508986
444.04413627547524,102.9787541836739,56.35326721345385,30.53266115779869
441.2860729750673,99.84225545026474,57.37865589923058,30.417841241804506
444.4422175184858,101.46428048294999,57.91220726649523,30.63581205045745
441.24555370526707,100.7220387321709,58.20450645054989,30.595698384046862
440.51069523601404,99.87582606067139,58.409864868548055,30.540183663569326
434.0957244135446,96.77161646498553,58.86682067364329,30.669623362753562
435.94583689336054,91.34105662853929,59.30461146108168,30.77615014013822
440.57675595228056,71.33110993596387,59.72723684421811,30.25211347157814
448.6265342054892,51.48613469032883,59.628748453035314,29.41470495405913
446.57750475172446,51.49961598295842,59.48916697970536,28.402497617823407
446.753159785658,52.55171725035133,59.17322678488512,27.71637064456101
448.7298850789015,51.814670336662836,58.72803120328102,27.298359369398934
447.2323132106795,53.101845742262626,58.530410657498486,26.354181287691546
449.7591549098732,52.49156740965071,57.92266536946261,25.735962318149742
452.19547756638417,54.23434990882633,57.43606741972192,24.53764402390007
449.7605303503824,54.13211041251783,56.73877740348325,24.421963104407688
450.8855538143472,51.98308225538679,56.14609436715527,23.805331308318216
453.5705347369689,53.87425925822014,54.99633210687277,22.84539551554214
451.07286625436865,55.61890403955657,52.741226567190466,22.099605708728667
456.46138175325046,53.028207389872335,52.38248475399712,21.973549667276817
454.7428137532974,54.67291805921077,51.30929055370787,21.47258047703744
457.72133103031655,54.71097382983791,50.7806465025993,21.25770550804878
455.5549412347104,55.83961430278063,49.44802082037415,20.955807862944592
459.0125587618001,37.05397759553425,47.69559704549155,19.910755899019392
457.22855865475213,38.569841477953574,47.216737518376604,19.317825131251055
462.3973063792492,36.003825634533264,46.49406445707775,18.81760126389246
464.2312191146976,36.52055947336072,45.52229916684506,18.382903727839107
464.2612897115558,37.826760460364056,44.52206397898805,18.19573368742618
473.19173765326866,53.77118315682554,42.645756718609114,18.375232410714144
473.7768016338316,54.8829172371841,41.270474338537916,18.408729887204053
475.6592562069341,54.66116349436093,40.60166504584855,18.631633429979317
476.08930807121607,55.05208641974089,39.55186405165967,18.691973553340485
477.8161278384367,55.023161815931665,38.318553801886345,18.72903266086128
480.0248992224816,53.38277549915189,37.15760283067154,18.776208492663017
479.2898078054281,54.93852299324531,36.09616945384105,18.725077274007432
484.4227661605433,52.78556227217685,35.728430844196616,18.75466204622247
485.2854139117051,53.58380378873271,35.423827785720604,18.76831695256388
482.4981242251117,55.26873508323007,35.46438768869261,18.702806170209787
484.3998052239844,54.48470985717138,35.19487731448235,18.71903014527638
490.3577977183537,55.75514089763241,35.422965812071844,18.531477695701977
490.08684757102986,53.984055179350534,35.63029426834069,18.60680648089855
492.411434006719,53.846895359247206,35.91129717821244,18.6964337382927
488.3888210793107,55.3449149602685,35.05314168537284,18.69305505871105
496.6107573126786,53.048211118896155,35.4003687669768,18.84268374975652
492.4431041962715,55.10465915782521,35.11742701395114,18.903112256859345
491.4039181383557,54.4954384729489,33.7396986659155,18.71905728872134
491.95555834763394,54.98846414277199,32.9835175515583,18.699726530129855
495.8830865500341,52.78939803947301,33.29221847097681,18.61234695694266
492.2044970947366,54.597408380339175,31.60278941038033,18.15172178302283
491.3132447778899,55.9442399420504,30.379060828741657,17.889752690362094
489.91534437119515,55.318027639586354,29.241115304240548,17.678981494508935
493.1572343265586,54.78714121553258,27.903011052693437,17.320252633632105
492.10529990369804,56.352445433526285,26.293005081519887,16.476890901746263
494.860248446025,55.77190939941596,25.381511927530045,16.1347891418419
494.8171210356732,55.17477410972806,24.35730074481567,15.649662138209889
493.74518506114174,56.2353239110288,23.76196065774583,15.14939688619435
498.57666919013235,55.51637685731734,21.9463205857998,14.52138065426181
499.67282619157874,55.29698962199553,20.970200735739052,14.256961460354642
502.0309473905945,55.59603353154705,19.65898000518792,13.585906111954724
506.2409464250873,55.65323430327237,20.464941714034314,12.841514944480645
508.18528064388215,55.344607793068775,20.867288901444653,12.549946858930813
507.8589209498568,56.02385242815064,19.66365452972983,12.668172676657704
509.5269913901439,55.32548931976543,18.763510658432914,12.024375364375391
510.6467536821655,55.46697904218223,18.21753999895016,12.002866714219522
511.1463109324091,56.5872726964655,17.803775535084174,12.01485432630729
511.0735342336536,55.721462315317304,17.332953963112658,11.753799307353674
512.4896290422181,55.352967520546976,16.807919955114535,11.726762255048623
512.7348269218187,55.81307625303373,16.78816247105986,12.112937459752857
511.90215325358065,56.357284526798594,16.748336315104375,12.400150337271953
511.35736877373614,55.18884411784143,16.840510713025775,12.195172482090587
509.11023647977936,56.15845063710893,15.963425966222545,11.83519833515715
507.3228594951673,55.41541671025988,14.919588626852917,11.828720107312266
504.97176692000005,55.98153467015432,15.128762302578064,12.0897947343984
501.44682696548944,56.129831678858,14.700302062673465,12.08718799116096
497.7742507974405,56.053443037737004,15.062895194669725,11.85000784542443
495.3868197091032,56.503347245995464,15.785793565192096,11.826568905225873
491.30334558412403,56.21368192030173,14.903509332240246,11.675537618136776
487.09890377529877,56.610177459979184,14.763728856873117,11.811276549768191
482.75906128076565,56.386866005883796,14.87384521190624,11.576499158886701
480.0053834040936,57.0059860701781,15.154646094644805,11.769472409204337
474.5868189976825,57.57979946739353,14.964038243648702,12.005638491970757
470.231207247306,56.94378128211996,14.546580561540349,11.757922360076487
464.55504365990805,56.73822582361195,15.091065481697523,11.987873303947982
460.2929005362426,57.664755261232905,14.501753859155421,11.924517797846688
453.81479642960613,58.27880328455285,14.406272924479136,11.882083067124764
448.72861839279244,58.89297975271666,15.230907898253033,11.830827451353786
442.65862786251125,57.90487728719438,15.175778637770449,11.945055758863191
436.27433632224955,59.22134362374324,14.657057793733347,11.840039040355315
428.9614977205447,60.14115684244568,14.082249767650872,11.702683110762937
422.3084112042756,61.07314022441642,14.043616129046436,11.442186195454273
415.5078846376147,61.1773684020493,13.703427044350661,11.663520337014686
408.13062176996476,61.70970601435247,13.674902242541132,11.581011402691544
399.84782333875654,62.128024551963826,13.893521871070899,11.609894804763755
392.25282157944935,63.05141958893007,14.127409667028992,11.67352038024534
384.56416701540167,63.79794666703391,14.532440200153733,11.811634589516157
376.92022392233946,63.72218707381934,14.90482193071173,11.914371427312489
369.8511623773175,64.63077715089486,15.139487379154033,11.883202015348962
362.11171444772845,65.30302643140183,15.027589628713017,11.999663842518611
352.8946198847024,67.09228572685758,14.987527961308096,12.214232257222323
346.1037663369967,67.65688772807438,14.913591593584702,12.228209101956715
338.03163937900337,67.98150068705306,14.808482564014797,12.104308959145845
330.70358586951056,68.77633974019444,14.040521132072636,11.992955742999794
323.1804961086651,69.52014492375186,14.197536682816196,12.157177956451374
315.5279561591757,70.50445920252035,14.028915104744323,12.052994131580391
307.69597075438014,71.3325779871068,13.724986591825665,12.063550385649666
300.8814451354731,73.0478849611761,13.646503039600756,11.842340429210306
292.5314136974796,74.91836523935932,13.37862463140801,11.815514089152469
285.37690362716535,75.78792252600738,13.141486935122408,11.711107920397367
278.1504828324316,77.08606142240684,12.708841921806723,11.925708881260539
270.79124895161493,77.79812534544803,12.811766317961558,11.917577586691849
262.1476043440432,78.80976107069796,12.812182669335442,12.058296156943932
263.109249689783,78.55163944448516,13.050883097240662,11.404140697211316
268.73207495880837,72.31845359766109,12.811629806504406,10.951792145498144
261.9015693722118,72.9958359069396,12.848659503867422,10.754963623132515
254.25013967715782,73.8368066558806,12.74260623528398,10.680085418707577
248.1792413030244,75.06652641296387,13.673843138580057,10
238.6209265730708,77.46093940734863,13.498543353492227,10
232.92945717665717,78.22003364562988,14.275773070391711,10
231.4657658256818,77.27972793579102,14.522430674686168,10
232.9128538530388,77.30715560913086,14.668369976417516,10
232.85590487588053,76.78760528564453,14.70621049665203,10
226.39569474099437,66.32154820385165,15.3588123154966,10.044775525280102
229.3481114339755,66.66793994263088,15.544272813811713,10.129465497428669
232.0193723276885,65.89884143809341,15.71190575050678,10.195933227939156
237.459668913176,66.8638472965001,15.857866687197816,10.05322543568634
239.12062140646523,67.16227619763272,16.22278268450608,10.070621631223826
239.57657274660713,70.62111121971547,16.37619906550155,10.28898369155049
