609.0,47.0,17.0,9.0
609.0860922569491,46.60685348510742,16.69185967555495,10
609.1099390164113,47.32729721069336,16.567040607314098,10
609.138646024702,47.306243896484375,16.480894290928177,10
609.9308133424842,48.359893798828125,16.5212201473071,10
609.1927627219903,48.46661949157715,16.48304679112683,10
609.9431998798105,49.14103245785026,16.513006673484465,10.105863093332687
608.8309742447013,48.690209170543255,16.44422979428878,10.021810967995524
609.7563540535102,49.36321048653289,16.423044761631903,10.072670366045546
609.5751507520399,51.23399302646715,16.45431656843001,10.541028076704382
610.300997449469,52.07538827421065,16.43923053441152,10.909804658854089
610.1838590380681,53.922310368220685,16.650416994664525,10.799159018197303
609.5941655071306,58.27556553851157,16.527790659322875,10.897523097781542
610.9121979910155,61.06005727476373,16.806303175683837,11.080061689486216
611.4846794621969,64.8546979362254,17.163094994063076,11.124119294785508
612.1166925097673,69.78701227646103,17.36023146606122,11.114654188533034
611.902208578341,74.49936154437742,17.331656909480316,11.015326441274446
612.0270028465422,79.16115464188218,17.220583845489664,10.983305187671185
612.910869802706,84.74717550352496,17.112132617488413,11.117362402373905
614.3108121838527,91.20125801266046,16.961997611054286,11.072959285958389
613.9124253763791,97.77427597298458,16.642773911548428,11.32209548445075
615.0091007539439,104.23210818827334,16.6050780636454,11.068685387369328
615.2512709413353,112.22794266315273,16.627825396382207,11.270169818958195
616.2397327416052,119.08639889764729,16.850082398869667,11.123691920281603
617.1796086641177,127.10009897738358,16.79087193568068,11.20247767389494
617.1524295590533,134.63660496743285,16.526199384090724,10.940134639108893
618.0579265023653,142.93366864199498,16.396983451568243,11.029532375433874
619.2824978518923,150.9356166230354,16.67924410334413,10.769304015892072
619.1368784207062,158.98448663585896,16.795914789446805,10.907998926768405
619.921863343779,165.8064151746762,17.047653622500583,10.886448672864416
620.539539944519,173.3563275894708,17.416464544555783,11.180788882337707
620.2479699707806,181.82529947510218,17.83554199203258,11.396951251211632
620.9928507740441,188.7120458974035,17.92458440161895,11.583747408073878
621.9800063786961,195.94293592772766,17.722486174492495,11.913250001234106
622.0510353821668,204.6681557356142,17.77996353742431,12.04565035128137
623.5020736043492,211.397762617982,17.869059883586807,12.18105633752232
623.6782508517769,219.7169467463887,17.63768469781349,12.13277597133395
623.5395365381852,226.90904601060998,17.480378980514455,11.852321949727283
624.04074386129,234.31174728977018,17.46340744953915,12.08438734794985
624.6438841090486,241.96312539906805,17.317216065350067,12.148902552694006
625.9927127532465,249.7015781862678,16.779638733008966,12.21131124831399
624.8238001934175,257.6162903176341,17.37184693982512,12.254979636948672
626.8895279881418,264.39804290095174,18.2366148000836,12.174010786231317
626.9382670268004,272.67379545361644,18.49021857091099,12.240654484612783
626.4556001423618,279.73364891800145,19.19069409393833,11.885252670588851
628.5179611160047,286.8498895424896,19.357544717453457,11.740951963604719
629.7771585185764,294.2210284543048,19.03125043721245,11.710214362142352
629.6660897198066,301.5436817793861,18.965637790611375,11.325428647038406
630.8142792359209,309.2712464716342,18.540646240072093,11.457411689299997
631.2230277963793,315.97824216228435,18.096218882339123,11.448632710343428
633.2190759207193,320.6136367659217,17.797440046989095,11.675234250139043
634.176530277944,326.18939296912913,17.571019339131368,11.222307353978017
635.0950502508381,329.77519114678483,17.46098058352897,11.31544335950655
636.3624935559869,333.0303507051521,17.57653037459847,11.286233861912562
635.5266544248797,335.55141020434036,17.91033708529936,11.039906489512607
637.2486182454446,337.33475073895835,17.953092336015082,11.013161485950523
638.0738386804464,339.4315850826604,17.79964548456609,10.773766022423413
639.0979566459216,340.7293579433436,18.031705879299288,10.38033822097885
640.0311928698387,340.7802963399235,17.530074892646844,10.547786684166663
639.7930877324213,340.93765922972767,17.558920360352545,10.474130698259492
641.5945129039533,341.29389432097526,17.428779673050524,10.376788079240878
641.7883434254213,342.01567484031034,17.98623276585647,10.31933543900817
643.1618979455003,342.48862811212956,18.93190326671419,10.341904237166673
643.633083285027,342.0735097335232,19.351795313490765,10.14868442089306
645.7559127669795,343.3577006152976,19.448364285377096,10.132121505000589
646.6089964407676,343.9884362186298,19.569768806697336,10.043089873531517
647.2639308450789,343.31093001643126,19.264798069363565,10.04791688364141
650.068736484038,344.4178943634033,18.635987420107433,10
650.5865735574475,344.5929527282715,18.201330271579618,10
651.6453035036761,344.668325261866,18.089760271700527,10.564400043894874
654.6001397893428,346.5337087675969,17.911735191822164,10.43027075826321
654.7432242353696,346.46212938255593,17.723508652063682,10.248562279809988
655.9631475405151,346.9759571475326,17.639374932397526,10.132115856302006
656.9584116748545,347.23413877286936,17.55367759633591,10.371737865638277
657.2741203957403,348.3196352578036,18.08088289626361,10.361664085222888
658.6562871870913,348.35197910451393,18.540567410485494,10.489973370561927
660.8554551676515,349.5075157449096,18.839146122216544,10.641966190844908
661.5489530920846,349.15712909599597,18.991041111973292,10.10639229018576
662.9141740989916,350.5504747716539,18.629789314223867,10.382181865383533
663.833725981545,351.2029711478419,18.374929323531212,10.685080195771336
666.2929451554436,351.0186119779444,18.024621468898044,10.57131181071282
667.6560323328175,350.85514600971476,18.19984100453094,10.217488131937662
668.7247221205894,351.3525958632448,18.30467944656541,10.31314170856897
670.8414963289242,351.78063391627614,18.163610735706172,10.401874562467244
671.4502576684115,351.75995368125484,17.85266230599936,10.659505479287198
672.231714681542,352.4778287493268,17.847853748488234,10.562450869266275
674.7895205489541,352.4376332912989,17.41764393016791,10.995266406904191
676.86066146143,352.6058294769456,17.409273238028682,11.264777661099115
677.7904081916686,352.6037770031687,17.503827934289813,11.187961435557146
679.2610384540403,352.74143731459947,17.9707896080326,11.096596958935862
680.7904396505627,353.70088635382155,18.089969545310264,11.032976895628348
682.5930955861478,353.8055268856792,18.232185750311768,11.007041626590814
684.2821445033718,355.1546332073701,18.140827265229078,10.67244974126558
685.9826455074945,354.7700595210257,17.392821320216136,10.459095130311923
688.436907588175,355.7588352513011,16.90475309147216,10.38977731233917
689.9005884010766,355.35863030977504,16.4270222029739,10.434934357256546
691.2655136208319,355.8241798327703,16.488519267125184,10.525018325182067
693.1098046669127,355.33977200679857,16.647410319494742,10.331118065260286
694.9252318766478,356.3711024563338,16.739795798706357,10.069310895437901
695.8754820128411,356.9331414700038,17.673962732130327,10.375458240412339
698.7110512809772,356.6542155465535,17.708180793758483,10.118567045320741
699.6875779983272,357.26224187780275,17.191173959400288,10.353655740244092
702.3574646554289,358.29359333482745,16.939501078546463,10.746587896995518
703.623833538348,358.04248931776476,16.84333252657542,10.643960420867007
704.9366296710748,358.74507020177646,16.568688594862103,10.878004585460769
706.420981468509,359.17263005704064,16.103727218011194,10.98931553899492
707.5898858803959,358.93973992221026,16.956775327831355,10.493971388489612
709.9337285975553,360.7043629966193,16.86792488496751,10.574115498460632
712.4873962541309,360.5525697350317,16.745014162880736,10.660912776030441
713.6866819851904,360.4227024305338,16.353621961015705,11.173943283463718
715.8382789020923,361.48515490926155,16.307084773940538,11.131119167072633
717.4545560687919,361.3794042983583,16.566569167347744,11.328502194299016
719.1914575295984,361.3847562908725,17.014084299934012,11.547156882366377
720.4971605932345,361.63940237308043,17.009756724907973,11.345253023614497
723.1424482195163,362.72065596395527,16.722389632744775,11.29115953815397
725.210328984113,362.7306415504118,16.715679312047463,11.308023082037725
727.246589938205,362.69146333057904,16.520781915582113,11.504658025121223
729.4628619035213,363.3036786793217,16.998069985681962,11.590144777587055
732.4692802902426,362.5477669574293,16.88086309505178,11.557156972592592
733.364545669444,363.04734700496107,16.574127502664645,11.443567403652045
735.2076550002528,363.5955669450965,16.837692166242494,11.542569723088263
736.1143622140578,363.4464776360594,16.868142179550347,11.721069843847946
739.1279128444938,363.1167190346675,16.945784876197873,11.780680125245123
741.613917264976,362.5529754611369,17.23347299568286,11.782400518155914
742.6308123210839,362.978084695468,17.26362102433613,11.637145733575771
744.6336475688059,363.3494995260718,17.924343808921364,11.781767244243127
746.6770093444757,362.54516758430174,17.797413348402287,11.759556493994207
748.3865407347613,362.6204398222549,16.797738385213673,11.936778436544836
751.2148208394611,362.68498865357793,17.276844069368742,11.885023760959392
752.3940545331932,361.87536631651824,16.946216342549125,11.853961733418654
755.1240046031338,362.7181705213297,16.408961771515575,11.514018301823025
755.7308353265569,362.7362701049322,16.921874268761353,11.323404004002743
758.3890437619583,363.24171982663074,16.974727722665378,11.45842817510761
759.2560847075877,362.4536216833711,17.77022117930708,11.25836027095308
761.7737167057944,362.3110850510842,17.534861052522544,11.287444460819867
764.1837676722564,363.0831850900708,17.25092626437379,11.25566503714356
765.55754421373,361.582545380356,17.09360603054783,11.394685545440334
767.5597594257262,362.33336620852924,17.087500954455855,11.402634038019666
768.6341328626733,362.12626727050144,16.899886130122272,11.503168431409204
769.5996391880249,362.0820844244637,17.573056676440604,11.514812932078529
771.5565257447713,361.8503956276145,18.626740380574496,11.22891150356012
774.380343448698,361.64628151870266,18.64805791461565,11.158700390329077
775.6057908833963,360.9323934564831,18.578670918754394,11.337010572385381
777.7626677227745,361.44318444581353,18.585794315193297,11.160368779271352
779.8179379744478,360.9467282660401,18.158778897295782,11.435961650292862
782.333966228462,361.0756660383951,18.071775489853238,11.601082626578862
782.5139319496382,361.40903356032675,18.349630912735385,11.584860278028184
783.9299537566809,360.9396817848738,18.96362459113049,11.554092851150852
785.3453775021685,360.82269639173063,19.824358826229343,11.105648628892284
785.3528612398528,361.05576271074676,20.629322381134116,10.604249114639293
788.5058727239758,361.870149101209,20.514545445603105,10.75735194406633
791.5963929021414,362.0976716897147,20.359406883705464,10.660678501674154
795.4462770256144,361.9437907427488,19.18328975980632,10.745688778174335
797.2301891593078,361.65243247355295,18.487394661120845,10.947122510169462
800.3311992563762,362.0717875299804,17.8205536051675,11.127932203222823
801.4934530432156,362.2346086235923,17.34466358519976,10.996156745735284
803.5536476450803,362.1423936182641,17.82245705969288,10.732291163129977
806.7919026883367,362.0508570015555,17.560561841344313,10.691239488099894
805.1443806598934,362.51394632167506,18.844917116492585,10.482849544149824
809.9950947677619,362.40603762575677,18.294276254271196,10.2842115221681
812.2048428972556,362.56680591038725,17.901574428877453,10.278360225123999
815.0120086802087,362.21263918749975,17.70124432781502,10.14326792016649
816.7825273634793,362.1595230102539,17.39080159628357,10
819.1904153995091,362.2132902575722,17.58440205010284,10.115335378410236
819.4359422787549,360.76318359375,18.529402521347638,10
820.6924109823861,360.7416400909424,19.246121333567466,10
823.3406958117498,360.1323547363281,20.33773526859028,10
824.2790103445797,360.2051086425781,21.335411928028257,10
825.8067330365748,359.4955997467041,22.03684062851056,10
828.669058676109,359.2935905456543,22.137636431961603,10
831.9323065447927,358.47109603881836,22.59772058961379,10
832.8364567895715,358.79387283325195,23.239249201618794,10
837.0336595251231,357.4329414367676,21.82573972660933,10
838.2142158379398,356.8037528991699,21.530323817284444,10
839.4808625863986,355.8219165802002,21.22644621392153,10
843.0549972141278,355.40184211730957,20.37863777389296,10
845.0115945982192,354.9159395633445,19.6931193973116,10.060405266621547
845.3632387137171,353.8164348602295,19.735955433893874,10
846.9970521323115,352.9087028503418,19.1715451494394,10
847.6427161229802,351.9044371126205,19.12550601697902,10.192636394876217
848.1518512709131,351.2178572746328,20.268894961835866,10.427841358937476
850.2291779304064,349.70163917541504,20.55741028298587,10
850.6539254786475,349.1215877532959,20.260538935283257,10
850.718091780025,347.9059886932373,20.167415988289846,10
854.0462880160993,346.49932289123535,19.96254634328977,10
855.0656549808874,345.4236545562744,20.1224589591235,10
853.4788527377472,344.51790618896484,19.986348174408043,10
854.4615534659345,342.83453941345215,19.95193121510375,10
855.384065313864,342.65910111522976,20.346344622516156,10.282074716561965
856.0927107515769,340.60585387025145,20.36902948561568,10.219265312475656
858.4781307340515,338.73040097922484,20.14007489664301,10.26558125077881
856.4707428378105,337.965896675846,21.268921581459058,10.108535627800144
856.7063287059043,337.3779277628417,22.26819357085752,10.405689274121325
859.0189965747185,335.6183763344836,22.33733109983065,10.368822892556231
859.6667269394703,334.4699172973633,21.727958932338645,10
860.5031707166158,333.6282135052061,21.01782467394596,10.304951468591753
861.6522112353513,332.01625341662725,20.20131101928779,10.761507143796294
862.1085591681342,330.55432204042756,19.890017436436757,10.464376854203445
862.8664810619181,329.57793728928124,19.740823276554543,10.194326074513711
863.2423160856251,329.11031520921506,20.248174988173545,10.077869642604997
864.2016007108011,327.6341552734375,21.029858270780572,10
864.5211104829004,326.2377815246582,22.11606226784163,10
864.5291695181512,324.8359832763672,22.833647810621443,10
865.9689551727542,324.5299873352051,23.315313073680937,10
867.4597540056214,321.88290786743164,23.180723159411343,10
867.9917603048441,320.5623779296875,23.752162831473935,10
870.8499511027759,318.9736747741699,24.219710678969683,10
870.6932042345425,317.2744255065918,24.827706673737424,10
870.3838586771535,315.5484809875488,24.956071860780938,10
874.6042987802756,314.43141888244554,23.73240814623589,10.126832034913582
875.7655095996713,312.41910552978516,22.851232540159394,10
874.9288124754706,311.14136695861816,22.68272310203732,10
878.1881051442842,308.88292121887207,21.55905811353121,10
877.7371513193154,307.59092712402344,21.65311206473835,10
880.0409503024323,305.89786529541016,23.012928954461636,10
881.3295738524397,304.9909858703613,24.4375586855014,10
882.5361666944243,303.2999496459961,25.084652847723596,10
882.7631541432903,302.3293478990714,25.958650362101118,10.137721438185281
882.3342036783328,300.957027785772,26.817733848168544,10.852179780018417
882.2819558778784,300.2710356223266,27.556949297709952,11.317067244116314
882.4806686967428,299.14617338548936,27.815994912422585,11.702724640154132
884.7452072389926,297.94637219743953,27.056433819133776,12.797807362933462
884.4985017080746,294.1673750115344,26.161455293567563,12.522809181032777
886.5540818123384,293.49024071458365,25.005518168536184,11.843889908723376
887.5243294480357,292.5871681799725,23.65183014811796,11.089274479898803
888.3828575134579,291.5743651024282,22.794515228211125,10.422909809791987
888.1427054266238,290.3189277648926,22.75397589601992,10
889.2101766684463,289.5591998813786,22.654128627218878,10.058617449156873
888.9867113576648,288.9310262976435,22.860061934328456,10.022178972095848
889.8858592929845,288.12598236915926,22.899618541716535,10.013118574669704
891.1756705744093,286.3503112792969,22.427417853866885,10
891.282125992583,286.81451725733893,22.803183470156277,10.114167694794787
891.4267520838556,285.5422798608204,23.029304517591573,10.269005494423709
891.9103809463946,283.9612943335418,22.96574094534542,10.183097520660576
892.5707059240787,282.82055854797363,22.71483128538764,10
893.6412434640703,283.31686660127036,22.455424296224695,10.137144635593994
893.6619828773041,282.27574348449707,22.47992447366314,10
894.1847787482703,281.41214179992676,22.449713591105755,10
895.1119347430109,280.97990226745605,22.31875975592159,10
895.45906887072,279.95013427734375,22.174181747085335,10
895.0485563141452,280.2494803417585,22.057500866582664,10.011979868240815
895.6979368343923,279.1738149769658,22.211132404213537,10.047435353685625
895.8327631238709,279.2496147155762,22.234868191955414,10
896.5019043504334,279.1570510864258,22.146051681213333,10
895.9138523711632,278.5682753987893,22.20079867564241,10.0066605671675
896.3394557041828,277.6400566101074,22.578733244954797,10
897.3766402307431,277.79350106544376,22.01425188714676,10.008556035616426
897.4447462405795,277.76018714904785,21.95972016532529,10
898.2231706909613,276.9168228055793,21.300179614171125,10.14038392985708
896.8772751350657,275.78329337868587,21.780964561411626,10.004133915235727
897.0977376354185,276.4684467315674,22.078275034338795,10
896.2797830867888,274.6698875427246,22.22931322095364,10
896.9154763047012,274.0465507507324,22.45588210739456,10
897.1456958902896,274.279354095459,22.45097882488946,10
896.3200864487875,273.58466720581055,22.8389912259601,10
896.9860582434661,273.1797676086426,22.822935087774866,10
895.9352318283218,271.8474463727487,22.96386404111031,10.020534653184223
895.6612632929346,272.70174980163574,23.203932154365216,10
895.8495816856654,271.5813694000244,23.242044514411404,10
895.974734511904,271.61424446105957,23.262300080195967,10
894.5817866182902,271.72092628479004,23.395150213126666,10
894.835638188905,271.66274070739746,23.237910939084543,10
894.3803086440294,271.38329124450684,23.356715170437447,10
893.6784508431414,272.42007637023926,23.365014512447804,10
893.5229959876278,272.448091506958,23.360456389002252,10
892.8501592671375,272.19032859802246,23.594786446193552,10
890.2540010659741,271.9717617034912,24.24517932557135,10
891.329810777169,271.87439155578613,24.220139187849544,10
891.0903431165291,272.16761589050293,24.1993873143051,10
889.6961700053396,272.3585910797119,24.677583390199647,10
889.4783229547339,272.86059379577637,24.455341395219733,10
888.3437013555236,271.810266494751,24.56834985242933,10
887.9114506644288,272.2196979522705,24.28243009204083,10
888.0521973770855,273.24445152282715,24.33199135422754,10
890.2007259806113,273.2168445587158,22.798651798542924,10
890.2843221276879,272.6158084869385,21.626790314936677,10
890.773460199384,273.9139041900635,20.732216258946984,10
890.2341171475963,274.93128395080566,19.875775104221574,10
889.2636070810656,275.5664234161377,19.302844889382467,10
888.470471201127,274.7932643890381,19.072489146818185,10
886.1095518973375,275.96657371520996,19.173337001223352,10
886.9396022096633,276.9895820617676,18.541102740097102,10
887.1204445705672,277.1343002319336,18.003720691629184,10
885.4914400895254,277.0422191619873,17.795432504054656,10
886.5247876097361,277.62472915649414,17.18009244410207,10
886.3362622371407,278.1435070037842,16.314230896812493,10
886.0636900010734,279.2563533782959,15.925602328175472,10
884.6107184653473,279.30006217956543,15.421190785369923,10
883.7834795048799,280.4238586425781,15.332809819586004,10
883.3058604102114,280.6563968658447,15.394947270397616,10
880.8254284549192,280.62105560302734,15.663695397290459,10
881.6912234110703,281.8118209838867,15.365706864382858,10
880.8518248299446,281.58337783813477,15.241891721946867,10
880.6795971159366,282.08717346191406,15.5408378115837,10
878.6000592947798,282.3231716156006,15.671844911416901,10
878.2280217414798,283.6085777282715,15.394084690868546,10
877.4619124007169,284.55599212646484,15.60551784993352,10
873.7957645449195,284.80675506591797,16.418297570317307,10
871.5131909801622,284.7063045501709,18.035412320681417,10
869.1791939481441,285.6207103729248,19.41850571943445,10
867.2890038189546,286.31104850769043,20.812266409942467,10
868.5086138871804,286.9409770965576,21.278579110404724,10
866.6704859355149,287.3456630706787,22.120965079653853,10
867.1457674953706,287.9400637544877,21.818190961407147,10.493785302303877
867.4753416497249,293.07756404244327,20.994262989612682,12.254024899732602
869.6132346053192,291.30063346777484,22.839044400201313,13.54586212328822
868.8504282730386,291.4897387275795,24.603518148746982,13.87037987516328
867.7322774709438,292.60288943844887,26.02548869824919,14.172887047174566
865.7113514558554,291.4185351311382,27.09694277920726,14.129661762870155
864.9235556962368,292.6556931541515,27.946032833600615,13.57329157865988
863.6263731599253,292.7094797631619,27.72793605319626,13.509419532514107
864.065465620824,294.2985315994898,27.977406160695686,12.984002932612157
863.0005021163845,293.9494165737943,28.378725991840316,12.46056855529234
861.8960074642468,294.70565516872114,28.340461878146854,11.997613765340873
863.0255101727532,296.51022532320144,28.691434183302057,11.646003668782704
863.2296342801507,298.07819187896206,29.62426568042124,11.827613587046544
863.6457335520822,298.6187016242412,29.383833493979985,11.976757670706995
863.7243114927683,299.4149888443275,29.690117554014304,11.894421877995306
861.7263702707743,301.30676450623673,31.493678220658484,12.534652902809695
870.0394363835871,301.52293331230203,29.218910130774958,12.72326408218306
870.8283599070312,303.90350782642565,27.262500156640815,12.422381167217033
868.1984696540777,304.5663954828272,27.616518943797622,11.963343220136586
874.0266956791943,306.3234831841738,25.004424193369346,11.595827668517629
875.1738996640795,308.7748935196447,23.166139575649545,11.559767251482102
877.1803331851235,309.6958981562597,21.524869823600735,11.370460309795074
876.8750922219169,311.0938558315172,19.745665165541087,10.848882727834686
880.8622798109485,312.4982750578269,19.96866242400148,10.638059106758284
878.1262642835491,314.19674206745475,19.85264263651508,10.29012105918234
880.1216147363425,315.28975677490234,18.148089802217378,10
882.1661940145513,316.38880920410156,16.857877626415128,10
884.6111831008209,317.30894470214844,16.157386911151093,10
885.7408796279834,318.3345069885254,15.484793478408164,10
888.4660352718322,319.321626663208,15.01597709427512,10
889.3234362618427,319.6923141479492,14.949524876216817,10
893.4080359233953,321.131080624571,16.584227225475033,10.073707586307274
892.8042758638007,321.0841570795703,16.099356902769518,10.066442310585975
894.0387068040995,322.4925430971858,15.01520724141027,10.336324938440992
895.342806132608,322.9195786110844,14.189368661297726,10.275802494628097
898.5221337411427,323.8110542297363,14.168535404677339,10
899.3413012474223,324.19342613220215,13.631041914335178,10
901.3085092367547,324.7157859802246,13.92937587463517,10
904.1803779349198,326.13648414611816,13.992839863803002,10
905.1646090296825,326.0633068084717,14.05312523287119,10
908.1754862872732,327.1688232421875,13.518927175209525,10
910.7668810691565,328.0197105407715,13.288511116081605,10
913.1385192945378,329.62083680176744,13.770843491002491,10.12794385862328
914.7614891556865,330.7238292694092,13.401422018216877,10
917.2870481449812,331.2364501953125,13.359314354568768,10
919.5734366032636,333.07826892232754,13.294254570572335,10.056379483225806
922.2521483274584,334.66816281299305,13.661253577016813,10.039422054678019
924.1209444783464,335.47189712524414,13.446274800631482,10
927.3745175319075,337.43548099277547,14.073802765774822,10.014070668257682
929.6739457575716,338.9971273562433,14.549012476556097,10.20762288150753
932.608161604834,338.7001596539995,14.225136446093693,10.10923269395419
935.0345204281614,340.1216652918215,13.937833228149959,10.211030378271042
938.3442770260898,341.42815881250783,14.031294580632975,10.337983980208934
941.7678385938561,342.38937957672493,14.180230862824738,10.276038972770793
944.6167031598791,343.7392074328738,14.81380818829841,10.223909047826584
946.6461869729384,345.0102596992767,14.687026688888924,10.279479838507196
950.6531487744788,345.7178146120821,14.586536160759065,10.230054522173603
954.1055442427225,347.6712911886152,14.651799850736639,10.017711964810637
956.6916322472493,348.7560610828691,14.377344178596934,10.001835811556758
960.4257544551684,349.6136208926445,14.797382538637805,10.203056066273438
964.2170592570247,351.46630005512174,14.638692612659398,10.718927294541714
966.9113969576534,352.19170347697127,15.164159820044663,10.974995298254695
970.8916909948778,352.71510667439486,15.51538128539095,10.721943481044265
972.002799381361,354.16298967024676,14.958962699680256,10.46639431673302
969.612702946596,355.3414306141627,14.936608114376387,10.605621437690255
959.8711266235416,355.13135933077893,16.6091566650262,10.599898831117908
946.6656465205882,356.17932195484155,19.403558795981834,10.285948375473152
924.0648964201935,353.24397503365174,21.257747976873752,10.303767461993399
900.5866017707897,352.64108796356953,23.331396983322996,10.352509589218375
874.4878697054163,351.7070505091771,23.404131003901345,10.357547388628221
849.4687309876888,350.4349561173683,24.73117339296971,10.114924343632518
822.9267725307299,349.30175590515137,24.83087743152117,10
824.195946311382,348.4064827614763,24.54659633750192,10.444743980221261
817.7893025761367,352.35565070860406,25.15398933777792,10.765417485379793
818.4482617118429,347.4077552879203,24.869014791951507,11.261470014979722
815.6960460381028,349.7715250899049,24.5563990202909,11.368082632690172
814.5098911397189,351.93595632898104,23.569593216472885,12.059850037350431
815.8240223611666,348.68543974418895,23.991692406878308,11.743302030176817
818.0038643742744,346.8214543328295,23.655636615526028,11.671262171743365
821.1435134846845,343.4846010126861,24.848933609549412,10.721609131854446
821.5017511217601,343.5686129177196,24.48029006147247,10.384189875010044
825.4838652840001,346.57750226630674,23.57597537224638,10.835741011820126
825.7861674615413,349.9028794282089,23.152637801832114,11.118168450711082
829.451793110104,353.94865785409996,22.670774627265157,11.401954921682918
834.7329102838063,351.8224971398224,21.145382626051884,12.539972761370736
825.5262517787032,348.6022264618961,19.906718282498414,13.262248583776081
820.773536113176,349.109297907634,19.04335994070123,13.953221964272998
817.3084228641538,349.45155016752204,18.596808789819846,15.228571570473527
816.5543601735769,346.793231089837,17.931586697829083,15.167104562269365
815.6859468042685,347.5052218228823,17.273760116133317,15.495678943346826
816.4159851543764,346.9407455390037,16.66307916787074,15.434453593623541
815.8126484594839,347.18241625561853,16.24376836576122,15.357034096428947
816.4487739167766,347.14282816942267,15.829488642582046,14.818660372580489
816.3875163265658,347.73695360511937,15.673832283697116,14.84566905318895
815.7935307236531,347.05177719370806,15.43719335158289,14.618884424839685
815.9470096642953,347.9072575310604,15.368234432701058,14.581572584363528
816.5664384203427,347.41230640567994,15.23742440595776,14.678866192546334
815.5970824025068,348.0320076488754,15.098938413065046,15.055850119729753
815.2892363581719,347.10108421048267,14.69177665041636,14.958525701349163
815.2647357689353,347.3560995703228,13.964097836213714,14.930527757547804
814.8444623941654,347.38244556652336,13.400557519103328,14.72575141456075
815.2084054231498,347.1437856505393,13.098067426710678,14.609481463813953
815.767865019611,347.8181651240724,13.020160044091066,14.639460920068164
815.1478890541953,346.9221619639245,12.537535833565085,14.354440873176415
815.3977445111351,346.86126902463764,12.205747893318115,14.121803228800946
814.8496478521615,347.48783872653,11.755718524497706,14.075016058902914
815.7538696560431,347.9786289920031,11.544503920640915,14.108831646120677
815.1705309658812,347.1194954055896,11.17500652679464,13.85356900327394
815.1876456462812,347.27729753509385,11.092124517068902,13.761074943240024
815.5251366236811,346.78169860402664,10.99187248170271,13.549456795852919
813.3078957624538,347.7119391788699,10.80942228887427,13.373915984301192
810.882188834005,348.02053023319013,10.86531917799828,13.248105030445892
808.0578838352259,348.9833571763454,11.697717475117024,12.850801974213438
802.0277925187897,348.07528334653443,12.767974723467866,12.946807269333426
807.7982202328272,351.781136934122,12.927150575910336,11.941678158123185
800.4784391763467,353.38051929970607,13.296841930815024,10.6928264518574
799.6020820656088,351.9596466934257,13.447032348579878,10.434020059193486
801.1625078748012,351.0820560455322,14.385918889374555,10
796.4869700780255,350.13095474243164,15.739981390885,10
802.0604169318907,352.36328609249273,15.805669317676163,10.004922718578985
796.7713279794814,347.50794634362956,15.569664941000514,10.656318006100298
798.4901742978519,347.8111137623594,15.551615706359243,10.628348494568272
800.3567850786663,347.3031851138086,15.754108866410073,10.324888927656257
798.464917524723,348.93788422291897,15.712541850273334,10.301386095177723
798.932762348626,351.6475339915836,15.524654936842156,10.265085978014461
799.0621777465643,353.74144013860996,15.75259095615126,10.008941011842614
798.6425175420886,355.18882751464844,15.418014575551751,10
799.1888387454521,356.0421371459961,15.405358741090275,10
803.3417161012491,356.552339553833,15.107683558305174,10
802.7798709034831,356.08848762512207,14.896416831034184,10
802.2876374084967,355.245397567749,14.75610125875129,10
801.691187644396,356.00191497802734,14.593951653651828,10
802.5924174967996,356.56983184814453,14.482566320182613,10
803.0797490293558,355.78184700012207,14.291438258732315,10
802.3399415246594,355.83716583251953,14.24414439361336,10
802.7836879343098,356.40610122680664,14.126423150240223,10
801.2968505906293,356.2367664846464,14.091465177689084,10.0213438922794
796.6810053016861,357.7742754197814,14.144704217489465,10.11338305936292
794.5472300192063,357.10438716085747,14.503559561502048,10.1211550300917
793.311528284453,357.5631588689278,14.917403063967571,10.395998241148298
792.2760509075324,357.87560810074734,15.26137951580677,10.673706741620524
790.7852010364841,357.59058584837794,14.80087573617501,10.446925837423855
792.8922857813234,357.1957388783417,15.236398781896622,10.201654262359638
793.2281359183141,357.40227109912576,15.368863394389724,10.245415077139151
793.840861261163,357.24796719157456,15.38355553095758,10.201113804106727
793.1395541761926,357.2543021526613,15.379328422822276,10.136201602880568
791.5079865629214,358.3195948501373,15.19617077216761,10.160603543133513
791.1272154267829,358.38785992638003,14.76979724244255,10.247561244652093
793.5112737676386,358.46563834671315,14.405737109803285,10.476300821222123
793.9540671541383,358.64422620888894,14.106690558971982,10.759635655952572
794.3980100057001,358.1550441327805,14.016023178602198,11.126831900454643
794.684090565569,358.1137102690706,14.055426695094788,11.394882470892002
793.9135985768979,358.09722466751145,14.037080685864831,11.576695531920478
794.0417914363458,357.9242414206,14.151456838306945,11.352509743028504
794.0747563438669,357.4853609079904,14.293447097727833,11.116543198667612
794.5017956572228,357.51254067195293,14.533522828925918,10.795784287197604
793.9107362346408,357.5819338775374,14.561382946062551,10.666584210257266
793.4577784547487,358.2362801741642,14.563711164538347,10.769341049376605
792.4898861586219,357.47266120248514,14.657923948930623,10.558946241270004
791.9875461619905,356.79052120843176,14.75729617241784,10.20124136609546
790.5498552824367,359.0186800471259,14.456381697394507,10.19032011204701
788.0605371151862,357.01413917541504,13.896398036778375,10
786.6145076066811,356.9904441833496,13.670270103105276,10
787.1472908026099,358.06782150268555,13.043325232243724,10
785.5698956776288,357.56463050842285,12.987952365750724,10
783.7214947440892,356.6572017669678,12.637871603435212,10
779.8187441410103,353.55952787417436,12.960241400901824,10.379376411075054
779.7061685589811,352.97714931111767,13.41708201808532,10.706029289141597
780.2024633115736,353.57041294505615,13.479187642294645,10.852639533471718
779.3260073855072,352.51798132375296,13.768011054486237,11.008005553177613
778.366497895751,352.8869188745426,14.059462742738793,11.369327839293723
778.8643293660372,351.7732973135014,14.45598882804531,11.530149452587032
778.7494113275135,352.60532247519586,14.45092347687006,11.562094460008677
777.9240948299622,352.98829497142856,14.740667037158117,11.492907737806902
776.8400642823975,352.1445004451377,14.961203107873324,11.65493068931449
775.849723128015,352.90315582070093,15.059164469372837,11.817650760941923
776.2454824245779,352.5691112975999,15.291556398708128,11.83943472291544
776.4495382507898,353.09731803878765,15.46495338275869,11.97252777130164
776.8134432416057,352.97771560442413,15.517439726810693,11.91906906580997
777.6095005954274,354.15565865046943,15.48868714074908,11.82973494515491
776.7137833417946,353.129141337689,15.76870044440149,11.901644692786048
777.8028035589859,352.03536244486645,15.770110998788358,12.095267847083473
778.4034863324254,352.30635262570473,15.543843108159466,12.16930768804362
776.7942254213971,352.49778908568237,15.816434449259027,12.094444869406775
777.3582872545072,353.0958132779722,15.76653496516762,12.229763977502943
776.9657786873846,352.2002250392922,15.65726499003785,12.041158350370665
777.8932432359233,352.31319354892304,15.503484879777009,11.843907854546528
776.3801365854263,352.9430595706774,15.460663604354945,11.769573912844422
777.1519406659909,353.2054627085786,15.56772835582344,11.73493334749128
776.3012641522838,353.437470630362,15.724685936460173,11.426896660418638
775.4076542728293,353.4732223665807,15.814289118220717,11.353768126945914
776.4554012780569,353.78438732522665,15.849307345314351,11.572968055845529
776.1142484801793,353.04770419409243,16.108276912016787,11.518830350828857
775.0545642612996,353.8969567520768,16.466811609542017,11.54636130663743
775.7482410075565,353.8151192602009,16.429075121422496,11.782439244490753
774.9148026313627,352.61654737712456,16.449532348663862,11.707006869286053
775.7599014212939,354.0455347825521,16.561779226809257,11.771875991536358
775.1878474719086,353.11154977521534,16.445366190521117,11.755961576278326
776.1788649309973,353.4462056418986,16.421236088017547,11.697050996476218
775.5530574810928,354.23584163657733,16.26715030423289,11.691307296913656
776.1998825336249,353.3726771691679,16.271862931102213,11.6216538708927
773.8594152679125,354.06534302538824,16.089371254031015,11.510591262455911
774.6071587386398,354.55204351631687,15.982182347244322,11.585564456624112
775.3515714003174,354.2519522140759,15.930044493371424,11.653905783029805
776.0649928920849,353.6452244541499,15.7826280845435,11.745748754053679
776.3310967576268,353.5626260065942,15.828522465276176,11.76717352392099
775.739340775595,353.94970394221434,15.428935064105339,11.708708265473637
776.5656769042134,353.53076360696036,15.413057850813964,11.515995063911355
774.1975071771387,352.86676797849054,15.799047878693663,11.120689201710357
773.6339609540133,352.79516216823765,15.871380345696453,10.901119297557939
772.9949446446493,352.67464750348415,15.71961865290113,10.752080572865648
773.9183539946848,353.3464436475828,15.67703350385554,10.761824618896895
773.2704664276238,352.5526910601649,15.483203688026318,10.520411336701546
775.6632457079209,354.98364804246785,15.207281052725174,10.847847500269394
776.0716784028283,354.2541467525138,15.090214246894774,10.97645915000169
775.772556016007,353.33682643455205,15.02044449417003,11.083560723425204
774.8871298392315,353.20278330038235,15.004389651676052,11.142162891422844
774.2136478655366,352.6430730581654,14.979897452825774,11.23021512024148
775.7966750078381,353.8326610875579,14.82533685108416,11.195147642999459
776.7396363176532,354.6751788196452,14.51790925708856,11.185416591666606
777.3042714455859,353.6994874426577,14.300115136477167,11.108574400573232
777.5689829872254,354.3305390307729,14.016377630590899,10.99371090940147
775.3838742554942,354.5098240215107,14.298227631894871,11.083970578804678
772.8351785283444,353.70885824538993,14.459728888440647,11.196423066104943
773.7839124300987,352.90836617497206,14.589929084199662,11.169870433259048
774.4456409380507,353.66726713163325,14.750297751889434,11.410842323647508
773.1431389197705,354.38697010773654,15.071206024289546,11.578545441265195
773.3393345422161,353.5793791935056,15.21090782749413,11.72440506513721
774.1971122137343,353.435088846726,15.04680512117651,11.695969157134012
771.8887813037536,353.224947341318,15.071235190649627,11.432131989727328
771.2103631310976,353.2697082507774,15.009080447094536,11.190983583894383
770.2157169530332,353.97966543194565,15.45504165698299,11.32046192175326
769.4185013912721,353.28166052044,15.82055279759486,11.428046299207889
769.2357503182782,352.90224875383484,15.88195109226439,11.347060414693654
769.7231901607352,353.5581712841452,15.664754207643396,11.571741080391263
769.508815366086,354.4805048357528,15.28275855768402,11.439209292117466
767.6870064474831,354.5761905959151,15.521637015006998,11.547463168521379
767.3488915944756,353.673125685751,15.735086722242535,11.382130739093618
765.6992006487018,353.10393322919083,15.57811256520623,11.238224239860571
766.3324569269029,355.0952123291301,15.462673464614651,11.28022124628082
765.1642301056764,354.3576793587635,15.16016531507529,11.113815324221017
764.470480885962,353.8466443049764,14.963461941759967,11.267957880525724
763.6133466265394,353.6904066860228,15.132907767734302,11.406925428003246
762.1223601503652,353.8480195141875,15.19279972643012,11.656450443060503
761.3950279626534,354.4060063014414,15.200438802781408,11.662760804099678
760.2522681265912,354.43319273193265,15.195198434622744,11.654641147462867
758.0361921922383,353.38251510519336,15.332188102400798,11.939979250062443
755.5296598610454,353.1570888182572,15.540893328751396,11.812233801473909
755.0125784822412,352.7933050665635,15.615293513117756,11.680506413503819
752.3682604373096,352.1788335246858,15.871195685744564,11.575098911321781
751.6229954468656,352.02646531543564,15.849144795050545,11.426588259509552
749.3111978648013,351.1733288310357,15.847213530956415,11.413077445350464
748.5234377554472,351.2974645817051,15.940052475250692,11.444427068279174
747.6660604656646,352.00939297175387,15.898268663702648,11.258000860691498
744.4242012736865,351.8642620444476,16.249121141896893,11.483882069552001
743.4486046652444,351.99851762805184,16.11963732631046,11.589813956542784
740.2638922244865,351.0591388110481,16.079642194398502,11.449791835911569
735.9349528029318,350.72436703638016,15.968661174226868,11.138893338128405
732.5145258217387,349.58646859289024,16.69302954090978,10.817785470469511
729.2775671493515,348.431661877266,16.732040879824762,10.94263785435472
723.8488757005152,349.62642372006576,16.776717783844937,11.042478792778688
717.6991948527199,348.27876348124437,17.14521323798069,11.008055312901856
710.6422290605891,349.5474958378082,16.84765342819932,10.76769829630751
704.277424395995,349.8432359997566,16.79676425274863,10.12320893920756
700.0503460146018,350.3121738031702,16.676320795808497,10.115711292585349
695.6494736270499,349.9815454873601,16.873615345082378,10.527315061656758
692.2309412857871,350.5543034915836,16.755674381855943,10.861432384508616
685.1356546945931,349.70209451384505,16.58004807083578,10.903340421772835
680.6150296051721,349.5673716354035,16.603559907392466,10.810359420843344
678.0610172151003,350.13975544531235,16.918512940710105,11.09551581225617
683.4753200425733,353.04686657112074,16.590868589474915,10.629415203705797
683.7013071412373,354.01366543090654,16.407620741023965,10.325837625735705
684.8574670200717,353.2934167724329,16.375547717974303,10.255966595514971
682.5577396546136,357.5744748677142,16.00318924698617,10.2370632955775
679.6415268623383,358.6092289153943,15.882245690911743,10.087938653586448
676.1399904536702,358.61819626979747,15.270797481636667,10.24603315010232
672.0485653992055,358.62404914711595,15.256633735585542,10.399213870074748
668.4087377513591,358.6518915034337,14.91675549245996,10.402565412322062
664.0261380073696,358.7296888806256,15.13410341793917,10.093459610575037
660.25075388348,357.92747082236394,14.664703361274798,10.049484929979096
656.3833893904754,358.8141269683838,14.541423008905284,10
654.1234454031853,359.7193012237549,14.070687509364253,10
651.8672682973007,359.00540351867676,14.017657810000728,10
647.9056711432138,358.31599617004395,13.842657995860042,10
644.3273915479275,357.89957203379277,13.668608818512627,10.028786382853923
646.9787174785326,350.69826316833496,13.122190172634497,10
645.0790925568684,350.27838706970215,12.85062779062094,10
641.482286482775,349.6850700378418,12.662404001308118,10
637.98556093932,350.25688552856445,12.391858963950465,10
636.5391039815801,350.8928337097168,12.610990530797327,10
632.6873062534364,350.5285873413086,12.904677692406844,10
627.5839985318471,349.76964569091797,12.672492323818103,10
625.4003220389752,350.3550148010254,12.794442019766912,10
622.1573653701399,350.3788185119629,12.863763713150266,10
616.9970848963231,349.7893009185791,12.670561233049552,10
613.842635320806,350.5796585083008,12.565966273976313,10
609.2700095258483,350.1464786529541,12.701131804321431,10
605.7441937660851,350.394495010376,12.561124377314535,10
600.8033037132852,349.68821144104004,12.655306826664305,10
597.1500477777441,350.50764656066895,12.728900912102102,10
594.4382393395895,350.9624309539795,13.002371304036437,10
590.824279643338,350.47143363952637,13.177586839117675,10
585.3105207434164,351.02478981018066,13.669669916060226,10
582.3710714929541,349.7770481109619,13.816066433342208,10
583.5020746026471,344.66558265686035,12.93417190829234,10
580.1798475703615,344.1095333099365,12.7671788293088,10
577.8857991450365,344.1570415496826,13.142468978298567,10
578.1723395842452,345.36488914489746,13.207567878934096,10
574.4524190430624,345.9734363555908,13.210687159541667,10
573.9882016051997,345.0188751220703,13.146698024036692,10
577.4017709373633,351.1024875640869,13.694444918791538,10
576.4825091546818,349.1305618286133,14.255933724632975,10
575.0401187333619,348.6471767425537,14.296392362683122,10
576.8350116360465,347.46882820129395,14.476805379335357,10
575.7582550090785,345.31495094299316,14.10643099899371,10
575.894995450648,344.4407444000244,14.421813488657598,10
575.4767265053351,343.2897300720215,13.79726129139282,10
573.7078124289734,343.0320701599121,13.364966153100537,10
571.2551857967313,342.4467182159424,13.498441310895167,10
566.8861000754889,343.28474783363754,13.245459036339124,10.01103259200222
564.3863252947817,343.9734401702881,13.53032506503871,10
561.0043824074986,344.55177116394043,14.15506594214396,10
559.4628086438853,342.7047538757324,14.237179686411572,10
556.9457760752042,343.2905616760254,14.422592937787385,10
556.3997764938609,342.3931869476339,14.472794462534422,10.069262701411844
552.8643783828572,343.2582881535331,14.36434568942466,10.012747270814643
550.6282874426561,349.5516166687012,13.811281903323163,10
549.9423464605597,350.20992279052734,13.572762713951295,10
550.5771854493496,349.53391456604004,13.369315510297435,10
551.2217468283945,348.79873275756836,13.058735080088281,10
550.4796827885078,348.6802558898926,12.932450562205627,10
551.5677524756928,349.4130668640137,12.789624939056145,10
552.021346814997,348.7682247161865,12.583672985301463,10
551.2926871116774,349.4159812927246,12.384441030856475,10
551.9518971590215,349.9885959625244,12.508132905162407,10
552.6682952862933,349.4301929473877,12.229259685286905,10
551.43573165795,350.0190258026123,12.311063272539963,10
550.6584140501774,349.5438690185547,12.389860780565543,10
551.2630262942938,347.50769996643066,12.40275085532105,10
552.2601746270464,343.9919147491455,11.734366665402012,10
547.1350182123806,343.51030921936035,12.158862386579042,10
547.44193771046,342.719783782959,12.260160872109727,10
546.6754787561292,343.13924980163574,12.456633926035074,10
548.0268537749944,342.57157135009766,12.330772926390683,10
547.3872609635977,342.0622730255127,12.33816136900835,10
547.3958829197489,342.69672203063965,12.882776587565111,10
547.3823171754765,343.1944770812988,13.165912409606197,10
547.9477218842562,343.07891273498535,13.39997115610905,10
549.6252028677908,342.10814666748047,13.0163951448505,10
547.2990728359621,342.7344436645508,13.20952968970919,10
546.9617380996871,341.6935348510742,13.363206883206384,10
546.7689393755119,340.8839702606201,13.357576609388746,10
546.7590468190617,341.02245330810547,13.322552151976693,10
547.4334302729691,342.04396057128906,13.656371914083877,10
548.0948521069803,341.40080642700195,13.715501512662954,10
549.1046249275037,341.3374938964844,13.692640899692424,10
551.2962445070596,341.1536617279053,13.360530128031765,10
553.2549116163863,343.1916179294428,13.476448625442867,10.16403586962997
552.7576138738785,345.6098823547363,13.165925549667186,10
553.2795668528175,345.06519508361816,12.852698150138936,10
552.6591748066967,345.0479221343994,12.631095157419654,10
552.8294762064284,342.78980417051224,12.668589892135909,10.371048549844659
550.4893460811472,339.8991473889209,12.57780064318652,10.073966269521511
549.7825772635598,340.54194831848145,12.674348379679767,10
548.7997124525901,340.93486976623535,12.838732176423614,10
549.5319425053838,339.22264289855957,12.622936926793592,10
550.4763710542137,337.26708602905273,12.229200831330807,10
550.12642768048,337.8565368652344,11.757986962343175,10
550.224078805419,337.89921951293945,11.391584096010055,10
550.8280538715969,337.6377944946289,11.190626303742109,10
551.5031060252054,337.04314613342285,10.970164483097534,10
550.8266072144486,337.490385055542,11.13455965710126,10
552.8400390556433,339.8436851501465,11.033179678325274,10
553.2763867736112,340.3637504577637,10.984699177692102,10
553.44089050004,343.78399658203125,11.20382176023491,10
553.1745207703615,342.8869570487754,11.31111947764867,10.242363215681575
553.5487394134238,342.27675644368173,11.33547882238322,10.479201956386508
552.5835715010236,342.07992940827165,11.196322307095981,10.494911080917605
552.6032778248951,344.40897941589355,11.35858888908909,10
553.2425901018746,344.63746643066406,11.510185892747376,10
553.4804888187839,345.23441314697266,11.82024279852846,10
552.3652135682112,344.7317428588867,12.160263667105449,10
552.8396356589025,344.0596675872803,12.395406149541365,10
550.6880669572017,338.8634510040283,12.144630436487644,10
549.9618132074671,338.2924404144287,12.097507961591585,10
550.1871226314589,339.3045768737793,12.096222304525899,10
550.5011416353585,338.306058883667,12.096640412449384,10
549.5440544226773,337.6585464477539,12.168445758222028,10
550.3871583726478,337.010046005249,12.100302738652006,10
550.8195963497868,337.479211807251,12.169169307567516,10
550.1852907776297,337.50520917454867,12.304708552467568,10.013923234154571
550.4954245663068,336.48303604125977,12.533150081558771,10
552.6504303223871,333.11788749694824,12.749635456605109,10
552.5924377809752,334.0957775115967,12.611916468384148,10
553.5221278055425,333.3418731689453,12.485747936583545,10
552.4140240664422,334.3138542175293,12.395997620594787,10
551.7456228642393,333.75538444519043,12.502556342139183,10
553.5239593431729,333.90700340270996,12.118593802973024,10
551.681130737442,333.158166885376,12.277067481719966,10
551.7500472775349,333.40930557250977,12.557847835371991,10
555.031339361126,333.09327507019043,12.214086147437987,10
557.1823705226898,333.762547626895,11.855985921478375,10.245652884637684
558.3216653603483,330.54544258117676,11.470836492743386,10
557.6737357667594,333.7823886871338,11.518877686757104,10
558.0707734527417,334.4360122680664,11.364157020603091,10
557.5752594596828,334.31555366516113,11.349626992804753,10
558.0605419273139,333.7428340911865,11.307258010911738,10
558.5601734004797,332.8323917388916,10.965706093632901,10
557.966639242895,331.95763969421387,10.86784704063822,10
556.793056146449,327.6467800140381,11.187410084116223,10
558.7565841883506,328.6406955718994,11.163559871895,10
559.1502003126651,328.09843254089355,11.218002427953524,10
558.6450470930414,326.423246383667,11.036948393567993,10
560.5333556186154,327.061279296875,11.02961082240056,10
559.0767155722008,322.2692394256592,10.829857620552147,10
559.0904766920551,320.32908630371094,10.719842552474388,10
559.1620865156874,319.75401801481337,10.736485423520204,10.041802990148653
558.6713338493747,319.1985492706299,10.74385058890927,10
559.282655833364,319.9263229370117,10.601540330647603,10
561.0301113346256,321.6160354614258,10.874295191161394,10
559.695218537628,316.65892028808594,10.710100224853885,10
560.0640775865792,316.02161026000977,11.012222825193788,10
559.3602684507285,313.9305992126465,10.879042909639026,10
558.5602576636047,313.51541328430176,10.957248230224721,10
560.5248023066673,316.7699203491211,11.023081582038978,10
564.2037050795999,316.03725814819336,11.351875767619125,10
562.8026462603,315.5486831665039,11.390023984832203,10
559.6362511586489,310.20051193237305,11.524964914452788,10
561.234515730848,310.2955951690674,11.440366617222582,10
559.718854302036,310.0193042755127,11.553594839836785,10
559.1709322459827,309.28562355041504,11.68013582083967,10
558.9515496678293,308.6350975036621,11.885632239353592,10
559.4467558048834,309.3135414123535,11.995886011387942,10
558.4888168698933,308.61234855651855,12.117013667745157,10
558.9616668061067,307.17956924438477,12.231841596831977,10
558.9236866212782,307.86382484436035,12.281736140072969,10
560.8242431457272,307.29856872558594,12.631830061389811,10
559.7777034868539,307.72605895996094,12.944758011948993,10
559.1102334630078,307.3252258300781,12.80373828180907,10
560.3452814357345,306.247838973999,12.936555239187784,10
560.5470785076049,305.3550395965576,12.989698613757676,10
559.7766555225405,305.03732681274414,12.925945584862827,10
559.2393787232766,305.5549011230469,13.056140357707234,10
559.75598862507,304.98501777648926,12.99010652824135,10
558.856158406914,305.50587463378906,12.874006924270192,10
559.5103801191917,304.6223602294922,12.85596114375778,10
559.9079646084183,303.73435974121094,12.871312337423644,10
559.375202905773,303.29278564453125,12.746673084022824,10
560.7289225783136,302.6412925720215,12.676787907642755,10
558.6695228311523,303.03308486938477,12.309347015002551,10
558.6312812913752,302.2073097229004,12.088897874097663,10
558.210001305572,302.954137802124,11.680809347169038,10
558.8838246178323,302.10709953308105,11.861242709220685,10
558.2909687058893,303.93604850769043,11.815970798975712,10
563.1670092144734,304.5769290924072,11.972943584297735,10
561.1989996647646,304.05259132385254,12.187206702270021,10
560.0856324983305,302.6628932952881,12.340103754864828,10
565.6273689893803,302.51831817626953,12.359238499815909,10
565.3134666321001,303.43346405029297,12.425374818380318,10
566.762114689474,305.84457206726074,12.639628081074134,10
567.7287096524433,302.5907802581787,13.075262160262449,10
570.6483253527555,301.3062038421631,13.186618985956384,10
573.370146793851,300.25160217285156,12.933966551763453,10
572.4429125691521,301.0409984588623,13.02150918939357,10
570.1604949816009,303.027982711792,13.380964878411964,10
569.8290341416173,300.5857810974121,15.897314445342026,10
563.7788303188422,293.8799076080322,15.357760848216543,10
569.3200367132871,293.85086942092465,15.619204870850144,10.261922351998374
568.377087212499,294.88061514445167,15.673599050648951,10.369636715491193
569.0537283570094,296.80277081536053,15.602238148347022,10.446750239396168
573.4973028268388,296.29166733325627,15.724297887887353,10.222531574942586
574.9302106531588,293.82881355285645,15.801376217180966,10
574.0113951854399,297.48985290527344,15.445758403839308,10
567.6536806651646,297.3684482574463,14.921029363335217,10
563.5164009879832,296.35661125183105,14.47503436589163,10
562.5158450734168,296.7407932281494,14.480479691118115,10
560.6967267218954,297.3871307373047,14.124087487910906,10
559.8485715921453,297.7790584564209,13.837369335545874,10
560.266851811316,297.5881996154785,13.627212705798192,10
559.8296991142986,297.0041446685791,13.422294467020555,10
560.0764339898169,297.33537673950195,13.098994546306223,10
560.3047330590042,297.6736869812012,12.842385726779213,10
561.04732293231,296.88791847229004,12.709710710392262,10
552.8130434648849,300.6950931549072,11.715422889260871,10
552.1460658138917,301.334020989995,11.313103472009146,10.020705426015866
551.1823936865615,300.7112236022949,11.263168063583679,10
550.6271511137064,299.8679656982422,11.341285502994857,10
551.3548078869532,300.1822872161865,11.345631532917343,10
551.4215923155139,299.4652156829834,11.016734917006888,10
551.6277106490724,300.05805015563965,10.727449757458356,10
552.2248099269249,299.715274810791,10.615087902192831,10
552.0611637800222,300.5039768218994,10.451936012648522,10
552.7547400336066,299.7893981933594,10.21465914634879,10
551.5756006085977,298.99375915527344,10.35105994460869,10
550.7528493297625,299.3974781036377,10.3749346946621,10
551.2957797570405,301.1806240081787,10.290798083270198,10
549.2568203737352,299.85132789611816,10.670089377956753,10
548.6252345987468,301.0188331604004,10.603617678421804,10
543.8823277670515,294.89667320251465,11.057971533463004,10
545.3318102161224,296.6552391052246,11.173269788397121,10
540.7484799024234,296.34496879577637,11.770396114037512,10
537.9230059634236,291.462366104126,12.076708982271427,10
541.534342920319,288.9236738431224,11.89558856579505,10.297553589389917
539.715252956922,295.43007918737163,12.39138110245238,10.083975383801665
543.7404899631412,293.64281276575025,12.677218430346104,10.110423968011226
548.3211451390702,288.3287525177002,12.814225034054505,10
543.2265162799761,293.9057831616242,13.063438349166441,10.051253348382488
541.9886054564716,295.8452835083008,12.895735826253404,10
542.9293222468264,296.1912072453725,12.181347838805687,10.245190947487435
543.288120476966,298.4581756591797,12.147757115831133,10
542.8792108079814,293.9376697540283,11.48103360712074,10
545.2714305253961,292.9578094482422,11.545608454517835,10
544.5698934895397,288.6828918457031,11.56431362974632,10
541.1596633171671,288.1466541290283,11.505688433719913,10
539.0727124690743,286.18982887268066,11.609086895042388,10
536.9466863877847,285.71496772766113,11.604921101078672,10
536.3071734858368,286.3631019592285,11.4988532160096,10
535.6692851013771,285.869571685791,11.40083542926485,10
535.8133292734059,285.49925422668457,11.281669509523645,10
536.3556168948336,286.0417079925537,11.096939389959182,10
535.5127573694797,286.306453704834,11.130711419182802,10
535.0346691225244,285.8163433074951,11.1324659160229,10
534.8498915147094,286.3376865386963,11.10519343389915,10
536.2104046173239,286.8604793548584,11.00106862637508,10
535.5142531693419,286.16526222229004,10.897144257934663,10
536.144979126765,285.3607578277588,10.707736715647394,10
535.4776554568328,285.97020721435547,10.695589927093623,10
536.2421778936089,286.3025646209717,10.656340738356048,10
535.5326170512316,284.8447265625,10.603092275405459,10
536.043246070304,285.1220817565918,10.575742165727425,10
536.0479944861478,284.35376358032227,10.408881442438416,10
536.210547191174,285.12428930936005,10.50417474454404,10.011942316338537
535.3910501387854,285.6187171936035,10.632567805619994,10
535.9159255026451,286.2176322937012,10.613220215107729,10
534.5605726295607,285.592586517334,10.556664456149587,10
535.0172965569184,286.1753273010254,10.611943713250618,10
532.7755107392702,285.74356269836426,10.80377111636922,10
531.4135972248225,285.7201919555664,10.931513550538003,10
528.8970622865252,286.0845413208008,11.097361594857425,10
527.8542829420867,287.06230545043945,11.149816340863161,10
526.2943123183076,286.93446922302246,11.24885304740596,10
523.112852701031,287.73022651672363,11.323644382789038,10
519.5880775505128,287.18754386901855,11.428202618395638,10
518.8930119654715,287.6765766143799,11.309456987941328,10
515.4845126775276,287.74570083618164,11.456510800645486,10
513.5984812598332,288.3334217071533,11.333630398729571,10
511.61430746442255,288.90382194519043,11.447436210986478,10
508.6963280080405,288.4135208129883,11.433751416475141,10
506.4253798519462,288.81103897094727,11.453602593165707,10
503.13812021553997,288.2162494659424,11.223804391612926,10
501.0628279750044,287.7790470123291,11.296786486209447,10
497.25336180867686,288.0555667877197,11.595204139909452,10
494.4767033321276,286.90767097473145,11.606315282461068,10
492.4676024452596,287.7207336425781,11.564183804244006,10
489.1526377089057,287.52964210510254,11.69082882260612,10
487.52793694306285,288.98951148986816,11.519637092572987,10
484.4405128189671,289.81930351257324,11.630638752629842,10
480.7100210214877,292.8899745941162,11.967289919610076,10
479.7023163199185,288.20219802856445,11.689536023187879,10
477.61726442859896,287.9057900499904,11.831487340006653,10.025322518427402
474.1884539498534,288.37694037462376,11.852507040173544,10.094435443379481
471.399338000881,287.70451070461405,11.899778855110469,10.076307265088316
469.7789945200535,288.1112951234147,11.68703564098428,10.259049615231163
466.2896540258607,291.7868022918701,11.592970352514335,10
464.4531448465272,292.46142768859863,11.785439852538886,10
462.7072507622312,293.08431816101074,11.695685052380886,10
465.77606922658873,289.5162353515625,12.0582312291345,10
464.3438448380269,289.35779190063477,12.142223463289508,10
462.12622070449686,290.8936519622803,12.071219441531166,10
461.9038866788665,290.5906181335449,12.058295482293783,10
462.2322188675038,290.0113200670478,12.140408265663828,10.035659884214965
462.9539213778316,287.6439151763916,12.132622599256196,10
462.9506761534678,285.7515621185303,12.128294566538592,10
462.1652222235936,285.4999752044678,12.192637332292792,10
463.4353868773337,285.64317321777344,12.22107938711725,10
461.6818216885101,284.2158508300781,12.181933672235134,10
466.65660575874983,279.0677091420372,12.390652580095582,10.222659718855265
465.51532247097975,277.28041498940604,12.769895028438446,10.172843116891098
463.43390678314796,278.04164629919035,12.589621087939868,10.259583835945424
461.3224347811141,277.6694152770934,12.734428647915799,10.28189698487569
455.8961471427261,278.5745733339362,12.798757769906683,10.176346191014298
454.56449644017437,278.71523573480346,12.73488250875043,10.265134762082553
451.7371344519291,279.39376467560885,12.782642373912882,10.346641181008824
449.31068701974607,278.90257111643524,12.926018805661654,10.440142801309158
446.6985554129657,279.4435289545343,12.918153875911964,10.467151990833676
444.6697833352479,278.7598170594175,12.705365694921651,10.412113317688375
441.05110292709753,278.42911033598125,12.79978598998213,10.160288239170335
438.904301865382,280.3256498306288,12.729195150766756,10.412054830929968
437.20079875443196,278.3084262008501,12.697679033799659,10.304763198885793
434.86542213199465,279.13803381789023,12.69566082481686,10.155721762412908
431.29024078624934,278.80589485168457,12.488536791453896,10
429.3660694617247,279.4958562796173,12.57460755939968,10.00329400204464
427.16616971478004,279.41237449645996,12.729850626287138,10
423.6837455549078,279.8030948638916,12.827202455553138,10
420.79050382767707,280.08544731140137,12.81710082700674,10
418.59992838900536,279.1722240447998,12.932992915287626,10
414.88791418130506,280.2577242399741,13.018058775756579,10.189374060335012
413.1494025730974,279.99708395170603,12.878077597640587,10.070330997955145
409.5156489876549,280.28538570863356,12.828083700410394,10.067019262664564
408.8965455560537,279.48950004577637,13.135473913222192,10
405.32008614934176,281.0603705823026,13.102613155112838,10.042226517279596
400.3253640951914,281.4877992087303,13.170418774644128,10.08356372243207
398.4400685866264,280.9489153628833,13.049125941676333,10.16751885309079
395.5368812449739,281.36596387652367,13.05370466550871,10.141733288212398
392.65800193205666,282.0755961119699,13.075817997153727,10.21157785662666
390.5635875043838,281.25656050647547,12.93608316231391,10.09644090721503
387.01819855705685,281.9135583546264,12.930219516440497,10.069756764868318
383.33493032555504,282.5512912519001,12.797595212842609,10.088694046492725
380.84689444320594,282.8660666218928,12.660950302736069,10.167315150989767
377.08606950278056,281.85485237956306,12.576086206536104,10.034302351469584
374.9948314246037,282.8058976514154,12.489515579442516,10.027280930079288
371.4935957702865,282.7350132548494,12.513448374893269,10.022164804998512
370.1112716896937,280.31122289087244,12.620686868110194,10.120180408440687
366.43975805600627,282.4404729281203,12.755408776598307,10.05626041206991
364.77088721294496,282.886705722453,12.841155376051029,10.060263939615593
376.277742343643,282.31060791015625,13.704680527252544,10
376.3041700086606,278.7156224065915,13.17031884956114,10.162692106983059
374.3397449864948,277.76682472229004,12.651376840670116,10
372.6539750772112,278.4894036990145,12.187475069881781,10.037855199627302
369.711400749955,277.85784912109375,11.960040563993902,10
367.3704003731209,277.95557975769043,11.89118682547452,10
365.19814961409577,278.4806442260742,11.728802814960302,10
361.83520796506536,278.1265811920166,11.938008256575824,10
360.62492435045465,277.6659278869629,11.896188400836326,10
358.4952825476019,279.34043128708225,11.796211447459772,10.330474706108907
356.76558463034496,277.85362434387207,12.005134259512747,10
354.6043320267899,278.98102951049805,12.15630233893731,10
352.46698040059937,279.3006057739258,12.21151172535157,10
350.9259261054731,279.33184242248535,12.135039535574883,10
350.2344596825372,279.4096909791422,11.880807311866572,10.08020758028979
349.570188667261,278.8992404937744,11.763289161754924,10
348.7377874696539,279.5411148071289,11.757177860680063,10
347.80963933497213,279.3850269317627,11.913889169105975,10
347.02483763768754,279.1954917907715,12.119898508499446,10
347.31381130710565,279.21087646484375,12.039383878403449,10
346.6465730392646,279.9217128753662,12.150094087181287,10
345.56946859967405,279.4045944213867,12.20528868413574,10
344.95529371737206,279.9333381652832,12.028124685312081,10
345.0713097463383,279.33767890930176,11.893935797545629,10
344.3571002334382,279.5257511138916,11.843274623150462,10
343.54279476861393,279.917688369751,11.963081231509921,10
343.7771479754569,280.7022113800049,11.978444642042788,10
344.0369609974475,280.3261299133301,11.77084939029778,10
343.9396665622223,280.1790351867676,11.76615847559202,10
343.3396164644176,279.6364936828613,11.865676548398682,10
342.63667912184115,279.7120723724365,11.781736475250813,10
342.637315173555,280.2714614868164,11.82921238818047,10
341.7604597049845,280.30055236816406,11.879805954716096,10
342.26905310290357,280.5737838625938,11.721730944766588,10.114646935456857
341.58795021873783,279.9854105173166,11.658594153283627,10.259411204136288
341.70284871746185,279.4956391519706,11.572363287427372,10.182549821058819
340.9985659784446,279.4755303230325,11.789324151203974,10.08142531584904
340.89802829485217,279.2107391357422,12.060898938554955,10
340.50169212456944,279.3201217651367,12.132677419257096,10
339.9197833188332,278.84214210510254,12.17249829611045,10
340.5986526818971,278.56915855407715,12.102052050451455,10
340.3598501964031,278.0427932739258,11.999624672806632,10
340.3954162347043,277.86595726013184,12.006342938001051,10
340.4961481268422,278.38550567626953,12.110882724282018,10
339.46776706544654,278.87282012898345,12.19815861050094,10.026893158781172
338.6587987268394,278.6586053361359,12.445661480342263,10.033138753997727
339.79922319095067,276.6881732940674,12.19433830895557,10
339.2684208242791,276.13069343566895,12.328284961244101,10
339.9734124562909,276.9351444244385,12.223141785111169,10
339.571325484493,276.1291160583496,12.148924462837714,10
339.4455085432919,276.46184730529785,12.09960161916568,10
339.9277213216114,276.99742889404297,12.13579022878655,10
339.1363512314414,276.8182849884033,12.349992506294475,10
336.5461982360287,280.54210662841797,13.284746434131556,10
335.63316139756296,280.7546615600586,13.775100048807186,10
335.5399815975012,280.8218078613281,14.316684258305735,10
334.87131162177434,279.8811511993408,14.554277505657865,10
335.2765163963065,280.52845764160156,14.97044190068535,10
335.93870933908846,279.956148147583,14.870299179183952,10
335.259176255496,280.6655445098877,14.937586781915632,10
334.9164935461821,280.05681800842285,15.043743826520082,10
335.7485182365702,280.07374382019043,14.882578356876747,10
334.9216329675255,278.38897705078125,15.085409716499312,10
337.1901980092212,276.0685175631963,14.641518463674327,10.264698272044916
336.2972345151064,276.77858854668744,14.482731859374596,10.22179171766022
336.6331707575194,276.8710340851516,14.450732879187294,10.415509344345184
337.7084319772123,273.71836768472326,14.166711294293691,10.37663056683279
337.7446719222862,273.31550216674805,13.781719960054064,10
338.1687135583485,272.5259132385254,13.459343932802494,10
337.5247908082882,271.90258979797363,13.155690104309924,10
337.6119938495091,271.8368511199951,13.01076018763955,10
337.7774734190836,271.5091800689697,12.800444664213174,10
338.0880433087754,270.9279022216797,12.654402541079552,10
338.4639408845752,271.6836853027344,12.524231382399911,10
337.67743790359174,272.10560607910156,12.761898751837492,10
337.00853386853794,271.21892738342285,12.748129063156078,10
337.45322398268144,270.95104026794434,12.68593160464448,10
337.4764065955994,270.91531562805176,12.635969119287015,10
337.01523709344065,270.93849754333496,12.809097765938589,10
337.3853286881621,270.8856773376465,12.71646706673006,10
337.89646169427647,269.54565048217773,12.363668980526601,10
337.32321668500026,268.91100883483887,12.2808270288642,10
337.71956358761196,268.2452907562256,12.214909346687714,10
337.2308551414203,267.698429107666,12.012573889217439,10
337.7149968882734,267.8570022583008,11.970586629642206,10
337.5125535951908,268.42659759521484,11.976295664537783,10
337.9703888608057,269.09007263183594,11.796991405280696,10
337.6257241800787,270.7726364135742,11.98517635755504,10
337.74066600939165,272.53372383117676,11.980653569290435,10
337.3717530013917,274.46729850769043,11.870994996667253,10
337.15651965064444,277.8685302734375,11.86019277726338,10
337.13742682909276,282.5334072113037,11.711710024370596,10
337.7464474014724,286.8951072692871,11.825154627902382,10
338.30684692891407,292.06071281433105,11.674158429464379,10
337.3710210088602,295.88072204589844,11.72457842753097,10
337.64468361473126,302.17214012145996,11.720672100066249,10
337.42226783785986,306.77265548706055,11.75005641870163,10
337.82558746269075,311.80761528015137,11.579361535494964,10
338.0513333025752,318.0501766204834,11.578751813733891,10
338.3648938875637,321.5465335845947,11.49820809737019,10
338.012634328272,325.088098526001,11.507727521129361,10
337.97323712496785,328.91378593444824,11.501328293704427,10
337.69880543720444,331.87407302856445,11.501203326946142,10
337.82931794978765,333.8026351928711,11.640359118430101,10
338.33443659137,336.5382995605469,11.580542214904082,10
337.5834024320587,338.230224609375,11.757159636309943,10
337.88761762106947,339.4289721628138,11.789892130602775,10.019619150934886
338.2610285530233,340.3604507446289,11.796251724214637,10
337.77386769032796,339.6529960632324,11.801071954244037,10
338.0240078511194,340.4097385406494,11.917673956879874,10
337.9814193969054,339.96104431152344,12.03025183576692,10
337.156980483183,339.7704677581787,11.998507562381466,10
337.0730631673657,340.3802013397217,11.91235202067623,10
336.9081018207029,339.70396995544434,11.899424982556626,10
337.82407448651054,340.2194137573242,11.654626409974487,10
337.99739332251124,339.93861961364746,11.616921996029781,10
338.23243433263997,341.0882968902588,11.609986185489118,10
337.4085451683319,340.4371967315674,11.593545611517373,10
337.5266115637852,339.7445640563965,11.67644739702678,10
337.84635068275213,340.4198112487793,11.79298875137804,10
337.64315423294624,339.8776435852051,11.976244749134374,10
338.07559661683814,340.6362552642822,12.049107936672838,10
337.38659118852536,339.9118824005127,12.179007068444843,10
337.92597385741504,340.7475051879883,12.213004181837377,10
337.52871229734956,339.6975517272949,12.001015613735904,10
337.70757507139973,340.33358573913574,11.990343593467683,10
337.39497566020225,339.48766121101454,12.14322185922195,10.104473415373286
337.8915705014325,338.2511437014256,12.133628978519285,10.138669475810929
335.68430643524954,341.7281856536865,12.950165167525773,10
333.817440843448,341.27795028686523,13.396970081597647,10
334.4662672539223,339.2654113769531,13.604764648344354,10
335.3761750011012,337.0554428100586,13.296522945490427,10
335.58123921673274,335.0375328063965,13.269039167547659,10
334.60277154460175,334.1949043273926,13.650172662444469,10
333.83506236307494,333.571683883667,13.711561484482452,10
334.6820658951561,331.53636932373047,13.668193000642436,10
335.36029148995743,329.73225021362305,13.566319447758453,10
333.9826452907287,329.4552249908447,14.031374419458059,10
334.3827578816441,328.65413093566895,14.18923334407261,10
335.79065654563306,323.1079819580702,13.902015728008756,10.15115110461154
335.35824328580105,322.47134873113004,13.511566521354471,10.1609936388141
335.447555562192,321.71761515421065,13.236014325750293,10.429561561695934
336.0351161615283,321.0052453863499,12.898760863894037,10.235206248784605
336.7574047555026,320.5435881016901,12.502725698650597,10.10220825706907
336.16743467624957,319.7733325958252,12.168662103494505,10
336.7706468826563,319.51805967864107,12.117675160163413,10.055540188616305
335.9458252896127,318.9797943773438,12.309718706358076,10.116251241650323
336.63535047369925,318.4479007720947,12.041782840138163,10
336.2453678560388,318.03437995910645,11.73029452321288,10
335.9977523762978,317.1377239227295,11.638996704618744,10
337.52306629153173,316.5951156616211,11.481133919316887,10
338.0873898302115,315.9662837982178,11.577595942299121,10
340.0074881041187,316.5831928253174,11.973574931594126,10
343.91346808947924,314.3415985107422,11.721761292660133,10
347.3812376533583,314.8296852796959,12.29124612120081,10.02114854461206
352.82511173114386,313.44898223876953,12.370401652153234,10
359.90135442853654,312.5099697113037,12.250669248090523,10
365.0540694080626,314.6764221191406,13.37594531320826,10
374.64084998070456,310.83824729919434,13.020209485307165,10
382.2516385866241,309.8434944152832,13.174582133087284,10
388.7023168153502,311.32554626464844,13.948030363135135,10
396.2500960104959,311.8947448730469,14.386190081974489,10
405.0350300125008,311.2058353424072,14.884032954429578,10
413.8161666803823,310.31089210510254,15.020947851088417,10
422.35251541954926,309.5532627105713,15.412384589063112,10
433.158740948465,305.7539749145508,15.331275083965979,10
442.3757697141984,305.2641117585918,15.330200950936767,10.009244439359396
452.82871391974703,304.01817321777344,15.205509134077758,10
463.81460598387247,302.9067916870117,15.178701812467503,10
473.95528107894455,303.53820760188125,15.55593621704988,10.085846759128163
483.32000512841137,303.6859951019287,15.837192158643607,10
494.1693517202094,301.2104072570801,15.477259351024077,10
503.32590157539147,303.52076530456543,15.556196078648227,10
511.59772613813493,302.45801734924316,15.694805559118354,10
519.6406118440198,301.3548755645752,15.878916349497018,10
527.5781134056285,298.746488571167,15.598189654502312,10
534.4950771189151,297.5340156555176,14.980944662011131,10
540.3604655936941,296.9470462799072,14.635967120412097,10
546.1204302492998,297.24757957458496,14.683229886837411,10
551.7158949617846,299.7602024078369,14.967237900832718,10
560.4364821745748,298.26658058166504,15.329377684236421,10
556.0983215457177,298.8827002250133,15.020026944880598,10.003859956467522
558.587637509134,296.95826007955924,14.88569814915155,10.166518170959677
558.2724410247347,295.51244665426105,14.81693340310631,10.32400271808917
555.8629255802729,293.2691979050046,14.649418729285738,10.039343905566973
558.2173318450502,293.05596852578947,14.785046659936096,10.007321829036304
558.4970094181532,289.7819491548245,14.602488236142268,10.05764175993109
556.7570804552311,287.95104777744535,14.098596772338235,10.49162316459175
559.1471252246216,292.0424903948197,13.969492951330398,10.389525588534415
567.9869471412848,292.54776230665914,14.075524166832434,10.393450911584116
575.3664290928057,291.6317136290781,14.239495749630318,10.439560412742209
581.0453705432267,290.82734081573494,14.173486780673096,10.514843515014512
583.5177885989757,290.7617592796732,14.181790927964022,10.6247968703411
585.6732181798067,289.9373094003205,14.28240408685875,10.552898136614889
585.9257502240118,290.3263506463459,14.494789186680908,10.61943539554063
586.9930252077432,290.0552731883923,14.513849448710388,10.805968973557238
587.070703684166,291.9262681362956,14.537314059585459,10.989691663199787
589.3697970217777,290.5186093275378,14.003672062096436,11.23314801362562
590.1347891471701,290.5632336645583,13.529290838655523,11.42734660520952
589.8916401144376,292.82325777577057,13.316949988104907,11.631125744845576
590.0230125837148,291.0259944736934,13.149507631337347,11.809095036988204
589.411708641989,290.2048276905488,13.115638158832073,11.841763686285152
590.1322872261925,287.7959498188179,12.981640414253185,11.75799202496188
589.8565709823168,287.6611317438119,12.856337977688005,11.690046540452386
589.0055614886065,287.8422060090176,12.804706299825552,11.645864471222534
589.4571026392875,287.3010809418044,12.740926061451686,11.671405316098188
588.8342844390324,287.64258151110204,12.678834648241368,11.752819918469797
589.5288102079556,287.6535305379599,12.503612150922155,11.849486470466882
589.0834074368096,286.70726670498016,12.355854918556188,11.827459540479165
591.4849128222847,297.9533138010218,11.714488129539422,11.26734166675519
590.9838413859948,298.4385404050379,11.416723317793183,10.95697985886949
590.618599166625,298.8880622366472,11.045935173524786,10.727663521090381
590.2921836652304,299.6027939654866,10.21991104325743,10.086789540950576
590.8200392723083,298.6698374919218,10,10.044194187299054
590.0078997612,298.42127418518066,10,10
588.9808993339539,297.8496780395508,10,10
588.434787273407,297.3141141703346,10,10.050814475492842
587.0277876853943,297.02549548017913,10,10.115448096038207
586.2178626060486,297.39731880914474,10,10.147192063106983
585.4082446098328,297.51450045690933,10,10.230310762206681
584.7673182487488,296.2484268100743,10,10.167578905486161
583.6042932774191,297.3663050125011,10.061767716096915,10.147646627829864
583.1165959226638,296.8372561435076,10.129603984445351,10.161303142672335
583.6310944668893,296.43054001750767,10.279157616209131,10.17736066933038
582.2272346485121,297.36232572508186,10.440717127231283,10.170009499543287
582.005808884544,298.61413995776053,10.538487325821796,10.172614249518041
585.6019355096435,298.9102291114525,10.478611700134413,10.39925308080592
585.2058673094658,297.0287553573315,10.06666179677882,10.373450894223751
584.2800688743591,295.3773880004883,10,10
584.5415192009439,296.6451168060303,10.444922375395004,10
586.83077054933,297.3718013763428,10.432875519687006,10
585.7989933713361,300.3419246673584,10.418175175968017,10
584.1192207303666,301.15093421936035,10.394236571188157,10
582.1665838189409,300.5461711883545,10.274333392086353,10
580.0389979131669,300.078031539917,10.363901565939067,10
574.2247082922255,305.15885734558105,10.486587100546513,10
572.3717364512205,305.57547187805176,10.585189016199218,10
573.3443808587929,305.20042419433594,11.002220147343518,10
568.964537318845,305.95498847961426,11.03604281683885,10
568.3770576046277,305.2206783294678,11.09018315347662,10
568.7834501153703,300.86552132610916,11.348065398836887,10.070268840701647
570.2732188103902,298.7942714691162,11.377629876473087,10
570.0746661913578,295.1674461364746,11.260090491735175,10
569.3578807976021,294.6144733428955,11.296631402537514,10
567.2216158712872,298.1476130675679,11.307995636270828,10.000729522823258
568.5985125577547,299.96133855479246,11.256598656157985,10.192953993930681
567.2387896750732,299.96197395023876,11.38111568006586,10.295923620518566
568.1400260810177,299.7632252915059,11.667971634046188,10.53554206225197
568.1242081012743,299.14329548686567,11.875320178981967,10.480311949852604
571.2991499412994,299.6532864156706,11.898471929840037,10.714972578815056
574.9527690645764,297.51342686545075,11.946904612241196,10.882379362360174
572.5845550980055,304.19937812485585,12.202390772922145,10.563264624311737
566.399962201838,306.38491274513825,12.092862575999407,10.17422815962589
571.7179926779112,305.4614906311035,12.162329883130338,10
569.7074565371636,302.5046973331665,12.054213627027886,10.347046831469697
574.8301362187467,300.2203823866951,12.003739517767833,10.44237197587739
571.6987425540224,302.7900556653749,12.119615226122638,10.079373532531502
570.7755560379711,300.78878915044027,12.511787513596389,10.289853339744447
574.165164347361,301.9372550936216,12.580475100138647,10.308343511487205
569.8079353436829,304.39965057373047,13.257266786694405,10
573.004311079898,297.3281864596339,12.800020227594034,10.523722753339598
570.3338693505743,296.8432958174847,12.752777312950393,10.28812455155403
565.4271927456247,297.1684319024644,13.108031157615473,10.15844030273715
566.2042026188345,299.4522304534912,12.908530301576585,10
574.158058603089,298.78282928466797,12.524095615782418,10
583.2275568548607,299.16624450683594,12.287633597102277,10
593.5356566018833,298.96338844299316,12.415635763213515,10
605.3744586517331,298.59278678894043,11.869249620056655,10
611.6709331687817,298.0974521636963,11.934316790793545,10
622.0174093257874,298.0748825073242,11.450486180883694,10
629.3173910836776,297.6560344696045,11.252801565249655,10
632.4001681625911,299.7403736114502,11.91110757587984,10
639.5971296495811,298.94066429138184,11.930026398774826,10
643.0205211568308,299.7282314300537,12.190165533933564,10
645.5107857550362,297.91137313842773,11.775420791868449,10
646.3026869440978,297.32644271850586,11.708193273364502,10
645.8704895622772,298.03632736206055,11.754613946429476,10
645.0770334344638,297.2250633239746,11.842594317290525,10
644.0696750717783,296.5446206197155,11.755687507505463,10.119773653147195
640.7887229726231,297.3776798248291,11.681105652349078,10
638.9920678512383,296.712854385376,11.455758973732003,10
635.5640568671492,297.2974510192871,11.679391873306432,10
632.1906762767497,296.6071135519639,12.130746712552863,10.083742714187428
631.3530537046153,295.97719568654907,11.8546292469585,10.063541518747563
629.1425592120839,296.59655632674924,11.8705546028707,10.114931780095219
626.7939062439899,296.5726509094238,12.02283566723252,10
624.5599599310723,295.8258457183838,12.354883108741625,10
622.4451782623352,295.3007414771039,12.269047276294078,10.047133836563763
620.4162602739991,295.6895616979949,12.319761213171134,10.246853166510215
618.9009711524617,295.177810222007,12.081040902779199,10.219857156083702
